920 879 642 372 482 19 224 987 178 21 145 865 33 426 409 946 740 590 840 445 998 482 604 112 744 740 196 872 315 967 258 237 468 601 778 806 502 215 739 312 915 285 520 666 766 446 201 585 74 858 799 841 706 909 395 512 473 895 9 604 770 710 968 283 319 507 713 412 277 996 115 64 234 146 251 320 477 98 820 553 551 907 55 24 576 504 376 80 412 967 856 195 252 98 44 740 856 674 880 567 
646 919 584 765 12 842 477 532 364 492 678 903 950 729 584 257 546 790 507 882 344 557 456 869 473 703 263 775 96 695 78 646 440 515 307 579 955 192 795 697 136 93 453 934 122 359 827 871 587 22 376 537 863 821 452 903 806 599 163 420 529 788 712 831 594 535 409 873 858 583 385 380 448 240 134 548 555 311 814 732 628 614 632 914 282 314 481 729 296 746 357 812 891 82 504 696 556 638 29 197 
619 65 137 576 120 560 388 734 600 782 445 432 926 964 461 212 894 847 684 818 211 782 895 680 414 65 382 203 524 141 686 745 124 194 146 698 773 549 627 878 216 729 891 702 354 806 427 942 236 1000 672 391 8 145 823 162 472 618 820 722 33 605 178 237 309 554 166 450 922 626 597 483 485 782 387 174 593 503 622 741 629 662 469 346 341 876 522 47 452 566 184 864 464 315 46 465 287 910 494 293 
492 736 791 360 549 532 896 75 725 459 154 905 141 583 346 885 184 610 89 58 606 711 763 339 171 132 626 473 432 784 159 0 566 722 355 456 401 159 450 242 233 667 467 538 286 571 378 249 861 178 813 851 367 446 596 293 845 75 559 522 167 606 360 22 903 580 570 864 587 212 848 317 904 674 524 522 796 898 195 789 169 550 256 886 695 583 904 496 388 603 749 103 771 400 25 903 60 627 625 841 
870 968 923 245 546 64 774 666 643 325 421 947 853 563 16 902 530 215 649 892 594 38 772 644 207 191 571 751 346 300 191 979 600 239 492 617 237 160 314 173 145 127 552 238 600 695 503 470 960 650 821 960 930 558 644 952 48 720 944 911 991 98 560 644 259 34 312 761 333 902 146 874 108 496 491 712 903 277 752 281 304 215 334 258 728 960 380 248 27 510 868 861 409 224 249 868 579 546 822 485 
418 297 526 424 861 88 829 217 390 58 716 356 632 823 635 199 733 119 349 338 229 519 231 555 630 27 760 503 957 359 390 105 177 210 751 898 38 205 144 560 502 476 528 736 98 117 245 892 743 386 869 360 825 350 329 637 232 226 82 770 788 692 466 141 385 899 931 150 452 81 672 4 35 371 120 423 639 870 292 116 712 97 334 736 393 708 406 131 398 794 683 961 967 70 742 757 339 407 274 260 
153 753 582 42 755 35 195 719 746 919 17 939 956 76 723 821 84 939 127 453 984 989 49 741 783 292 269 232 859 690 606 88 345 764 158 720 777 41 232 301 55 241 459 455 279 479 125 831 924 992 257 362 199 87 884 898 168 540 398 486 723 863 755 944 173 273 87 406 629 174 460 691 463 856 179 378 126 310 254 290 977 581 218 892 824 271 419 365 251 616 43 139 143 216 479 950 194 476 254 407 
118 521 567 943 52 101 980 691 976 130 914 63 955 178 794 131 955 612 236 125 682 725 431 742 759 571 607 0 540 546 33 473 821 246 33 26 696 205 276 218 893 958 349 95 377 336 643 860 864 344 658 513 358 620 224 506 412 638 482 221 46 987 150 205 621 469 281 324 781 514 348 532 736 999 971 396 650 168 107 410 875 600 841 515 654 558 560 426 939 892 825 196 200 585 964 980 271 219 959 688 
425 275 867 135 122 736 820 410 599 190 566 374 510 109 198 544 80 857 55 635 869 884 715 942 682 332 492 746 816 717 858 51 938 34 100 92 819 814 125 344 823 466 736 196 647 127 600 653 644 652 518 410 13 588 119 438 727 385 381 77 575 74 120 250 910 137 986 84 151 663 597 133 621 717 957 395 622 666 757 530 254 229 902 176 759 430 614 32 741 192 396 768 668 286 323 689 358 410 130 87 
160 820 287 614 528 575 291 757 293 951 648 614 968 784 159 71 413 619 20 850 944 200 235 36 567 746 688 931 404 200 576 455 862 910 961 260 867 729 917 409 952 559 665 978 110 920 664 841 309 321 658 898 310 377 809 108 672 80 905 373 416 454 684 348 241 576 731 412 511 531 700 406 612 428 112 899 311 925 864 529 890 871 435 186 414 842 974 24 79 655 305 600 26 186 130 890 671 571 314 98 
860 954 932 28 477 943 945 823 146 61 945 294 268 188 61 785 231 872 432 473 533 866 816 264 628 117 15 440 944 182 704 229 862 926 938 269 59 377 440 668 778 268 663 378 761 509 380 755 401 837 533 78 754 44 419 749 263 369 308 567 436 639 854 430 561 285 95 734 509 478 233 218 251 658 653 653 230 840 757 420 550 427 481 292 449 198 296 255 129 899 920 93 976 849 333 616 732 141 27 340 
64 688 219 464 193 265 268 974 291 454 897 889 819 832 192 401 960 108 923 463 327 722 230 852 172 849 284 14 465 731 515 37 232 253 407 540 187 598 582 999 314 536 371 658 441 435 676 236 56 690 348 322 10 740 670 63 391 969 663 283 478 345 630 184 1000 646 475 40 334 230 460 905 222 26 772 94 15 526 616 299 651 281 447 454 536 407 26 953 448 126 28 406 100 38 346 725 709 968 409 770 
614 985 438 982 940 32 616 111 302 292 372 909 148 988 314 419 707 35 465 714 977 960 218 681 760 389 440 185 573 981 575 515 203 644 738 184 699 991 790 395 396 143 966 395 865 721 53 827 966 317 906 109 238 695 560 434 131 997 187 928 523 439 367 760 444 374 221 107 616 210 927 801 974 816 575 60 769 505 334 870 254 15 825 435 679 221 771 948 647 324 539 707 88 797 78 972 193 969 443 142 
616 283 361 491 497 605 302 53 501 741 481 674 682 866 425 724 987 522 88 640 13 364 707 811 54 961 800 948 645 374 901 554 508 222 343 876 896 259 956 932 664 991 503 480 680 910 483 613 309 419 674 290 382 495 897 535 315 303 427 869 919 937 641 840 388 439 737 135 904 76 737 889 32 269 456 798 267 540 844 545 618 217 897 105 190 488 711 361 78 642 979 705 167 646 821 148 942 91 547 144 
588 576 51 306 932 784 470 800 369 643 303 464 244 434 884 367 277 961 319 876 799 197 222 727 463 145 682 582 845 634 388 735 320 923 5 93 66 415 283 174 645 766 571 112 507 930 385 489 511 964 254 431 592 642 891 152 185 710 945 847 149 468 91 501 790 723 851 522 775 285 24 933 281 75 757 782 322 476 307 73 520 309 479 67 717 990 213 690 420 914 729 177 105 343 669 597 51 819 766 762 
326 78 24 917 901 670 319 979 544 710 72 908 452 450 670 964 709 415 77 770 798 649 390 254 668 118 262 5 888 112 39 998 912 660 264 361 31 329 783 285 14 265 583 144 876 33 768 17 462 705 360 943 624 985 174 926 484 95 567 866 386 7 564 844 123 237 612 62 776 138 966 470 947 439 748 816 498 966 370 573 144 640 125 156 915 575 794 732 623 213 717 303 950 592 169 326 883 965 83 111 
595 973 821 865 908 872 155 760 358 906 48 754 284 336 648 256 980 382 1000 443 899 165 683 547 136 727 131 127 42 980 665 461 757 775 489 542 861 670 627 490 153 345 272 131 336 105 687 246 21 728 810 428 841 604 25 957 565 133 765 397 194 491 141 195 697 141 800 870 415 0 397 736 817 192 808 25 4 642 959 166 411 822 434 361 138 594 777 938 522 378 935 937 858 852 870 604 126 160 632 217 
155 919 395 78 384 396 429 367 523 941 719 659 277 347 536 468 379 762 754 58 367 224 619 418 960 553 358 93 402 436 874 703 24 876 642 430 197 406 301 476 291 933 776 503 431 821 359 273 133 737 127 529 914 3 921 287 3 485 787 127 319 287 519 3 470 831 837 786 432 973 845 79 211 173 284 695 790 541 253 505 649 515 600 509 618 681 912 184 855 688 769 213 507 871 345 791 169 708 959 516 
991 887 406 107 561 639 512 210 44 740 289 587 171 80 26 316 188 974 617 286 969 559 669 714 37 313 773 98 463 100 313 401 87 550 129 766 228 310 131 55 633 255 100 326 984 47 611 546 127 453 675 671 223 891 477 525 229 91 834 628 505 727 328 868 793 966 127 967 907 579 251 134 715 932 125 473 870 780 580 586 727 984 841 378 889 765 413 278 814 410 310 590 189 130 674 235 154 614 819 857 
373 763 235 742 401 968 282 432 421 198 381 932 108 787 31 584 783 661 877 701 176 255 88 467 295 287 914 372 318 397 696 273 977 441 410 959 14 833 597 687 531 284 862 497 676 56 137 4 123 796 874 265 176 397 778 702 725 738 823 302 546 128 655 857 569 966 953 482 991 493 759 859 54 131 708 334 34 462 476 568 308 195 923 413 950 953 167 319 734 462 582 880 952 192 95 906 628 302 435 658 
958 446 504 534 773 708 745 94 75 447 644 937 597 168 578 736 36 76 541 136 644 720 217 578 935 185 887 306 188 965 152 89 422 899 166 964 760 503 394 35 258 269 0 858 839 34 684 943 18 551 350 679 761 171 483 704 632 271 107 751 105 401 76 527 355 798 867 207 435 151 817 716 11 260 309 119 375 99 65 787 48 660 300 220 459 670 531 868 384 975 605 775 731 935 716 20 243 629 667 879 
215 36 215 313 802 910 196 178 413 770 525 117 177 449 328 476 316 569 161 647 70 912 705 654 741 928 925 627 944 924 157 831 994 191 227 947 764 207 604 657 529 625 289 193 679 372 582 629 225 927 146 97 860 198 180 354 302 576 439 903 803 70 762 697 755 911 172 614 203 978 1000 687 400 12 207 420 148 549 947 298 162 842 542 795 343 82 66 185 581 680 416 517 438 608 533 290 358 47 156 613 
186 521 733 704 759 311 500 150 834 986 151 451 965 242 348 497 862 877 760 357 562 938 620 905 812 25 45 395 985 966 504 861 17 506 489 160 626 587 55 397 350 448 717 557 525 71 170 956 908 43 682 712 973 616 423 11 969 648 469 869 444 955 425 123 197 734 97 461 278 757 923 662 586 597 894 1 720 614 603 348 196 899 496 503 258 803 983 222 623 158 366 933 879 986 314 736 320 202 359 2 
246 489 544 298 767 459 657 449 995 245 210 697 630 546 596 441 903 724 34 612 466 800 338 263 462 67 23 367 859 84 429 68 755 406 445 876 793 404 164 937 162 553 478 189 248 313 554 76 483 800 178 41 50 250 71 553 493 510 700 647 423 500 945 527 297 740 285 127 276 364 384 68 950 666 992 806 619 63 614 868 549 338 509 410 999 336 958 995 588 248 797 846 902 354 953 436 160 638 996 58 
663 766 166 263 214 162 58 180 102 58 677 372 600 971 577 759 485 469 172 604 452 670 419 331 915 538 648 122 752 819 1 899 989 368 887 284 177 26 826 106 675 989 573 615 888 523 917 634 355 916 160 131 456 139 704 40 930 875 402 663 873 381 102 194 915 12 969 644 303 518 926 831 622 839 710 198 224 613 288 738 690 868 464 602 625 192 873 273 789 351 754 134 884 919 780 1000 151 997 99 401 
17 882 287 363 615 214 498 744 876 699 890 179 397 638 996 243 677 850 841 844 929 766 113 887 550 345 546 799 21 984 637 630 204 164 44 447 306 507 905 102 751 29 104 678 31 1 8 544 687 399 923 26 631 31 440 359 338 715 843 243 887 925 729 741 310 146 260 495 261 869 634 749 111 944 362 949 258 921 659 911 763 97 278 650 951 745 506 754 41 790 883 985 450 850 165 167 985 642 97 577 
982 0 983 623 369 961 544 472 316 610 552 376 767 423 854 74 96 441 839 215 70 201 599 666 377 706 274 247 694 347 292 318 246 158 611 7 518 583 261 836 592 824 82 221 664 973 321 985 643 528 778 426 535 659 579 99 803 296 498 627 226 130 126 371 346 289 628 75 261 183 96 268 540 809 700 265 4 894 617 405 775 927 865 962 579 396 178 3 0 922 269 880 231 967 65 690 966 691 220 370 
877 90 299 16 448 400 625 72 308 327 827 162 363 408 270 609 691 981 277 498 694 518 206 321 273 502 366 845 893 685 155 942 631 379 40 242 254 374 839 214 592 659 971 185 479 699 223 395 12 517 9 775 278 123 933 770 660 160 176 632 924 490 316 76 75 567 739 418 946 192 628 403 952 474 492 988 693 264 16 237 828 692 901 9 994 17 855 103 507 531 44 200 828 191 95 834 763 799 686 816 
545 373 115 660 331 638 193 29 903 845 597 474 662 866 628 228 185 496 778 233 298 531 880 864 605 112 401 70 105 166 807 261 803 893 424 504 52 484 893 686 281 123 958 825 138 338 967 482 888 104 972 74 929 174 621 41 62 731 635 352 842 291 735 851 97 919 609 230 394 155 227 572 426 735 295 844 454 627 112 86 361 771 509 163 731 547 581 267 137 5 817 494 692 564 126 809 696 463 850 206 
18 17 493 63 437 703 812 566 883 742 441 768 793 281 591 310 11 414 641 140 899 307 707 618 777 653 939 101 813 543 26 967 104 262 969 595 257 667 942 932 16 286 231 452 631 638 67 374 432 83 368 139 289 251 191 499 88 776 667 140 102 411 515 164 647 149 224 292 736 536 318 252 672 808 1 131 470 100 27 837 52 245 659 869 219 536 541 764 415 925 928 476 512 391 971 975 127 569 455 654 
421 922 794 534 536 724 473 880 303 745 705 220 949 453 468 623 618 579 795 877 777 479 102 767 173 565 572 668 997 509 774 169 308 835 296 355 207 29 289 634 91 519 387 444 373 686 92 875 10 718 57 347 131 396 961 433 476 584 418 142 822 97 816 153 229 606 663 170 931 247 975 3 489 677 36 821 715 775 798 259 594 669 763 701 932 631 924 665 859 697 61 832 993 747 147 736 778 384 17 787 
130 58 961 139 646 842 219 601 48 829 622 902 693 784 526 669 771 340 710 236 607 293 512 148 615 956 138 492 536 469 645 733 258 913 746 183 922 941 959 439 21 900 919 388 431 355 431 657 185 839 579 33 807 102 229 698 307 75 493 505 721 743 165 862 670 843 856 810 388 169 871 858 538 636 770 640 489 987 491 684 355 601 245 835 918 336 223 334 431 340 985 423 374 708 575 286 893 803 875 291 
802 815 300 462 656 824 304 772 978 821 784 100 195 225 992 736 432 704 591 660 500 434 468 865 425 596 53 299 775 58 515 132 489 719 536 623 210 813 214 812 277 578 274 372 106 809 223 656 761 456 943 171 820 717 487 25 979 706 528 655 649 223 462 745 149 385 342 678 796 689 654 679 79 595 332 533 832 265 626 269 208 356 542 506 546 825 325 719 397 125 303 556 8 132 935 402 510 141 596 990 
680 990 824 497 835 111 14 760 857 87 888 845 178 660 378 945 973 23 757 740 772 393 660 314 122 524 903 902 528 21 295 748 134 108 799 899 591 379 371 792 302 328 632 248 219 52 709 873 874 722 165 264 604 298 222 233 616 253 810 285 381 561 422 996 91 505 168 779 804 505 804 930 643 129 913 825 196 151 964 864 484 641 709 237 305 318 479 828 197 434 78 369 931 64 779 807 730 968 196 331 
212 683 154 688 923 154 346 659 935 780 461 728 416 135 413 207 107 214 537 696 253 465 449 384 93 536 705 894 473 408 94 528 673 524 878 781 926 324 588 974 450 562 973 694 297 883 440 394 408 347 862 744 987 329 139 244 356 203 547 466 301 25 391 629 653 60 498 895 223 695 147 783 20 44 375 902 692 727 663 947 72 657 397 88 453 834 549 724 106 8 314 859 72 181 110 260 540 977 897 101 
536 798 548 400 315 942 254 906 860 215 290 309 54 0 595 990 506 456 875 299 961 452 243 623 699 242 260 129 607 675 984 481 663 532 771 647 804 696 288 856 347 232 68 339 623 792 631 811 813 296 279 536 132 944 531 916 721 105 104 774 269 398 759 697 224 824 528 959 33 984 67 430 987 16 619 32 533 844 901 257 169 939 807 294 256 709 847 688 443 430 859 650 357 394 861 143 583 283 392 889 
102 275 509 923 653 49 608 805 346 917 430 559 363 541 621 272 968 918 931 697 720 883 108 256 875 160 731 180 481 894 611 604 462 489 196 762 177 660 399 711 113 289 38 573 341 916 684 265 184 658 355 200 248 422 622 302 108 476 1000 645 238 997 297 825 107 134 572 222 406 568 491 472 887 500 572 430 421 733 568 500 468 175 417 477 876 314 731 436 24 274 317 598 930 516 554 501 809 922 509 958 
386 352 644 921 995 164 482 302 147 904 757 744 788 44 567 171 810 277 4 784 61 524 157 757 926 628 947 229 869 708 658 530 923 631 477 355 692 468 824 895 969 761 147 778 807 216 134 253 604 792 198 773 224 204 969 147 975 702 345 70 869 570 599 954 257 152 404 427 896 378 884 570 164 933 908 212 754 759 887 539 371 233 646 989 42 409 846 506 609 673 112 382 993 332 646 335 140 771 90 475 
820 709 24 205 48 577 301 531 925 484 299 151 813 495 791 301 74 758 258 306 405 258 562 717 711 321 426 879 283 95 247 290 695 276 397 799 812 527 10 290 409 563 295 122 833 473 409 428 339 588 290 985 129 189 827 389 895 35 757 496 256 458 505 544 117 798 952 189 423 485 435 378 410 709 853 838 65 905 727 545 210 392 1000 202 422 215 420 157 150 563 20 935 740 645 419 725 879 867 820 208 
75 635 72 496 60 439 151 603 895 214 291 258 280 365 746 13 945 315 328 56 859 86 506 416 124 616 800 871 233 429 514 450 642 653 319 330 553 194 837 15 240 532 139 796 809 995 645 801 504 131 6 963 532 818 535 510 737 617 594 936 568 25 480 650 844 430 851 752 406 622 618 103 663 941 861 7 311 399 517 440 67 740 830 958 209 401 340 540 916 695 210 135 146 910 313 402 39 50 620 61 
731 220 590 837 421 110 661 389 783 847 684 119 775 183 521 147 655 318 332 856 868 268 21 120 925 242 136 327 591 569 482 260 313 57 286 718 411 782 502 70 484 731 522 415 94 863 784 517 783 1000 907 901 283 661 294 49 292 838 706 615 204 979 492 585 39 47 447 466 141 516 412 141 596 533 543 201 931 973 707 467 417 569 783 849 792 332 381 271 536 529 546 364 116 410 3 138 677 575 143 615 
384 737 851 746 722 221 506 604 905 23 136 379 565 333 440 762 318 569 105 668 902 670 500 611 188 739 773 215 855 954 942 911 373 737 501 148 217 569 171 941 489 587 282 966 151 887 138 30 109 416 396 522 456 350 662 847 644 171 144 888 739 357 250 770 852 50 419 896 815 447 473 830 852 147 97 925 743 66 705 331 891 626 190 581 502 938 42 683 965 409 283 705 751 155 238 204 371 568 817 501 
295 754 374 483 492 144 773 15 296 617 900 363 161 329 287 632 141 957 192 613 328 674 269 372 813 46 908 446 817 652 204 84 160 917 205 614 609 106 20 18 851 171 343 605 697 595 242 247 11 477 287 428 201 632 860 691 216 400 870 693 733 304 697 106 476 366 899 968 336 784 14 426 345 668 257 443 959 409 851 231 846 709 264 207 45 725 978 502 104 569 560 796 342 403 908 776 277 855 924 594 
121 633 668 966 331 897 160 728 614 495 444 761 128 429 700 900 957 911 743 91 604 256 198 806 609 989 80 289 322 34 4 112 244 31 288 360 98 376 125 460 822 566 641 983 180 296 491 680 375 421 308 528 648 485 508 950 897 292 118 59 84 436 292 373 714 373 562 364 730 994 1000 451 776 646 969 71 265 58 331 402 490 14 287 251 796 237 431 592 189 881 405 844 210 326 254 319 3 942 12 344 
113 76 164 669 165 725 523 461 324 184 694 627 847 318 993 429 859 41 245 709 657 562 690 953 400 76 493 928 463 691 601 439 297 543 671 851 336 260 664 360 241 251 477 795 232 143 467 842 798 429 231 777 552 259 313 599 606 919 824 297 98 250 339 28 477 931 486 157 596 851 539 637 369 946 193 261 57 561 831 393 538 724 99 626 101 707 693 537 916 617 240 286 321 130 494 448 594 915 504 882 
756 497 182 877 857 642 792 812 339 146 989 767 782 78 387 327 584 227 314 741 943 3 859 907 457 552 832 460 69 678 215 811 949 485 389 114 283 371 881 346 417 192 745 24 488 593 872 272 864 950 640 669 478 238 600 36 606 998 434 111 41 96 771 612 614 674 614 535 754 608 276 734 368 341 84 45 828 619 169 438 572 32 280 408 932 819 799 450 623 884 518 658 659 165 624 738 383 433 179 211 
101 896 380 758 158 881 606 403 191 104 949 797 295 554 585 30 492 514 135 611 724 665 456 703 134 439 435 40 585 138 899 152 671 181 327 566 340 715 147 195 920 630 619 818 424 428 268 48 745 20 409 547 506 586 443 2 527 548 681 23 927 469 600 748 340 462 858 427 28 201 381 613 592 557 465 271 698 533 869 30 53 180 385 670 403 554 988 502 994 222 416 605 849 128 664 908 743 417 429 569 
728 325 960 255 225 782 9 97 129 610 589 789 344 430 484 984 212 906 718 601 285 64 893 808 529 371 11 809 317 391 402 238 140 366 16 802 349 477 736 846 205 175 686 656 74 228 601 336 884 204 761 751 672 915 748 230 403 318 387 280 931 329 925 823 507 967 105 139 157 112 522 739 933 436 371 86 367 523 252 470 499 81 947 490 238 571 701 869 183 580 207 923 785 838 280 725 175 475 456 248 
930 971 595 894 71 340 79 312 677 895 781 764 426 564 387 161 747 693 617 524 358 738 16 593 685 278 339 271 591 459 15 46 315 542 324 507 953 693 772 89 443 897 793 679 613 932 545 931 627 40 660 662 130 332 117 215 500 554 458 585 919 977 857 10 90 836 558 847 560 75 693 207 219 243 604 529 305 465 85 172 983 112 36 927 265 574 531 57 910 862 732 27 167 9 107 771 270 591 782 135 
215 18 743 957 818 522 557 736 804 102 964 529 129 795 315 209 980 180 347 60 275 238 254 228 285 857 425 157 928 850 248 482 147 457 775 62 514 374 397 465 804 614 848 220 419 351 198 704 405 648 347 157 88 326 671 9 312 746 564 545 199 15 800 541 967 940 258 193 968 838 913 943 146 163 825 355 844 920 50 397 368 693 915 53 215 598 930 5 961 116 953 754 118 91 163 773 459 867 780 800 
259 731 715 299 874 914 57 211 955 743 944 925 373 224 171 72 768 443 106 119 457 463 852 218 19 515 536 641 269 834 591 450 137 110 855 879 534 482 414 408 880 980 775 84 696 427 112 981 702 822 578 356 65 95 722 111 782 700 952 622 203 956 468 622 129 370 202 182 898 484 202 418 287 153 368 996 102 763 32 602 998 712 410 11 488 131 125 297 258 111 662 818 152 570 140 824 468 694 462 486 
145 496 121 562 40 691 701 456 917 671 972 159 859 410 523 512 159 753 687 247 813 268 985 540 545 647 189 4 736 48 282 219 457 287 91 186 114 128 563 636 135 701 847 643 718 565 232 781 318 743 264 354 157 804 474 559 759 712 470 537 868 554 493 82 649 972 662 900 76 103 655 465 423 193 606 637 397 253 716 54 9 692 548 374 397 74 363 431 926 241 488 888 496 706 536 998 886 600 349 333 
168 151 436 255 70 63 622 274 891 251 319 667 982 573 842 126 793 200 94 978 185 946 548 110 794 810 512 367 159 25 539 220 283 132 200 867 256 567 114 678 637 769 420 967 181 77 957 460 520 978 862 336 873 694 744 1000 868 233 272 332 507 341 221 38 842 814 751 241 460 533 285 815 200 932 358 739 204 222 477 38 84 954 31 362 499 670 759 918 522 358 450 572 878 498 332 900 837 314 326 18 
638 786 373 215 363 551 971 809 241 803 624 256 388 392 58 335 764 831 126 42 364 557 811 479 307 487 179 663 228 602 849 638 644 970 730 586 230 109 237 548 137 521 405 626 719 483 942 889 415 346 730 102 239 306 116 284 915 548 285 235 844 556 294 252 225 510 484 342 846 514 15 937 572 125 179 868 268 691 184 190 568 17 582 60 905 105 880 192 553 683 833 212 586 632 885 949 131 438 526 976 
677 75 63 859 211 80 808 908 567 324 262 796 295 19 399 115 167 760 559 197 660 850 898 411 832 307 535 266 850 500 918 311 891 99 702 410 419 108 251 866 546 3 643 231 558 130 862 538 776 795 268 143 177 474 720 777 605 376 368 927 454 440 160 349 813 53 975 375 851 897 15 414 935 120 657 533 177 432 682 74 463 507 14 936 559 523 57 764 564 310 539 291 679 297 963 393 25 885 246 290 
107 395 507 590 208 135 560 770 464 444 183 630 561 622 751 872 859 971 459 145 733 458 526 315 295 468 596 590 151 813 508 591 44 348 957 379 460 777 183 864 503 252 250 347 375 864 205 556 899 251 127 786 152 944 518 538 627 205 891 833 203 657 403 232 893 340 275 99 401 389 585 994 416 780 884 446 905 210 193 529 855 531 840 528 194 110 763 872 688 648 791 889 582 62 779 612 110 308 106 473 
460 412 793 395 928 508 863 520 238 984 987 139 614 161 503 986 914 610 442 283 464 914 109 341 199 523 712 899 982 629 579 308 48 142 472 132 408 990 100 794 122 198 982 769 758 269 890 98 598 56 298 719 940 253 30 202 758 582 428 742 271 684 885 847 799 722 556 21 127 670 15 754 448 49 841 516 270 42 835 339 992 647 796 177 804 911 92 544 897 191 547 531 272 58 384 837 368 79 633 464 
461 604 343 842 877 360 658 56 805 835 677 194 855 6 605 301 357 793 369 408 676 851 489 940 622 921 480 147 669 808 41 219 87 398 138 604 271 912 905 420 662 386 953 59 632 579 298 996 11 627 406 704 591 515 446 568 867 619 500 851 417 52 1000 819 352 29 129 524 199 127 187 563 404 369 36 238 514 495 863 231 764 293 35 834 129 901 179 292 249 170 560 167 799 28 787 231 654 250 254 944 
744 743 226 330 762 232 231 60 126 652 221 408 847 840 436 362 209 415 593 310 560 921 169 962 177 658 326 284 215 862 571 117 656 235 484 955 295 762 60 619 69 102 107 715 260 287 37 774 171 49 139 922 652 293 271 552 318 621 546 373 43 1000 399 667 380 430 161 735 438 390 695 233 676 801 329 511 979 418 826 495 18 90 822 276 249 792 988 306 233 383 676 595 580 898 699 710 167 488 349 845 
376 750 831 237 627 291 142 620 988 305 291 62 396 902 0 397 424 7 920 967 261 907 691 925 896 326 328 765 661 821 478 552 428 170 807 992 856 762 224 715 334 849 329 377 348 30 1 376 281 23 752 976 687 539 525 634 659 884 528 705 457 946 990 106 601 977 252 91 951 812 529 241 278 903 777 988 972 580 858 642 978 815 352 978 947 94 774 197 897 288 759 471 852 747 218 76 930 20 274 766 
704 365 677 342 491 572 276 157 622 227 182 474 971 941 840 58 751 450 299 536 753 432 358 173 790 295 734 904 450 830 717 586 210 569 65 52 215 878 51 657 635 147 642 964 377 107 947 984 967 322 222 219 843 459 893 470 212 369 282 557 456 25 247 375 726 702 826 397 903 102 779 642 529 456 915 177 859 659 383 479 242 394 786 710 733 513 604 201 49 756 310 919 276 909 786 846 45 594 256 75 
319 882 90 345 785 525 44 686 275 495 923 493 40 896 823 522 105 605 66 961 864 964 843 220 194 56 899 895 957 336 427 315 503 112 231 576 182 704 763 675 274 140 178 114 592 733 925 655 112 706 873 818 716 744 289 435 560 629 245 890 104 649 375 749 491 217 386 541 381 419 670 76 516 343 135 67 164 593 430 588 483 355 522 102 905 400 709 706 380 723 72 183 312 891 713 605 53 717 60 336 
180 421 862 778 672 241 552 575 383 584 271 641 491 684 605 756 384 121 697 375 441 789 406 96 461 946 725 476 567 325 909 844 189 386 630 474 122 111 648 921 188 594 706 777 0 542 145 867 870 265 816 421 486 594 354 445 444 282 558 241 912 154 21 297 954 159 809 410 557 145 438 183 560 283 379 84 615 618 433 905 139 991 755 110 705 68 117 103 748 628 68 253 824 287 704 380 450 797 545 304 
106 679 866 460 853 696 932 782 144 523 132 980 2 966 505 945 231 127 898 904 139 533 265 204 38 269 946 320 350 176 973 998 253 250 695 98 866 126 739 256 280 458 457 368 445 216 40 39 551 513 404 503 607 56 383 383 127 759 169 233 39 839 547 912 83 955 615 118 907 908 378 523 100 49 117 682 328 371 140 312 366 561 55 573 169 193 887 66 402 905 913 664 82 266 32 860 166 185 260 583 
585 967 565 459 323 11 832 297 484 582 387 630 618 306 115 475 641 707 851 389 225 42 76 592 712 774 377 855 795 417 988 204 841 206 253 218 83 503 437 870 825 346 56 588 667 675 174 76 665 419 7 475 878 352 984 110 537 1000 33 216 79 263 544 566 547 764 325 882 576 496 161 215 101 693 339 871 694 808 307 900 902 620 885 356 874 700 23 415 279 459 646 503 536 947 512 812 709 307 284 314 
646 575 158 99 107 380 982 669 445 176 979 361 927 729 289 494 415 307 578 185 86 592 493 52 757 456 636 390 849 318 347 707 805 959 462 18 495 310 4 985 213 549 921 987 223 946 643 831 257 51 133 878 254 536 980 389 82 560 866 820 690 395 305 464 404 543 192 728 461 111 110 439 775 944 454 745 967 65 122 644 964 233 289 393 611 697 265 53 381 343 374 132 397 875 758 858 183 825 214 703 
577 290 557 388 862 194 638 656 615 406 778 0 576 987 141 181 331 389 221 217 433 414 779 154 666 603 820 673 950 279 276 57 249 845 425 354 770 828 525 455 166 213 798 300 566 469 89 309 580 849 219 362 442 918 651 46 989 940 741 231 169 828 36 38 394 851 247 689 167 370 670 88 721 981 1 62 724 753 758 819 760 658 343 161 930 679 676 139 335 411 742 999 939 81 811 692 335 730 752 486 
348 195 111 235 607 269 563 451 109 587 231 476 139 697 993 751 457 4 191 699 978 389 645 422 533 641 197 397 711 846 212 880 850 63 862 206 659 822 970 91 830 32 257 174 258 6 725 842 880 624 225 85 424 707 14 838 139 313 879 938 366 561 101 125 669 131 916 518 98 640 786 237 490 775 5 912 607 443 264 635 762 901 576 688 165 995 979 619 353 314 415 494 393 529 743 305 99 195 63 998 
772 35 327 440 826 994 293 864 177 24 172 848 563 185 404 574 802 900 748 466 756 291 426 963 745 538 439 258 616 863 745 959 219 655 704 947 51 216 226 336 905 186 718 130 320 357 410 988 814 515 877 606 604 702 948 337 101 777 835 434 327 580 138 775 66 755 605 788 603 80 597 638 628 169 476 41 747 101 996 311 297 177 576 697 25 502 875 394 85 747 451 724 791 240 114 414 361 468 680 288 
109 570 313 291 139 565 976 322 496 423 746 898 837 573 220 87 753 40 397 353 749 904 238 582 561 540 856 642 445 294 15 991 355 291 0 376 736 792 389 371 378 493 553 950 117 859 282 249 496 562 512 244 281 753 797 197 987 662 941 153 532 925 160 47 543 346 288 105 58 868 19 795 619 280 790 485 865 45 126 968 165 779 588 902 483 829 514 815 391 564 895 73 251 402 226 383 99 64 891 366 
776 781 611 72 488 801 74 915 646 810 18 720 992 115 483 414 209 830 153 100 619 675 34 394 545 526 312 11 339 900 106 300 133 400 637 893 732 925 1 523 797 587 234 117 454 14 411 885 757 885 561 371 924 269 113 152 928 223 961 292 459 204 824 783 146 301 335 620 532 816 37 607 725 971 188 609 170 364 566 619 118 5 908 302 340 273 893 704 80 51 822 123 565 382 40 437 33 758 364 245 
960 288 121 716 388 445 982 161 197 9 273 508 195 84 38 162 601 509 770 872 119 307 761 356 174 454 49 115 704 459 737 492 663 309 787 977 817 672 783 818 900 47 566 194 26 902 406 806 194 148 708 245 384 238 44 299 109 17 844 485 835 532 220 6 305 891 812 397 824 667 709 155 117 102 361 881 250 269 976 265 252 213 605 398 945 244 787 86 132 589 150 587 279 531 888 62 999 392 938 208 
792 908 872 698 710 586 15 449 669 187 589 560 782 49 219 259 140 707 559 21 147 608 990 994 999 176 418 287 466 459 145 911 468 412 656 809 27 552 575 293 83 259 811 335 238 863 487 506 893 772 201 76 629 304 579 96 888 863 603 752 834 107 168 389 399 804 437 719 357 803 360 824 555 878 54 345 543 897 547 278 734 704 196 705 563 490 227 99 773 779 612 7 542 443 967 192 996 490 294 640 
611 964 308 463 755 935 685 224 380 646 745 156 179 754 636 4 689 423 34 169 40 321 565 446 767 723 34 838 231 414 820 974 51 421 184 327 594 1 423 900 571 267 740 873 751 91 724 936 565 402 143 412 711 704 997 949 383 221 65 316 463 788 9 639 421 110 115 826 955 337 674 304 30 479 414 166 717 492 353 651 385 531 299 970 825 915 944 384 284 341 776 916 791 937 363 936 94 910 120 220 
320 393 326 79 617 45 65 630 145 444 857 535 796 354 343 697 312 617 494 385 330 224 265 335 37 578 997 608 238 487 618 728 999 73 750 216 439 510 562 972 897 905 854 639 894 639 114 888 964 248 294 882 540 75 697 885 445 13 747 50 635 169 854 956 989 188 247 313 457 592 825 907 364 322 900 521 483 448 230 826 428 355 470 958 195 776 305 78 769 149 53 374 849 70 126 969 675 384 248 303 
21 314 19 881 694 379 251 611 83 364 280 493 38 870 63 549 655 28 873 804 711 707 560 880 280 91 757 688 363 170 441 338 466 76 550 374 68 994 792 928 949 134 680 777 890 47 942 963 604 217 853 584 299 925 717 822 547 191 808 916 900 710 671 497 0 807 48 672 518 306 369 293 246 984 54 825 644 640 863 197 586 913 642 110 975 827 790 881 710 356 317 592 531 330 199 361 843 58 58 61 
992 364 838 418 329 277 24 157 774 980 849 328 402 570 322 309 241 993 751 229 240 760 349 901 726 877 167 19 355 593 558 203 110 547 641 234 242 31 726 29 629 98 369 774 749 824 495 110 772 997 406 524 641 311 534 825 135 26 208 960 42 959 957 468 818 303 391 291 384 496 297 744 632 988 550 64 760 396 340 36 334 971 365 275 820 527 586 403 342 868 709 845 241 894 220 630 1 425 563 768 
713 396 388 370 559 531 488 504 494 234 805 488 687 597 91 606 130 527 341 487 800 12 830 649 333 732 478 548 947 40 731 448 641 622 761 441 250 475 556 769 705 318 94 980 416 723 248 881 569 284 786 954 663 433 348 787 396 592 519 927 514 804 293 50 858 244 862 82 37 115 41 85 331 903 230 965 889 843 268 992 721 416 251 332 144 207 844 417 459 837 626 329 728 155 643 138 683 858 303 931 
448 377 855 774 83 208 150 638 539 340 172 172 889 85 822 240 413 856 736 239 332 947 520 695 446 366 164 207 239 559 369 280 105 176 835 516 463 176 175 77 50 875 410 688 577 712 48 732 69 732 980 317 474 36 919 913 29 129 92 842 21 819 329 313 19 798 843 797 42 339 133 865 974 521 578 637 136 158 547 709 281 480 656 319 253 534 23 79 994 647 473 430 242 740 944 75 79 994 595 977 
134 830 472 878 937 436 300 112 307 353 992 25 251 956 211 629 268 877 691 644 367 615 771 254 73 891 138 159 571 419 665 594 505 879 516 815 351 100 399 37 439 541 347 740 210 329 182 166 685 950 741 440 182 642 155 358 937 387 994 316 855 503 997 831 82 356 697 522 503 729 143 876 997 179 832 245 914 837 742 1000 731 729 778 16 327 325 824 728 264 873 829 647 261 545 842 744 437 894 525 581 
70 129 759 837 152 206 204 165 319 817 732 128 605 795 193 455 645 832 633 683 725 299 59 530 900 519 69 696 542 60 863 172 928 712 974 482 216 29 447 791 828 122 516 737 665 0 49 546 855 982 889 507 179 726 331 954 967 971 194 93 632 486 952 566 674 102 965 348 432 420 594 750 377 886 565 763 450 864 388 736 735 958 668 553 347 504 81 445 569 0 159 16 186 764 147 526 78 183 119 261 
822 343 605 523 482 709 804 952 75 244 982 32 192 625 3 902 303 206 68 224 830 685 406 70 78 818 454 624 219 435 664 194 116 472 287 896 235 250 666 284 509 970 475 802 867 77 449 428 139 555 978 827 356 92 113 877 282 646 644 118 464 468 373 921 354 632 701 765 829 697 872 326 363 379 952 144 229 392 813 542 151 909 856 234 673 350 485 945 54 92 767 111 459 550 521 234 555 242 485 305 
537 273 687 824 827 545 343 836 428 70 343 940 454 499 394 257 103 753 81 601 104 898 37 974 601 38 968 808 402 289 68 293 755 618 879 71 508 795 219 383 651 529 209 189 259 788 408 983 480 717 827 953 42 652 821 106 365 524 923 328 883 310 430 169 428 624 365 7 791 799 866 775 596 972 466 130 934 977 832 983 839 526 358 582 742 376 698 349 844 219 465 263 987 510 636 603 481 468 51 736 
136 191 381 701 448 198 332 473 360 189 544 724 718 303 389 841 496 427 442 868 752 969 25 306 314 698 695 488 474 610 15 467 540 937 402 538 70 86 222 622 276 670 199 352 625 102 221 158 605 439 716 291 649 15 970 908 366 457 550 653 222 136 759 958 969 853 273 472 564 620 722 563 909 106 935 102 901 112 417 195 980 23 191 851 849 116 131 262 290 728 293 786 608 162 462 356 81 802 973 650 
680 837 973 162 658 324 260 869 253 457 679 746 715 347 657 588 434 75 638 628 362 625 450 617 75 595 930 258 813 244 974 512 505 323 11 961 861 738 465 304 66 505 754 591 744 294 998 101 560 628 364 215 897 331 923 638 251 380 234 708 681 455 50 758 900 876 650 477 989 308 394 328 239 145 34 398 279 419 120 64 802 515 987 840 241 856 235 755 273 704 336 654 148 230 734 272 658 243 517 29 
593 264 274 727 793 879 41 848 745 440 579 34 414 476 847 643 468 211 693 123 425 205 672 224 531 893 56 548 804 905 311 764 361 146 69 364 168 176 133 621 230 592 989 218 298 595 688 676 102 999 129 683 12 620 307 840 609 572 228 888 958 125 172 421 510 486 423 349 735 904 392 403 812 445 509 999 755 909 329 682 664 178 246 652 764 76 249 698 697 943 94 983 208 253 284 175 211 745 70 184 
847 829 895 343 881 550 395 238 52 790 762 695 899 792 203 5 719 840 115 28 69 957 88 568 251 119 580 230 240 155 299 220 48 201 417 402 547 926 462 254 752 132 12 117 503 498 685 328 551 667 763 506 617 934 485 34 650 27 583 350 383 403 220 4 348 358 632 166 645 244 952 738 157 968 550 944 20 96 59 638 629 425 782 882 752 562 131 829 710 40 618 104 5 540 66 503 219 917 315 929 
105 199 646 150 576 50 970 70 178 822 938 987 707 276 181 831 110 7 785 429 496 662 831 153 949 917 257 628 682 980 589 432 838 907 609 525 575 260 881 159 804 96 654 71 322 590 345 766 382 452 958 1000 964 790 614 277 355 919 860 555 614 887 40 953 130 991 266 201 367 985 621 641 335 610 165 872 835 903 882 694 393 943 426 857 400 874 137 627 417 15 739 359 883 312 52 827 994 736 668 98 
1000 505 13 818 757 569 394 738 814 428 788 647 60 302 328 289 403 690 230 62 125 184 492 511 371 678 379 563 287 710 226 939 273 553 916 531 26 522 919 576 103 837 174 107 565 589 490 15 628 283 373 171 656 128 978 22 236 45 449 458 104 94 830 92 940 68 81 530 342 407 243 404 447 923 629 0 951 364 762 284 521 285 672 124 771 58 210 642 30 778 794 82 942 742 350 351 746 772 170 701 
258 729 387 740 181 729 792 472 65 201 341 908 920 538 514 450 849 50 891 73 404 871 282 61 311 383 149 582 152 628 331 788 143 646 562 670 582 227 818 339 33 271 963 373 249 532 422 65 898 115 614 242 23 920 329 697 347 158 584 582 670 235 96 933 950 310 633 912 901 202 950 638 432 374 193 167 311 368 926 982 622 670 647 490 65 101 983 428 785 11 407 848 144 293 665 509 146 928 840 551 
943 233 734 933 256 555 23 50 521 283 484 85 61 201 453 11 560 549 101 504 799 619 541 647 887 579 718 810 856 415 394 260 325 267 553 405 78 990 851 40 753 156 694 231 40 332 25 864 427 663 97 369 281 465 921 572 285 968 229 274 755 413 18 996 893 997 537 715 311 896 526 98 553 646 774 733 394 276 999 559 856 916 708 57 905 692 122 899 308 38 549 751 110 961 687 764 43 25 490 112 
131 517 61 878 428 624 904 910 283 777 644 744 581 227 519 588 593 719 559 507 408 161 80 19 166 231 565 935 422 0 789 418 450 852 637 715 797 984 792 949 978 332 888 219 121 235 46 90 433 303 183 867 729 204 761 630 365 928 165 453 677 398 350 149 852 657 406 351 489 687 144 828 93 738 168 238 754 985 551 983 662 25 840 25 306 174 554 222 16 872 881 871 339 409 9 127 930 970 839 803 
71 939 972 11 90 805 226 295 702 160 600 151 453 663 869 709 933 372 957 66 884 783 498 961 199 173 664 305 780 546 299 370 86 902 766 838 916 364 345 53 233 640 913 865 610 824 660 636 585 504 814 810 484 278 314 363 679 739 787 878 740 930 990 738 525 364 735 772 372 927 127 966 626 715 869 683 560 551 380 387 316 895 995 563 45 201 617 29 378 835 881 585 792 452 250 328 976 750 89 531 
54 223 155 289 725 118 32 151 848 147 905 277 172 455 316 382 352 150 951 743 66 697 942 164 497 354 508 741 392 861 584 742 554 672 896 832 946 406 164 281 203 750 148 974 765 411 115 812 825 720 358 54 159 601 916 121 335 489 70 936 254 745 714 432 238 773 369 837 224 160 921 110 47 584 111 40 546 83 668 753 248 854 967 32 641 727 475 451 315 558 830 941 528 861 211 622 995 165 855 670 
180 471 837 149 203 609 134 231 197 280 592 466 156 866 505 18 784 183 602 553 255 424 543 468 190 80 122 850 494 127 481 669 592 557 669 344 585 421 643 184 507 79 24 447 648 46 278 644 285 841 378 752 576 889 431 678 994 275 448 406 996 645 889 46 354 790 559 201 107 752 957 176 703 676 411 754 641 402 12 436 624 973 877 255 905 806 842 943 736 632 321 440 692 841 608 32 164 957 800 864 
8 87 756 242 589 830 877 186 45 597 688 658 615 478 895 565 25 934 260 600 254 230 964 318 750 406 890 586 184 276 781 112 72 955 421 651 940 531 274 609 392 117 182 100 204 39 631 581 31 287 469 317 101 342 579 230 216 970 226 479 929 195 590 197 547 843 990 311 852 158 50 600 908 11 589 935 849 153 132 396 579 280 3 961 852 646 776 120 863 699 227 638 256 362 63 335 377 36 675 125 
460 366 911 887 289 504 601 572 121 37 407 834 529 736 893 827 738 178 915 929 269 645 240 125 191 827 879 408 233 646 105 857 24 592 546 308 792 471 5 133 301 928 995 610 810 446 526 889 723 994 125 305 722 216 843 171 388 86 722 240 24 499 142 340 684 748 269 867 914 98 29 197 572 556 985 696 553 50 76 411 944 453 715 870 835 70 97 470 424 934 32 266 748 539 583 861 659 642 834 238 
51 349 353 115 836 145 615 435 354 284 211 87 103 40 939 986 999 190 467 336 757 335 613 8 732 426 50 336 817 788 767 47 944 735 914 344 331 59 701 679 49 524 917 494 471 663 238 377 871 561 451 617 469 96 256 99 73 709 839 595 421 846 888 223 496 51 875 83 100 307 452 906 527 26 342 902 892 133 252 160 613 885 277 300 347 602 530 109 985 262 34 970 839 71 508 92 564 108 946 784 
703 104 298 549 947 32 260 845 20 865 86 767 340 140 326 334 1000 99 595 335 809 287 808 285 665 366 516 325 231 598 278 831 100 900 777 540 123 765 966 782 912 769 300 937 878 920 176 14 350 255 895 821 74 285 869 357 595 720 414 989 414 378 850 47 922 187 724 631 211 883 827 631 560 283 603 385 436 678 901 707 494 494 495 592 911 519 755 694 468 123 979 559 791 387 431 901 678 549 191 163 
389 261 561 241 764 217 886 602 838 374 456 325 619 660 596 323 866 997 328 474 183 924 729 871 170 745 152 369 803 795 865 311 799 450 410 428 202 64 47 360 955 402 673 922 821 402 738 169 582 114 593 596 483 935 720 435 136 149 924 909 193 773 204 555 864 55 824 566 986 129 559 893 358 836 127 895 692 739 752 578 132 189 560 756 900 73 557 698 547 478 649 902 841 153 534 419 533 138 975 5 
