805 948 459 906 264 783 126 617 75 237 388 456 292 835 783 522 798 625 940 538 18 92 183 400 658 135 333 201 323 322 838 947 654 879 285 642 762 980 943 344 936 509 674 720 497 730 223 653 330 570 107 524 694 644 591 471 316 436 139 482 43 425 980 770 44 541 811 162 427 160 204 287 408 835 612 307 267 589 310 260 499 921 776 691 577 873 619 127 568 405 302 490 405 871 808 104 960 775 30 406 
147 405 301 859 693 740 878 374 18 427 56 721 768 397 434 828 426 621 999 26 308 595 345 486 210 382 6 913 132 701 42 679 912 331 690 443 942 884 888 407 972 640 813 417 909 569 543 965 299 787 396 151 185 95 872 63 773 428 994 578 165 543 569 943 89 502 490 562 438 520 388 227 864 424 289 947 463 762 412 768 14 602 506 391 675 973 999 353 212 517 109 977 973 843 940 899 68 894 432 428 
10 721 988 97 172 695 485 180 146 960 656 160 705 441 305 145 681 484 853 185 496 180 441 541 835 128 480 832 137 850 895 925 525 882 760 10 252 809 705 420 755 285 768 430 484 50 294 918 674 775 541 116 3 758 605 288 405 78 520 474 866 678 820 81 34 595 416 222 163 332 864 50 350 779 743 261 458 37 85 640 408 873 980 470 211 744 666 387 47 286 480 832 761 598 914 730 321 578 398 396 
593 881 542 25 125 152 747 47 774 100 891 481 533 951 662 620 345 885 348 572 364 786 379 179 50 760 179 979 113 797 646 842 445 866 952 586 972 593 290 417 701 427 496 284 175 85 959 682 775 93 861 963 239 271 889 29 327 915 439 78 905 889 82 291 599 691 28 793 211 166 263 592 192 595 178 749 710 351 863 663 595 176 875 955 556 639 278 172 984 124 356 610 660 205 976 599 362 50 132 800 
538 804 262 589 112 881 396 331 570 530 234 965 771 382 796 539 781 832 505 420 953 617 209 981 146 664 989 903 402 701 8 963 768 396 660 871 351 678 762 204 516 36 781 626 781 53 378 60 387 796 848 353 716 770 137 155 917 619 420 970 614 667 234 509 457 655 20 668 820 243 63 961 168 807 924 729 945 657 984 27 729 808 36 737 44 987 736 43 32 320 817 450 682 730 942 592 92 932 781 921 
462 625 593 774 222 245 112 512 610 818 288 781 492 523 518 934 666 390 681 270 974 459 759 595 862 963 881 639 191 389 854 755 985 823 732 285 958 442 208 423 300 296 185 770 57 818 463 742 464 162 589 592 671 501 531 490 417 593 896 575 960 776 214 181 675 244 281 715 531 48 716 616 282 693 682 279 125 237 676 147 747 309 555 578 136 17 307 180 61 719 969 202 426 60 885 541 832 960 766 133 
453 341 891 917 590 487 944 940 474 14 917 325 454 535 518 574 740 410 376 420 359 603 68 640 878 274 846 597 790 939 316 385 395 60 973 795 683 838 412 494 390 524 372 980 682 382 279 969 583 329 532 813 433 67 160 994 924 903 817 540 323 665 666 234 411 394 805 471 425 847 686 597 302 171 4 515 748 535 376 905 795 448 464 299 338 413 804 828 111 518 391 620 894 83 859 464 873 902 911 255 
946 89 341 185 574 6 796 714 116 373 664 393 535 953 609 569 273 8 65 486 140 189 654 171 410 687 762 391 480 160 699 145 124 600 261 173 277 948 591 338 51 958 503 889 280 221 585 445 186 2 222 257 409 814 467 698 498 76 709 394 782 534 177 961 569 676 968 357 74 531 109 669 380 750 909 49 510 171 862 346 967 189 760 257 66 345 910 108 602 454 353 472 806 256 768 231 892 716 873 352 
301 838 95 249 836 667 281 881 473 956 294 127 744 932 700 943 532 14 81 457 930 593 431 198 572 959 935 717 172 417 947 295 567 967 496 144 398 68 333 604 400 921 68 397 591 955 692 997 323 921 550 701 74 475 219 896 906 759 479 544 740 425 732 577 584 561 266 514 126 734 79 256 732 183 366 31 531 372 608 28 906 836 995 977 522 726 578 146 988 587 184 926 221 955 61 466 129 222 988 666 
164 838 919 970 990 505 79 65 678 813 780 515 749 672 257 197 931 950 400 74 222 193 907 708 498 865 735 311 138 571 401 548 740 306 847 537 728 700 777 382 727 61 160 787 55 138 932 39 250 650 510 255 112 163 317 515 166 261 354 485 7 814 191 647 465 307 339 607 164 412 633 503 684 616 408 896 253 47 34 450 540 730 442 638 721 481 865 693 506 85 913 151 528 372 290 170 89 233 289 692 
502 122 444 717 24 263 961 655 5 545 731 343 184 586 40 623 900 127 244 624 670 994 977 699 337 42 896 993 553 748 172 38 226 525 456 745 47 575 871 648 162 799 703 3 294 472 927 157 742 656 225 822 520 618 969 694 493 432 519 405 875 560 350 719 107 391 272 493 151 991 669 662 232 999 908 266 944 122 827 112 661 607 170 24 607 186 998 649 603 471 526 103 987 981 610 36 41 5 537 160 
407 785 134 146 593 76 704 874 954 670 191 857 665 144 750 319 473 495 969 689 105 513 439 994 143 329 740 438 545 197 338 571 582 244 883 934 375 437 298 363 469 612 721 646 933 763 273 13 408 955 630 831 241 976 122 664 327 186 853 117 337 93 685 302 911 440 927 107 364 228 469 304 612 278 241 37 623 621 441 330 358 384 719 706 279 20 115 980 376 202 338 17 850 895 755 111 470 272 639 62 
309 298 804 842 949 38 731 998 178 837 930 360 562 133 955 730 968 877 950 689 859 355 725 123 811 691 964 319 8 50 347 559 841 352 156 990 619 792 891 984 288 458 859 8 215 344 978 686 559 472 865 716 958 925 941 699 823 952 781 726 362 861 262 292 625 15 375 783 456 369 187 425 254 890 457 450 954 433 266 966 952 78 728 357 91 568 827 527 436 676 65 800 366 192 879 442 244 82 284 388 
333 832 82 551 994 900 57 145 221 90 534 278 85 57 149 313 282 534 657 574 312 847 169 893 616 943 522 576 850 864 730 358 781 164 126 395 782 577 195 625 588 800 58 298 23 104 598 444 152 796 605 44 120 414 217 341 964 304 869 702 469 670 382 685 860 33 827 115 374 422 876 866 829 142 676 337 770 952 326 985 919 97 380 244 449 611 883 341 897 522 669 260 841 932 848 943 300 282 653 390 
432 828 794 841 856 110 465 423 370 163 702 982 781 240 282 358 907 748 701 882 896 295 153 286 539 288 723 35 42 978 747 591 990 149 869 611 492 228 327 225 270 541 59 828 858 297 119 371 137 416 577 106 768 775 849 571 629 701 904 36 226 205 499 695 944 831 450 252 310 348 932 964 323 469 64 923 840 656 627 761 863 837 330 235 953 854 149 902 627 30 725 900 88 141 606 971 958 450 274 966 
27 426 868 806 455 18 451 239 10 71 615 394 975 156 765 432 538 901 867 331 528 175 716 545 613 409 556 457 378 728 244 678 346 827 304 765 643 320 61 787 117 759 993 146 148 321 698 674 921 821 453 641 800 711 446 21 590 353 546 721 830 764 597 632 288 385 14 732 232 480 528 657 700 367 958 557 185 654 177 348 891 104 226 101 728 544 871 669 127 118 459 773 983 632 313 613 72 544 167 611 
649 397 937 738 197 321 25 286 424 391 264 46 760 130 815 152 144 642 289 464 719 55 499 935 211 4 739 227 823 121 390 632 278 489 63 385 994 440 430 103 942 823 210 22 709 542 27 455 702 330 976 18 231 6 246 615 541 184 673 676 642 631 302 411 482 233 405 627 841 886 869 453 459 89 632 996 255 471 737 517 789 383 818 437 22 229 398 324 146 544 435 782 414 588 337 455 521 296 83 865 
52 43 551 535 307 938 227 109 308 177 925 267 813 644 291 256 675 14 784 236 991 383 204 414 950 959 955 963 342 407 328 444 602 978 831 970 331 734 514 590 494 739 968 242 794 993 884 854 269 598 738 552 352 182 551 535 594 613 41 981 511 487 280 384 603 776 628 907 835 84 744 320 143 344 844 682 807 391 126 395 937 556 849 89 249 152 642 871 257 971 763 558 502 514 499 660 869 395 823 464 
219 110 738 804 754 644 40 766 874 473 726 677 422 499 903 969 327 32 726 647 888 681 172 279 550 49 466 44 792 70 922 525 993 705 531 575 745 56 57 593 861 713 383 42 257 936 703 138 94 306 251 653 901 407 441 507 723 94 78 893 94 519 592 422 254 823 841 327 155 197 986 867 112 449 928 513 417 194 203 70 972 981 270 92 515 487 987 548 614 180 959 618 539 632 469 240 942 677 42 537 
248 191 619 728 853 472 722 612 615 178 538 511 367 218 76 665 206 897 933 194 558 386 551 572 653 67 681 73 40 893 794 685 485 612 170 2 603 884 843 520 789 604 247 427 366 75 616 641 130 500 818 406 58 634 68 175 781 93 64 778 140 37 757 106 539 87 614 161 44 809 110 672 964 890 397 827 345 19 473 827 587 868 485 349 274 933 987 117 743 244 843 185 518 553 394 578 61 133 683 592 
464 557 879 604 545 289 297 853 480 35 857 45 250 710 149 116 196 995 233 987 599 97 585 591 504 137 548 68 410 715 423 37 634 231 454 460 161 785 272 240 240 658 28 907 516 17 788 650 162 393 515 468 525 950 647 150 786 398 692 68 277 280 947 17 842 134 680 271 494 814 105 592 873 543 308 212 457 955 484 181 806 923 349 986 369 296 830 809 519 142 249 810 409 760 849 752 387 404 833 706 
755 185 867 679 805 661 900 666 311 613 958 34 17 713 255 62 427 840 549 935 957 524 210 979 556 57 574 994 973 954 409 264 883 213 153 650 804 257 450 742 178 292 217 352 888 412 416 71 401 777 59 816 25 103 602 977 66 120 754 148 576 378 252 886 233 986 19 653 757 44 556 675 515 58 14 781 771 738 182 859 646 436 926 217 246 318 927 853 513 646 829 365 124 814 973 181 918 542 782 249 
762 973 723 192 313 34 68 304 4 713 551 336 107 892 459 277 6 141 755 305 200 670 270 425 992 231 613 558 260 532 349 789 232 814 468 468 574 185 823 769 304 841 645 429 415 823 793 307 86 138 89 506 960 414 758 459 354 945 778 705 922 485 1 63 268 244 762 397 861 950 446 114 591 680 617 130 279 162 654 844 21 186 678 337 843 880 353 216 361 251 294 327 454 374 445 759 35 530 880 916 
489 669 487 125 848 802 923 450 637 584 707 163 75 837 469 546 541 740 756 532 482 418 333 776 209 416 293 569 563 900 603 585 981 73 565 985 701 977 433 167 304 240 420 749 37 483 16 840 615 949 18 99 644 979 710 617 269 728 293 625 451 165 714 63 46 230 235 907 698 939 890 792 610 306 332 269 894 230 173 600 428 65 243 935 637 711 616 485 200 970 589 304 92 864 326 67 25 16 744 265 
747 865 860 884 676 112 984 372 747 485 644 839 31 57 110 675 988 422 810 761 405 249 673 734 640 1 428 497 991 798 673 846 512 379 855 303 508 79 63 280 634 231 538 556 445 369 231 15 670 699 820 135 744 736 20 884 90 549 17 786 586 696 875 527 52 927 549 675 625 208 998 524 776 258 84 694 162 826 460 953 845 43 491 257 632 570 389 931 931 97 719 525 106 747 392 720 607 889 446 969 
981 598 885 238 159 788 620 207 412 0 771 340 744 72 352 370 960 89 834 420 855 746 187 315 500 611 964 322 429 254 588 305 363 160 295 111 669 506 737 480 410 499 71 440 327 78 35 684 116 227 454 578 105 102 833 516 484 709 390 657 770 156 836 735 13 329 336 71 821 329 139 305 422 73 405 231 700 572 161 659 413 220 305 988 304 202 863 908 325 196 0 892 169 853 748 531 29 226 33 967 
385 392 454 424 659 275 188 348 18 113 772 689 664 324 44 578 805 68 869 143 374 646 226 687 845 449 488 967 935 681 366 440 385 13 180 333 742 16 908 132 395 668 535 96 531 211 711 904 632 937 516 344 437 980 331 567 572 287 390 532 331 219 627 568 37 719 380 942 597 734 932 939 142 256 391 493 40 79 72 934 240 692 637 447 101 954 509 708 87 777 61 218 686 241 179 248 123 398 500 481 
84 224 644 23 747 702 604 254 757 831 278 67 66 171 311 247 679 44 711 971 878 535 46 315 938 498 536 434 72 391 255 907 757 762 337 689 690 243 287 6 639 915 278 128 776 247 934 611 206 262 643 716 240 420 62 683 640 433 159 457 302 561 591 853 279 845 678 900 308 507 914 468 275 205 966 663 9 114 856 852 493 192 526 931 207 875 53 537 312 235 298 609 146 730 350 264 980 693 333 752 
80 235 516 245 92 604 946 462 718 991 271 576 238 641 550 768 147 122 812 640 177 245 652 664 707 451 120 645 7 870 718 812 43 149 436 560 911 526 151 735 255 217 462 887 703 765 631 313 489 696 934 402 447 822 977 222 974 482 316 917 921 229 176 139 769 399 535 579 194 2 461 484 243 328 293 181 108 862 778 923 176 285 64 248 583 124 663 439 502 341 421 124 56 771 290 1000 189 576 898 846 
414 459 157 128 249 262 715 78 307 127 239 637 692 178 791 166 927 134 728 521 342 728 155 935 785 505 447 954 249 880 680 483 883 862 286 158 255 887 282 749 162 348 720 86 58 908 691 984 681 928 799 945 524 127 592 492 261 999 500 481 176 92 732 492 582 565 495 834 712 401 598 268 685 708 129 857 82 720 58 223 56 891 236 449 338 408 247 180 117 431 297 269 149 9 698 551 192 300 748 801 
214 159 27 503 294 523 795 484 848 612 188 546 621 777 948 523 343 937 825 509 484 422 734 772 662 674 60 687 396 594 206 899 48 597 767 782 408 448 743 694 319 481 295 409 193 438 425 413 14 403 539 161 369 203 949 745 844 517 170 651 432 765 335 373 215 166 889 698 274 982 930 981 401 405 449 278 402 728 197 104 314 829 784 933 812 816 627 589 725 431 866 205 266 818 402 598 396 417 398 732 
249 797 811 448 275 983 110 654 898 861 391 286 865 68 606 680 665 693 520 234 987 485 687 298 885 450 642 606 301 272 143 6 175 697 838 933 439 795 353 94 933 627 801 800 857 518 230 313 789 623 62 868 663 358 887 758 196 234 61 579 635 760 361 697 976 774 960 388 559 27 907 22 422 545 362 12 43 694 180 36 8 617 101 594 583 653 111 350 29 608 473 515 863 637 740 201 581 956 440 466 
372 935 139 215 461 341 355 748 813 386 903 901 399 52 675 338 121 782 533 238 919 180 864 529 229 792 506 7 161 893 919 247 181 995 3 147 490 64 562 33 568 803 732 378 909 335 419 424 477 949 758 133 894 523 732 900 106 566 509 352 965 375 956 95 395 444 624 387 699 511 802 561 938 468 458 74 655 400 973 975 831 180 262 41 795 136 107 245 268 126 92 312 13 813 977 421 130 234 823 352 
833 200 792 826 437 700 71 840 832 415 525 280 912 806 505 55 243 381 378 351 635 85 216 227 366 462 418 757 786 168 32 350 965 493 854 797 58 722 273 902 84 550 758 782 613 248 851 200 608 620 877 57 613 790 688 986 139 780 474 536 956 941 886 129 297 895 466 660 905 787 643 708 848 998 306 329 654 493 678 606 730 469 533 866 826 168 433 539 339 488 132 171 474 846 206 59 594 921 483 136 
57 220 192 46 515 675 839 847 887 363 35 909 10 363 762 756 636 388 860 847 212 359 721 356 819 732 695 194 562 519 581 85 524 928 729 406 462 250 115 152 73 733 495 168 908 13 122 725 588 205 701 472 529 843 468 920 98 488 237 356 768 950 270 775 793 852 65 392 544 963 300 904 265 567 959 898 610 663 261 68 511 527 721 245 450 529 634 3 666 337 378 341 553 260 690 369 724 395 766 525 
551 6 446 381 686 563 144 270 672 154 873 611 353 980 636 614 533 196 661 467 735 208 43 576 464 745 476 612 259 307 271 987 580 224 697 155 137 329 73 988 456 290 418 479 228 728 643 788 198 618 389 31 416 728 590 423 707 665 252 419 403 854 154 149 561 286 740 448 1000 939 629 814 982 969 669 182 696 331 652 964 539 628 277 799 31 904 611 727 995 948 812 522 165 84 760 304 669 17 581 152 
135 95 947 555 122 738 419 213 509 469 754 812 848 241 27 287 48 656 657 368 824 985 562 332 348 508 804 190 370 274 739 966 285 528 371 375 230 355 177 423 661 846 166 272 648 188 95 38 589 597 153 250 382 927 926 99 492 437 374 577 625 619 118 70 36 907 192 615 135 859 253 464 939 156 463 530 619 194 759 843 982 661 830 648 892 447 800 170 830 703 512 872 811 240 502 511 416 547 686 725 
838 581 718 703 288 735 360 659 585 276 578 884 552 771 537 855 234 712 337 272 52 863 665 579 931 117 896 416 273 141 838 296 254 738 955 389 570 965 606 676 174 7 590 204 561 197 840 484 526 316 651 255 935 35 997 65 60 114 824 842 268 41 759 125 551 451 346 266 492 262 995 285 315 525 16 597 434 358 506 483 336 321 851 313 713 148 326 904 884 905 718 900 337 835 197 175 209 611 2 446 
217 29 246 104 520 445 477 883 585 800 988 817 873 29 774 736 194 173 364 897 224 38 613 308 557 853 439 490 186 195 970 735 408 854 467 403 3 419 862 613 859 217 221 844 272 468 725 844 806 584 505 83 18 58 946 158 901 15 509 308 266 523 390 84 620 775 478 667 668 172 680 711 218 202 306 257 70 337 433 94 354 312 194 828 351 524 747 495 673 631 788 631 573 232 468 800 646 32 725 348 
714 607 340 313 137 18 18 431 937 262 929 801 518 505 456 3 703 748 731 83 995 60 75 716 28 237 39 798 564 94 927 109 878 387 682 311 613 976 926 371 739 497 440 98 210 995 385 824 136 590 510 578 901 4 584 264 867 194 895 650 369 600 357 210 652 886 311 883 137 618 777 721 555 55 725 926 566 632 302 68 954 280 237 197 889 838 137 775 950 737 399 175 777 563 981 58 859 618 770 782 
345 28 27 190 190 837 261 281 172 755 143 79 794 555 391 722 195 243 885 261 139 857 712 102 749 540 525 803 129 642 53 794 430 912 554 373 319 412 567 158 905 415 369 436 441 666 247 486 706 97 306 550 146 214 554 709 398 488 743 361 687 435 821 233 476 633 132 313 37 882 420 591 925 441 729 78 762 648 176 621 816 967 600 978 746 693 40 388 905 852 782 18 292 778 980 58 606 331 918 455 
549 142 713 411 841 485 593 17 261 882 313 199 39 346 214 53 116 691 8 370 502 513 679 397 444 533 250 317 595 803 71 764 911 507 781 739 316 10 527 557 850 761 911 718 380 803 193 843 236 275 872 53 847 981 126 184 462 390 583 377 767 159 261 637 42 763 901 875 685 396 522 154 782 295 764 28 504 492 492 966 111 535 567 379 211 722 674 144 290 712 414 845 332 244 653 831 708 529 958 408 
987 218 770 726 591 93 240 263 307 901 835 121 223 267 764 570 303 646 780 550 713 477 66 938 400 590 549 604 27 571 916 811 740 839 834 905 833 542 106 971 386 291 624 255 291 967 995 170 530 926 218 301 799 124 389 996 102 604 267 446 376 414 94 974 852 605 568 64 951 317 201 418 174 747 955 244 902 212 179 318 585 148 122 944 785 218 977 654 869 555 607 924 526 520 357 520 794 919 769 458 
915 225 693 570 141 941 94 27 734 840 226 108 826 99 745 599 665 636 907 899 879 281 154 337 148 992 434 414 262 877 453 870 520 67 504 661 251 633 95 171 996 811 6 912 954 875 825 614 548 179 648 920 868 424 846 582 606 34 459 314 216 92 776 932 519 528 403 126 791 45 442 177 375 714 443 538 209 352 862 476 598 375 689 449 616 991 406 563 527 878 471 661 921 303 301 906 753 362 646 395 
431 412 547 701 204 606 113 816 811 238 252 211 628 214 807 180 52 191 702 934 780 600 369 726 175 288 155 911 359 371 889 986 795 981 467 300 759 744 310 561 136 731 220 220 978 768 759 848 629 795 947 998 549 990 342 891 248 735 491 803 2 48 725 646 151 704 924 896 161 521 539 937 344 119 7 613 990 344 154 441 158 834 663 193 552 725 95 651 728 445 811 972 4 103 642 725 327 937 176 801 
805 38 817 938 338 870 363 876 339 395 419 321 495 828 600 681 39 727 187 639 37 391 168 973 703 672 855 851 479 426 393 992 476 615 615 632 965 928 566 953 71 903 18 179 647 364 540 799 166 439 36 205 318 770 432 729 890 169 511 545 152 91 442 172 606 112 88 624 784 128 120 299 984 629 980 299 285 188 735 461 848 51 271 975 127 925 481 507 156 105 14 791 959 810 176 649 560 945 27 623 
202 268 53 741 415 195 484 337 95 928 880 741 416 487 319 730 336 602 203 654 825 280 717 2 914 275 591 311 236 368 63 628 824 302 80 778 784 851 944 960 526 131 907 263 188 348 744 987 493 374 524 223 302 640 690 64 494 524 245 29 302 648 658 936 515 393 449 910 34 135 68 742 704 426 756 577 355 72 997 156 205 991 243 854 382 131 143 681 159 350 356 239 568 269 42 565 685 448 447 283 
268 124 216 124 995 111 147 107 376 888 319 984 686 600 96 187 51 311 923 0 636 174 602 916 611 618 296 80 14 291 452 841 710 778 847 765 99 270 883 710 507 442 612 878 218 126 812 476 304 447 945 613 511 483 65 987 189 695 900 674 683 355 920 346 327 676 114 957 488 968 299 461 712 806 792 901 778 754 202 73 308 907 448 719 252 300 295 684 87 427 203 406 330 145 713 597 425 840 165 405 
586 854 905 857 8 373 930 884 689 483 350 179 964 590 723 754 5 775 179 795 853 597 20 215 492 561 348 729 736 646 519 165 727 658 740 654 176 12 702 740 25 526 475 164 422 875 898 63 982 922 407 950 350 913 816 335 335 470 129 220 588 853 430 154 692 305 638 710 698 30 853 856 206 888 163 56 82 223 582 192 654 649 930 667 910 954 657 401 311 446 262 33 193 798 532 116 585 184 385 327 
147 415 143 923 960 94 638 460 88 480 658 1000 391 692 394 977 58 114 66 425 679 411 728 667 706 749 816 548 760 756 750 974 9 709 470 712 566 711 229 990 262 28 698 191 780 914 856 630 475 461 99 480 438 530 8 448 536 398 568 238 286 296 760 12 999 173 728 301 890 527 790 889 230 460 589 998 127 553 54 432 691 757 82 174 141 118 265 225 105 363 189 365 448 95 158 873 679 88 118 52 
115 662 530 74 259 844 641 340 643 557 332 623 497 874 253 621 53 310 18 94 425 712 342 919 190 846 32 690 74 178 944 271 843 614 103 188 212 358 612 485 663 545 915 409 362 380 632 115 57 983 855 640 165 448 144 223 823 481 607 569 222 694 925 400 25 883 610 240 861 331 174 143 698 231 362 149 652 552 241 735 505 74 699 556 388 199 16 201 635 744 623 496 756 836 982 188 48 799 530 114 
805 19 22 821 509 638 158 778 302 309 395 23 587 854 648 745 9 733 1 911 672 721 767 89 80 265 875 74 276 965 242 651 426 459 982 708 468 853 638 995 288 555 535 661 436 912 833 344 91 999 128 693 143 470 69 493 890 682 683 778 363 854 481 279 222 504 524 657 158 245 941 191 847 390 299 508 318 369 995 533 167 574 542 719 288 30 397 553 916 18 996 738 154 290 964 376 450 131 883 200 
188 236 402 938 893 644 205 835 802 294 44 74 913 399 967 483 869 139 14 334 843 890 164 534 257 798 827 565 648 111 598 56 384 242 492 103 874 911 181 44 661 675 816 306 233 409 220 741 480 501 782 740 287 75 550 507 667 656 722 644 768 815 760 877 856 625 478 992 881 965 252 147 103 546 452 386 876 472 964 162 109 695 570 397 554 122 222 83 88 443 68 794 802 324 206 44 668 161 667 898 
581 883 954 445 416 121 850 443 672 768 580 536 368 566 997 74 550 89 431 366 758 361 110 859 43 401 537 969 824 669 331 642 383 646 819 238 978 768 716 223 907 23 600 515 339 387 779 937 788 17 400 354 589 435 426 663 532 508 930 983 866 320 680 267 739 241 116 650 720 1000 195 555 722 663 405 585 700 328 384 395 837 628 223 202 146 657 745 374 59 868 976 597 511 533 710 555 926 961 734 285 
962 561 938 953 60 245 852 843 502 491 617 725 44 422 921 3 39 285 372 2 779 508 866 714 9 166 83 770 588 418 264 828 697 805 454 263 764 527 806 876 906 714 497 882 516 238 910 646 228 377 149 411 761 40 221 115 96 314 125 526 378 234 534 699 620 215 459 958 236 940 91 93 740 318 525 676 469 283 203 767 467 5 417 664 353 985 109 524 952 294 800 929 339 354 22 410 963 251 980 345 
237 657 604 70 392 736 11 788 18 567 873 425 648 408 600 897 727 456 589 441 839 755 704 66 592 246 736 400 206 910 701 202 745 421 717 72 827 236 775 505 82 373 113 39 938 781 324 145 585 846 283 832 135 78 370 507 688 640 344 942 641 514 71 887 108 162 883 487 543 974 621 76 426 386 934 989 901 67 108 313 148 874 237 633 189 834 48 772 456 721 527 367 200 294 263 236 768 215 14 109 
672 548 645 907 832 286 182 860 636 675 364 516 91 905 301 722 71 943 335 72 631 749 527 921 627 225 687 555 230 490 35 254 145 605 681 673 550 426 545 516 899 170 279 301 880 241 142 397 611 309 159 663 412 465 676 855 844 428 957 299 794 818 815 911 948 583 939 164 570 337 270 470 175 700 520 378 877 491 493 783 762 22 177 974 565 728 204 695 503 461 18 948 544 828 789 574 292 878 755 207 
127 415 857 711 317 745 593 585 406 407 46 64 371 832 601 179 105 318 137 691 653 479 177 907 31 582 809 74 153 396 633 789 503 539 521 99 896 460 442 334 249 1 764 392 480 507 372 275 1000 960 380 255 41 994 643 417 755 992 887 725 719 530 82 589 821 234 163 341 611 978 285 207 328 665 517 282 241 983 701 91 781 688 119 322 693 278 487 756 730 16 70 166 836 43 310 421 802 94 613 909 
341 984 773 274 679 315 155 782 602 861 217 470 893 179 538 294 598 783 293 536 28 734 183 689 483 491 988 66 383 324 183 672 55 184 923 875 904 24 692 989 470 371 853 682 338 174 801 130 963 568 68 592 99 326 554 193 599 584 999 42 472 866 657 558 149 650 60 952 906 671 2 449 970 660 113 385 246 784 743 108 566 824 439 105 495 294 719 376 322 514 599 553 85 378 297 12 762 371 390 428 
926 786 939 579 20 688 369 149 724 991 684 605 986 817 436 400 120 616 42 605 537 448 445 254 818 318 647 923 902 877 390 877 338 508 568 757 811 505 863 954 293 457 11 919 101 539 110 460 479 736 186 726 834 352 248 174 697 580 887 380 735 101 201 111 836 219 335 965 201 86 892 174 390 492 235 281 225 886 964 356 169 307 933 179 775 706 285 341 558 715 645 311 732 321 462 760 445 791 387 130 
967 87 593 464 940 778 397 977 252 318 450 61 74 402 233 996 951 765 814 233 352 164 527 624 456 203 177 700 594 259 145 177 18 530 595 520 581 847 1 457 191 629 254 241 557 71 264 422 364 855 928 866 470 650 309 310 921 886 439 530 212 732 182 174 289 404 173 136 55 610 290 258 574 552 981 456 995 638 39 104 376 370 246 862 959 823 615 414 77 194 596 521 373 536 255 256 841 357 693 679 
895 74 131 696 138 46 347 400 131 446 927 70 334 497 452 233 676 543 769 271 364 807 529 400 733 856 788 573 329 25 573 341 403 656 729 229 820 773 548 352 572 339 407 356 573 648 382 11 108 634 466 1000 52 658 760 928 277 125 330 533 856 272 560 326 4 809 112 12 364 139 71 376 483 191 627 693 631 867 21 720 402 565 259 183 709 663 247 111 201 227 819 365 821 853 219 377 38 617 91 930 
652 548 221 96 963 369 245 64 176 272 908 163 906 552 586 151 890 368 525 897 699 587 293 360 180 466 232 249 434 868 723 725 496 154 468 22 572 186 539 392 575 124 346 722 522 88 721 132 873 58 130 584 887 207 862 765 5 377 747 346 743 830 434 586 640 248 255 699 796 335 396 654 468 940 656 208 85 773 623 459 589 467 163 596 229 781 618 448 472 752 369 952 595 451 582 335 685 842 746 195 
660 897 368 421 257 100 190 593 754 963 893 495 952 355 66 557 410 761 78 271 814 934 579 923 110 4 464 512 356 671 846 268 284 127 335 18 100 549 404 376 15 413 223 765 649 83 753 867 16 412 510 826 845 401 90 162 52 445 439 685 44 984 904 163 706 899 232 31 227 520 393 999 155 129 867 636 522 683 353 608 200 74 710 164 874 174 747 432 611 172 688 68 178 866 135 687 299 28 462 158 
471 874 307 969 36 530 103 495 13 145 177 554 23 198 44 434 35 937 377 426 744 787 451 865 195 602 206 341 368 26 558 489 237 911 577 87 168 3 4 551 736 553 157 328 323 708 732 346 863 499 448 999 768 817 43 154 238 514 609 790 163 590 257 586 57 393 370 364 772 362 212 783 758 461 132 630 315 76 730 93 715 99 562 75 150 426 734 388 491 166 346 140 182 718 218 264 100 811 815 747 
450 245 202 284 409 138 759 842 519 91 721 442 570 729 966 114 740 843 369 800 469 362 635 415 267 245 930 722 392 919 418 597 911 921 662 182 410 627 227 497 512 432 612 224 665 493 141 780 175 398 162 506 674 545 292 968 774 597 237 704 728 806 985 855 165 27 533 393 855 79 646 386 864 616 319 620 505 51 244 565 174 553 264 951 630 645 6 546 868 4 114 866 322 998 951 129 332 842 517 785 
7 969 320 864 119 233 585 512 101 736 492 627 187 979 450 59 859 22 693 57 69 493 915 31 141 193 68 40 845 465 777 41 861 593 67 134 435 867 282 505 883 627 771 579 85 981 278 204 701 625 758 909 823 39 35 479 713 808 79 358 129 681 536 366 610 487 937 424 302 194 598 654 478 317 410 837 661 748 832 229 8 574 813 723 73 776 328 103 146 362 681 22 934 562 773 392 306 670 490 500 
558 542 15 288 69 61 497 44 650 318 512 144 322 90 805 512 259 756 345 857 368 374 89 306 200 555 148 981 814 616 640 905 537 400 835 610 122 113 132 311 372 210 55 827 910 886 508 937 456 604 822 800 135 412 845 123 577 308 367 385 256 328 967 144 491 820 453 984 875 626 394 295 768 499 205 197 482 840 604 478 223 82 862 963 823 159 554 26 570 894 433 222 837 830 113 314 699 88 91 302 
178 155 491 691 808 552 10 432 299 493 185 64 518 442 327 579 113 832 157 229 73 950 598 418 15 863 734 934 200 219 441 758 665 619 841 239 485 630 310 612 853 390 895 669 192 743 50 884 101 667 157 683 479 266 304 807 236 434 953 610 729 252 169 1 942 212 37 650 591 831 705 656 270 291 345 897 899 274 558 985 689 575 417 797 65 863 279 554 850 101 294 332 389 856 788 8 195 50 442 176 
510 293 138 245 919 948 781 854 929 503 169 17 830 933 883 203 68 243 830 169 206 827 342 279 897 590 543 586 832 574 243 505 618 498 670 57 996 526 757 627 368 27 960 984 383 54 646 13 141 232 337 918 498 383 982 758 267 570 8 594 811 232 100 830 797 941 972 732 763 319 11 440 40 693 936 572 940 108 276 308 106 651 361 252 428 78 947 369 685 206 683 358 158 231 482 268 676 968 105 466 
919 197 30 290 389 88 19 392 769 560 715 412 916 297 228 901 904 709 707 648 904 347 574 929 517 783 623 631 560 502 6 185 4 454 920 121 724 120 262 356 597 665 157 334 478 361 613 42 884 965 267 200 860 915 826 281 148 552 677 506 691 522 732 1 519 805 172 833 585 700 555 154 60 907 535 489 97 222 865 85 418 250 450 487 347 322 444 660 618 28 488 452 580 178 791 397 17 962 263 644 
469 247 843 296 40 591 578 239 307 85 73 255 877 635 520 979 875 267 314 632 750 776 937 796 360 709 600 515 866 22 158 439 662 650 761 356 657 426 493 655 47 423 449 488 892 862 262 454 961 107 142 496 951 890 433 96 378 952 872 693 295 219 378 551 659 977 201 81 723 929 270 327 603 713 325 407 154 871 396 750 338 82 286 774 368 864 591 292 989 495 737 114 647 838 914 414 784 170 340 873 
63 732 557 862 186 278 970 504 988 93 739 390 287 902 323 71 77 629 633 899 524 140 263 280 95 540 799 583 912 412 490 194 690 878 75 252 68 626 358 231 941 441 966 90 726 318 580 435 648 212 831 337 348 3 456 216 606 262 238 471 807 684 655 277 14 783 546 804 811 484 282 526 511 954 491 924 820 266 179 948 165 47 451 157 482 73 814 691 806 148 873 422 717 5 969 714 336 726 802 571 
19 317 482 84 330 156 799 404 789 1 716 41 924 202 866 427 589 806 211 153 550 521 891 851 49 233 375 989 97 543 421 437 136 160 991 425 232 710 950 695 845 989 464 707 240 925 215 230 384 934 508 262 454 696 53 504 753 959 743 450 702 86 571 381 561 339 562 849 380 639 34 334 545 915 981 929 141 603 112 132 321 479 127 578 719 543 849 733 919 700 338 810 111 715 240 692 820 123 773 849 
19 23 789 282 231 985 379 23 953 975 376 562 660 700 642 604 956 885 315 495 45 742 447 415 641 922 547 317 179 992 441 883 44 613 827 947 932 311 944 159 226 660 452 643 829 124 803 994 899 532 886 564 23 513 38 202 410 34 285 113 983 123 334 456 38 592 326 874 82 604 580 98 47 719 572 411 30 424 291 313 684 89 208 519 271 348 633 156 767 331 175 464 999 440 128 743 194 785 89 253 
167 653 125 192 564 898 694 9 356 916 308 325 586 789 592 628 167 192 402 849 751 2 980 811 518 681 872 426 969 772 117 702 884 11 209 253 90 398 606 302 497 943 96 805 756 809 658 365 725 819 871 546 395 233 441 256 640 279 467 258 761 641 725 629 804 13 323 189 955 192 910 488 523 342 937 701 400 71 272 837 453 234 450 147 274 776 424 320 688 968 301 516 944 773 131 699 242 495 915 799 
406 691 477 418 489 142 10 29 171 473 905 597 691 576 955 408 239 390 80 760 108 299 800 891 352 515 49 655 370 773 259 34 12 692 877 803 746 377 560 236 987 330 668 884 240 154 573 915 622 9 536 424 29 378 64 468 148 447 666 518 649 159 821 416 523 644 259 840 150 427 403 38 905 650 135 740 727 761 531 655 93 725 278 956 158 325 837 645 401 160 826 771 322 493 177 411 905 434 425 897 
729 675 675 975 381 807 878 713 964 833 589 829 161 228 935 543 738 685 903 104 707 424 779 591 328 313 982 528 773 837 267 835 825 239 939 686 388 26 600 38 876 612 324 711 163 496 977 928 607 486 675 123 580 41 641 739 42 568 102 914 758 683 154 694 424 444 231 845 808 621 155 269 600 432 377 296 121 548 569 245 1000 859 371 12 813 290 611 845 522 937 428 829 240 629 139 158 438 383 590 390 
37 459 523 554 965 501 745 433 725 191 602 330 882 273 625 809 508 80 566 38 806 476 666 892 710 789 750 929 726 17 756 743 304 576 828 509 672 466 598 736 213 547 221 196 941 542 471 795 369 173 274 814 139 16 920 40 781 927 406 154 257 507 55 859 670 390 932 54 926 950 711 566 942 143 905 965 387 854 273 863 461 716 866 670 855 411 811 334 819 237 327 415 21 873 675 289 711 459 893 978 
473 905 923 776 915 191 326 121 359 240 952 540 930 335 637 715 926 59 5 41 196 986 620 471 413 920 180 290 706 570 506 634 406 347 158 774 905 391 316 931 575 937 675 146 185 48 552 850 399 708 781 691 241 549 897 688 61 120 297 953 222 39 916 987 248 347 892 786 787 379 483 99 912 114 459 770 271 893 725 40 97 386 634 331 497 990 593 929 567 516 884 103 715 538 459 220 773 206 250 779 
460 195 230 501 251 833 848 576 842 951 794 712 996 255 181 702 361 723 752 940 144 387 140 233 696 886 90 763 155 724 786 475 281 609 293 172 788 435 953 919 243 814 264 131 337 564 775 830 548 204 191 955 412 470 532 976 225 574 859 830 532 868 724 523 392 262 762 900 432 408 127 907 517 226 668 913 762 52 628 708 437 918 946 191 456 159 342 963 373 449 280 390 749 398 850 370 521 544 416 917 
726 661 600 555 605 969 724 85 826 620 269 513 722 381 566 443 797 64 983 277 757 168 640 542 4 223 990 468 438 772 227 212 842 718 512 444 770 683 418 725 183 272 868 362 463 715 776 751 452 388 63 285 273 434 527 578 980 531 32 2 935 596 321 647 25 478 811 136 45 633 859 631 226 259 202 73 880 386 212 87 455 972 591 84 843 760 237 515 469 637 158 915 641 127 121 773 82 703 847 899 
822 871 29 284 254 292 176 588 93 465 279 270 345 953 379 740 801 863 698 919 417 875 154 103 230 254 539 16 919 780 411 199 966 687 67 905 456 200 9 253 678 706 288 379 119 798 901 926 325 756 502 797 20 372 366 152 497 279 0 641 528 534 320 6 7 28 264 627 660 438 125 971 531 907 944 626 241 824 570 32 330 686 809 791 364 457 634 900 75 166 26 291 741 615 360 755 917 748 85 393 
662 277 565 431 324 152 72 783 518 765 602 284 404 268 49 54 998 623 334 111 567 749 899 501 976 56 845 863 455 384 770 667 96 799 245 672 961 890 304 981 399 505 94 483 927 468 598 498 955 784 785 519 192 173 597 917 933 362 584 391 680 133 462 13 267 590 598 542 765 854 27 351 583 887 57 113 929 402 147 409 69 94 118 830 3 722 50 440 392 750 444 169 953 319 661 760 587 899 554 336 
9 331 92 961 486 455 431 832 453 445 122 499 524 569 739 430 967 666 292 500 457 456 10 143 434 764 748 265 659 976 366 252 432 183 38 954 222 525 734 690 421 729 744 682 687 895 765 444 65 681 32 662 549 4 925 150 2 680 255 984 113 995 464 544 751 426 833 164 610 680 711 969 678 796 350 284 322 258 316 798 407 623 456 496 748 123 91 721 94 688 605 790 213 754 947 422 171 960 514 310 
404 132 774 931 912 585 580 386 355 60 626 472 29 303 747 596 702 514 630 903 522 588 830 156 77 372 928 434 947 906 789 147 204 116 640 684 782 543 446 99 968 753 239 192 586 49 723 372 38 944 813 541 286 916 437 897 683 937 319 864 175 600 315 71 301 631 792 164 610 158 283 902 851 429 905 739 9 928 411 706 685 553 553 999 403 178 81 993 682 551 184 307 528 803 360 27 675 200 1000 770 
987 581 490 497 985 659 908 336 751 969 271 436 410 773 429 332 176 910 444 415 170 93 692 989 6 20 339 298 718 256 343 911 150 913 979 945 212 914 533 792 291 490 526 804 925 455 808 274 127 604 128 951 152 730 660 835 219 871 108 101 782 618 889 407 189 102 120 747 101 250 71 954 263 516 367 969 149 539 742 76 774 593 80 267 801 61 686 545 852 937 839 738 251 475 851 83 122 365 59 700 
363 991 311 71 396 9 814 777 579 190 481 258 940 257 609 619 65 978 988 534 164 52 12 215 393 180 398 186 128 774 837 163 694 951 406 2 928 433 988 934 278 819 615 603 619 985 254 220 120 471 672 355 192 856 387 640 746 875 20 860 370 271 564 916 844 187 980 650 736 198 225 208 887 818 262 430 215 778 562 712 541 769 440 641 137 411 275 146 723 798 434 688 835 820 665 753 224 227 851 745 
301 166 586 643 141 846 397 375 569 634 430 454 35 200 87 524 625 30 78 806 14 621 877 747 237 752 128 509 427 785 64 609 549 716 145 627 519 181 248 412 790 10 14 912 151 175 904 256 720 822 142 949 797 233 708 588 414 214 960 812 279 896 889 846 90 655 478 975 605 436 904 129 913 254 674 107 574 731 752 991 18 826 751 472 667 636 499 131 769 454 128 513 371 557 928 378 657 769 653 202 
124 366 498 194 248 879 689 738 157 151 722 779 17 265 991 86 848 49 102 455 736 540 609 39 211 495 559 343 44 316 971 80 309 834 340 406 682 238 127 357 619 26 964 781 599 369 158 599 788 310 427 675 915 486 740 446 243 229 663 896 361 301 80 255 90 97 694 993 45 133 237 368 509 46 463 849 761 449 212 516 705 832 316 608 692 898 893 802 944 220 471 853 510 15 192 594 385 846 188 731 
266 388 552 529 449 699 201 852 304 431 348 965 781 854 379 824 147 705 981 301 25 852 816 43 843 534 224 100 425 654 548 589 938 875 573 926 734 458 349 190 285 704 655 935 648 36 409 46 463 519 389 691 657 286 420 729 416 954 461 286 871 568 506 486 925 792 713 800 881 188 565 68 253 212 919 128 246 101 935 340 191 681 569 150 622 525 217 130 886 281 86 644 821 593 583 220 9 187 993 489 
109 757 20 453 292 705 605 443 73 545 20 527 891 147 986 735 79 219 312 794 695 348 181 867 352 749 470 629 458 935 356 522 778 419 57 622 295 579 526 894 230 950 219 774 407 728 734 854 636 697 639 193 749 908 159 187 300 921 99 52 161 77 783 249 657 225 811 311 653 67 286 835 747 783 728 383 137 93 706 744 776 263 915 8 155 336 279 356 738 35 379 437 48 741 948 272 521 454 733 540 
169 404 752 306 600 335 98 787 843 127 74 569 420 860 886 802 78 843 582 266 584 789 721 749 377 737 978 100 681 782 567 897 41 396 926 707 492 959 321 610 300 46 96 1000 641 677 543 895 71 358 161 147 407 268 722 110 953 254 227 984 664 648 567 144 120 719 564 989 885 503 256 261 740 505 295 202 22 176 786 211 761 581 127 481 584 155 814 865 606 589 479 245 955 654 418 483 911 93 949 129 
285 242 468 692 367 635 396 107 59 986 198 390 155 599 794 605 41 228 56 90 213 437 967 399 402 911 223 816 13 447 811 474 579 135 212 515 201 132 808 855 1000 885 58 216 518 308 493 913 675 618 241 52 779 993 791 410 140 717 779 197 277 552 229 989 850 112 970 862 212 803 338 450 99 757 987 856 301 108 438 99 331 366 125 81 163 750 216 152 344 628 398 335 946 674 677 981 576 468 784 194 
428 962 438 836 813 844 851 119 158 282 279 129 191 399 576 294 908 543 808 762 347 965 113 25 782 835 376 880 469 77 217 318 459 671 428 598 83 671 376 530 648 84 867 463 605 291 944 138 550 299 246 325 611 79 838 877 930 557 972 574 223 689 739 316 217 503 580 665 47 32 777 104 317 26 330 133 613 288 272 788 769 23 656 108 758 158 663 236 535 732 301 785 429 446 141 828 744 465 502 433 
674 216 617 718 594 913 824 300 36 422 946 965 697 503 817 425 693 872 255 337 168 554 532 432 848 640 100 962 663 884 314 596 558 89 600 934 140 998 78 320 791 960 955 384 967 708 350 604 517 514 707 421 305 528 267 315 627 19 782 201 301 786 756 570 690 779 207 489 61 239 989 76 739 934 119 684 425 283 264 964 188 359 121 511 158 627 745 702 818 696 312 780 886 849 309 219 640 14 49 100 
405 730 689 392 589 483 893 990 3 806 683 14 399 639 434 699 249 187 530 199 288 325 375 675 930 42 344 81 81 439 727 669 68 550 831 267 790 268 728 833 425 793 100 493 995 571 303 663 99 476 101 910 499 921 997 628 543 464 196 966 449 414 657 209 464 910 561 989 961 998 638 478 281 594 421 259 32 164 297 817 466 422 665 745 968 811 364 732 470 173 282 371 266 826 558 675 149 752 925 118 
862 323 745 681 229 915 831 73 582 852 373 599 1 971 437 580 419 808 572 375 935 238 630 780 985 16 352 296 806 340 1000 321 172 384 299 520 800 185 20 989 421 231 158 69 485 760 309 854 871 950 497 574 794 235 412 594 83 280 875 28 149 18 190 890 767 655 874 653 690 158 501 901 849 604 457 623 613 649 846 537 244 468 807 439 764 503 451 790 56 831 808 347 834 521 468 347 157 830 313 697 
980 110 213 811 630 334 688 94 197 669 89 769 244 795 738 348 31 868 956 614 809 744 806 433 265 295 162 889 677 584 551 1 304 163 571 30 832 976 941 126 274 474 112 687 487 976 992 800 607 862 586 906 173 408 675 731 780 132 721 169 320 805 986 692 415 900 517 402 156 561 152 759 523 631 10 408 809 768 243 22 217 885 118 759 53 764 38 76 571 729 921 928 985 274 197 337 31 960 836 550 
823 914 598 926 56 472 796 889 589 210 94 137 54 618 327 779 682 477 187 377 983 756 184 761 780 544 820 881 803 131 160 562 297 560 504 287 881 113 614 794 584 374 479 258 505 516 726 603 328 687 457 866 81 745 658 641 8 448 185 593 281 374 540 271 587 450 531 898 776 138 669 985 9 719 668 204 199 44 631 856 674 64 872 265 623 16 215 933 596 500 869 727 334 454 451 705 819 639 120 270 
