317 557 178 856 484 12 511 581 823 688 977 734 28 687 729 168 219 2 742 283 877 802 464 296 86 268 162 405 888 495 300 684 529 742 399 196 945 961 419 726 38 278 826 10 566 652 437 116 719 305 263 194 258 534 817 738 886 632 477 951 543 532 957 901 398 307 370 134 577 377 509 494 232 57 398 557 791 997 626 130 528 30 364 268 110 55 459 655 739 370 526 125 636 555 588 234 965 490 883 114 
843 708 272 599 749 911 283 396 824 726 398 520 135 219 718 557 610 798 850 951 75 537 815 521 433 142 228 436 355 700 575 386 246 376 482 270 770 623 884 939 212 781 818 844 930 817 878 797 192 230 962 458 617 178 544 908 317 276 424 308 672 716 818 903 478 655 566 23 620 29 754 606 216 35 238 305 700 820 799 584 227 764 63 236 930 387 219 262 557 309 836 818 931 409 440 922 107 26 453 867 
435 549 678 214 170 416 879 441 790 719 618 116 128 290 76 781 425 83 546 840 827 128 782 892 22 734 255 69 91 888 783 678 479 260 295 159 803 774 360 281 933 2 375 450 678 990 707 38 687 405 574 300 682 993 981 539 418 648 376 274 511 440 626 455 253 253 323 454 156 650 518 95 481 525 933 822 867 903 995 494 186 550 678 372 290 181 451 864 695 373 165 456 437 296 145 989 151 553 817 818 
648 355 24 831 440 727 699 17 861 199 755 312 60 624 944 111 781 947 996 964 916 4 791 124 50 997 345 788 857 316 348 982 663 898 452 454 761 973 940 843 477 767 416 759 393 254 583 839 657 852 651 273 936 952 134 995 737 351 491 216 559 701 922 773 21 833 837 168 895 548 830 328 419 358 356 95 380 995 418 842 310 786 204 86 854 728 927 842 948 554 603 463 606 156 399 507 777 899 565 307 
26 392 328 591 766 510 190 973 395 686 826 33 988 495 76 495 698 948 141 629 379 449 180 616 250 528 583 369 747 57 471 830 618 480 765 686 747 852 33 103 45 360 167 586 197 641 136 915 553 648 604 865 886 622 486 652 370 63 823 603 980 804 723 44 466 866 66 969 351 891 21 959 80 100 574 186 71 848 892 601 116 431 345 1000 768 269 360 517 935 964 838 23 66 473 417 50 656 208 751 20 
459 575 889 875 141 861 582 552 400 843 816 542 253 602 934 383 944 165 616 235 332 24 72 830 539 252 558 191 511 594 565 387 920 421 395 465 376 59 4 962 169 773 836 402 515 597 151 449 411 950 650 366 185 326 591 677 393 116 638 868 366 622 698 29 974 338 378 858 206 210 534 462 40 662 28 604 137 464 431 301 367 826 681 995 127 424 424 70 519 885 450 385 337 492 79 875 203 736 860 712 
560 19 996 358 832 855 359 614 632 503 501 245 552 725 784 613 214 377 110 944 325 849 633 143 175 338 382 110 312 896 572 818 257 441 181 240 604 691 808 245 471 576 140 26 536 27 897 835 405 874 896 529 187 382 83 876 864 34 316 25 479 998 42 382 479 148 881 709 727 500 981 37 303 688 920 840 473 68 668 796 812 311 826 563 635 127 960 905 397 982 50 964 82 611 495 750 675 603 376 996 
935 65 997 272 337 783 822 445 667 752 786 245 388 230 250 329 431 90 870 759 940 770 482 253 859 134 780 725 264 733 989 244 55 247 669 160 882 253 487 507 93 954 526 432 731 858 616 765 672 119 213 920 272 110 196 512 236 510 947 845 19 312 657 622 852 453 837 765 186 763 436 379 682 746 386 7 327 246 625 323 968 671 370 869 73 201 792 78 769 731 136 773 561 434 230 483 527 875 672 946 
920 466 180 795 327 187 638 500 592 198 647 377 686 268 146 722 695 915 346 544 122 154 606 524 333 448 206 81 390 35 802 94 150 78 490 889 858 507 574 29 810 710 722 845 153 802 704 842 616 704 411 588 476 12 459 851 155 82 39 252 312 845 794 616 378 933 952 388 218 607 541 256 259 135 88 427 590 167 181 965 849 308 37 118 268 160 788 590 703 717 641 786 351 314 746 765 806 600 302 922 
441 107 301 424 192 263 23 130 489 120 951 565 97 509 786 285 189 853 828 267 549 636 612 14 324 982 156 72 827 575 653 904 750 195 11 812 985 238 509 509 768 732 775 531 815 174 908 78 343 72 867 221 252 386 484 495 985 732 541 211 699 209 67 703 29 704 925 255 547 702 152 339 749 330 930 189 559 269 704 390 704 908 682 116 129 747 683 346 852 1000 119 928 749 240 364 722 713 21 374 652 
295 355 467 296 187 83 552 983 468 458 935 2 874 67 482 770 841 765 97 687 245 220 160 931 172 838 994 222 323 513 772 348 782 501 828 515 281 158 123 64 419 15 628 79 916 489 351 748 811 196 668 244 526 682 636 26 877 940 633 382 596 663 70 522 380 548 120 434 458 30 642 506 181 819 445 974 558 991 871 859 164 695 143 287 259 247 844 966 77 435 403 307 551 806 237 96 317 473 378 597 
111 785 409 119 962 1000 391 991 923 986 978 703 514 221 143 263 340 671 735 259 298 296 608 437 7 118 508 532 547 385 815 46 589 697 109 159 401 464 861 806 600 837 557 977 618 215 706 927 692 834 184 861 969 570 92 30 880 848 818 688 906 503 604 746 643 215 769 711 419 687 906 726 683 325 409 23 633 819 594 416 710 418 721 490 954 873 305 2 282 642 276 875 462 116 755 816 985 333 119 157 
454 693 325 50 953 121 211 479 376 395 244 805 999 737 688 163 379 822 257 799 443 514 856 663 827 220 43 832 679 649 434 275 185 261 401 223 72 282 60 831 894 143 314 999 669 763 652 271 61 885 726 545 966 978 807 202 242 978 655 45 164 830 385 545 376 934 385 917 385 591 710 583 429 780 926 148 716 222 655 822 267 658 241 468 803 577 140 260 939 355 11 341 685 511 906 513 214 44 174 643 
352 21 432 227 196 708 44 546 571 555 622 405 397 425 487 156 548 497 781 528 17 88 718 529 94 583 495 492 661 525 30 417 660 987 13 11 456 816 887 633 690 92 269 3 774 680 520 784 313 778 976 72 824 520 210 252 723 662 66 225 864 676 926 741 523 80 504 406 254 44 678 454 725 632 296 710 445 1 383 73 46 267 46 644 750 638 684 331 694 793 127 83 701 440 503 540 512 407 564 745 
826 283 565 671 547 362 307 178 813 413 765 909 421 213 572 732 244 575 848 600 773 886 621 800 266 774 289 271 165 556 901 640 863 506 985 229 104 419 139 817 62 720 168 231 134 385 927 454 817 295 351 937 679 768 817 435 287 731 759 459 838 578 637 873 34 474 953 876 625 39 985 214 538 881 858 264 754 125 180 878 106 18 314 75 15 240 748 392 799 811 976 702 687 40 810 1 899 111 621 807 
828 748 37 209 710 872 314 107 866 379 275 294 396 342 730 950 133 596 876 45 942 15 564 194 183 53 363 108 843 4 295 824 8 586 105 125 724 228 799 41 534 146 687 495 347 764 567 857 534 999 619 761 550 802 362 784 696 457 10 366 720 725 10 48 761 283 692 970 383 436 679 743 685 766 808 724 366 158 548 115 718 234 97 210 386 435 98 699 975 316 190 594 674 262 789 219 874 955 275 495 
250 685 550 319 84 961 5 604 909 12 547 165 370 125 117 326 715 334 217 328 736 770 623 377 357 346 531 490 542 952 625 918 974 298 47 289 409 483 49 895 362 109 992 82 942 691 276 339 590 523 776 794 661 599 17 160 713 870 295 621 760 800 263 688 552 414 192 653 753 6 575 273 328 577 486 928 231 724 94 318 859 246 997 459 997 172 170 239 819 250 957 93 448 148 49 371 177 439 759 960 
321 803 134 876 942 692 577 510 758 940 898 214 32 284 163 83 164 910 135 96 373 924 749 901 622 316 990 540 503 122 759 355 118 966 743 421 856 924 514 342 290 870 683 76 297 770 850 940 271 964 122 256 859 626 962 233 203 470 552 597 254 92 764 559 192 102 165 327 66 632 992 659 265 672 113 114 184 134 760 170 146 278 445 663 611 457 229 646 942 360 792 108 56 798 189 158 349 901 835 573 
380 160 911 492 251 305 98 438 612 371 238 271 856 25 200 511 897 723 216 428 687 145 242 129 79 550 752 131 840 978 422 458 753 272 354 886 949 623 447 789 730 205 653 121 421 965 40 297 262 141 900 444 374 378 243 426 372 340 169 481 571 506 558 533 401 669 622 587 487 845 976 28 995 440 768 53 822 356 760 23 964 696 127 109 775 950 443 351 39 645 483 631 951 22 150 571 969 705 232 939 
10 559 80 579 995 772 700 94 634 724 652 463 611 780 320 221 892 797 144 649 377 815 769 454 888 209 351 1000 653 697 775 667 377 412 274 241 492 513 67 391 581 806 63 442 308 16 497 596 681 490 628 864 734 497 465 91 442 972 633 585 708 915 275 147 258 556 533 871 376 283 488 900 6 461 865 401 414 55 276 254 175 635 570 167 463 733 91 793 115 956 317 682 704 101 609 32 957 899 100 751 
824 656 802 448 325 597 681 425 59 389 146 845 888 154 856 428 49 56 376 67 100 703 10 279 771 132 247 922 248 856 21 452 319 958 840 31 169 693 53 778 474 968 417 138 907 441 849 793 436 241 21 929 559 649 713 141 83 871 950 777 20 570 722 233 341 919 335 905 884 947 531 117 973 263 747 355 432 753 941 243 152 851 333 259 95 350 643 85 346 477 798 648 4 65 807 298 737 509 766 535 
810 616 343 491 246 924 398 67 561 297 307 801 626 220 14 282 187 82 435 993 709 916 68 728 529 545 613 26 114 866 114 211 429 434 616 400 648 925 206 917 930 149 214 331 145 429 241 156 657 493 781 608 38 849 170 967 443 77 788 87 846 622 918 449 828 239 677 829 199 414 294 340 349 243 753 962 899 40 898 98 436 485 497 434 92 345 405 288 646 633 582 333 565 568 511 185 887 916 815 101 
891 830 558 395 375 236 793 229 57 949 768 931 920 51 230 615 948 215 796 85 816 821 760 686 183 976 853 995 222 130 367 772 843 813 975 718 995 411 235 755 179 449 893 139 810 92 159 139 42 913 444 75 35 405 726 446 660 446 93 903 481 692 112 769 926 859 271 906 747 682 470 409 638 370 243 946 907 846 930 481 130 695 422 460 599 468 126 35 347 465 164 703 357 984 501 751 974 851 924 92 
378 160 865 333 572 574 343 485 955 451 254 768 172 774 326 272 983 822 338 2 44 882 179 260 455 793 59 229 653 318 3 967 960 420 84 381 193 45 193 623 189 527 810 644 991 58 38 262 682 375 964 585 943 194 70 470 316 182 456 431 43 331 327 526 683 858 233 664 985 591 497 577 384 389 593 839 12 75 615 479 390 11 174 170 723 165 764 247 421 499 564 94 753 244 371 308 200 428 637 112 
778 399 941 37 582 910 534 650 979 478 764 57 589 479 539 614 583 555 824 727 583 376 455 80 273 949 471 444 365 973 112 357 799 8 504 594 942 755 948 718 970 594 826 396 266 973 869 749 317 142 780 742 893 637 877 166 255 708 944 431 690 456 945 667 200 829 200 997 888 876 476 378 534 237 624 134 616 961 855 849 863 949 869 109 802 160 762 46 210 724 505 237 137 649 3 381 932 350 253 943 
423 943 952 381 834 194 738 824 687 77 360 559 316 256 343 325 882 254 750 181 419 41 592 933 941 132 176 596 612 287 298 830 689 504 944 103 480 560 560 262 293 746 0 791 93 323 821 403 46 130 132 728 368 199 888 596 183 158 770 957 231 675 406 672 383 131 452 947 966 569 704 215 413 653 568 696 822 73 785 807 675 126 806 747 147 835 847 679 385 229 51 30 237 867 145 290 518 277 162 992 
568 347 203 517 633 816 87 447 767 6 164 867 637 768 728 114 102 599 125 883 924 498 346 826 575 979 417 965 33 774 133 437 381 497 631 6 50 150 744 475 594 553 352 456 298 862 244 367 767 443 823 646 897 23 726 587 731 32 556 648 894 315 144 473 989 801 255 200 2 813 680 718 849 484 76 539 382 358 127 18 506 90 181 908 164 544 256 632 938 497 122 201 793 289 120 476 206 866 727 964 
704 409 545 946 138 534 569 646 853 262 513 400 834 442 245 0 506 376 160 969 50 269 433 211 955 506 808 421 93 147 111 964 629 725 801 459 731 993 215 496 536 145 969 169 61 633 424 273 34 83 67 6 298 323 984 511 168 907 416 229 822 134 243 452 887 750 146 774 500 559 42 984 254 632 368 153 20 933 767 108 446 426 576 953 91 968 808 927 418 802 133 180 672 889 544 621 634 781 850 959 
269 440 602 763 105 310 122 452 349 235 11 429 171 96 415 921 913 444 715 267 246 695 847 469 250 172 153 657 362 489 153 980 586 588 121 281 605 704 635 444 709 53 514 368 703 67 679 613 305 646 411 172 286 188 295 441 733 762 681 691 283 918 589 441 671 310 14 995 102 812 147 295 731 163 862 706 627 45 927 638 568 492 670 207 36 500 722 790 407 856 92 98 345 657 402 619 720 611 356 71 
156 1000 858 398 524 841 970 149 199 779 111 376 252 151 605 12 780 155 448 460 861 532 17 81 2 630 817 734 865 272 553 189 533 69 273 454 317 596 139 194 14 636 953 347 921 452 120 579 0 333 492 603 53 235 898 900 272 120 757 71 134 596 547 518 682 303 574 608 813 956 46 305 647 288 186 870 751 759 870 945 397 202 208 28 218 394 866 969 274 494 998 232 89 596 326 716 773 760 824 923 
837 314 573 993 45 195 805 103 876 782 103 918 485 8 610 711 933 613 471 682 261 12 485 686 5 931 573 392 617 539 108 447 327 568 470 147 708 578 106 88 867 150 241 676 801 762 147 633 645 386 757 70 824 585 237 722 131 40 621 952 983 731 474 502 719 701 484 280 641 592 921 348 688 917 393 938 472 762 57 743 567 281 837 46 133 476 978 578 655 98 556 667 381 81 607 883 566 221 727 288 
632 157 468 550 771 326 543 734 567 73 79 795 2 176 655 780 859 588 744 768 565 474 446 840 578 120 976 244 73 686 255 919 596 675 188 389 855 89 898 935 448 950 2 21 715 322 96 900 999 214 906 932 461 149 65 279 964 518 619 890 225 377 572 33 555 944 607 3 39 343 230 327 975 624 569 572 32 727 482 637 678 278 204 993 864 438 394 991 980 385 385 417 495 712 821 841 707 380 418 262 
177 895 551 488 701 326 606 752 390 993 280 62 599 30 611 996 326 801 813 526 535 943 494 289 204 77 876 196 726 670 977 991 197 162 571 915 185 658 97 249 402 370 39 699 133 225 366 390 893 59 913 701 795 820 598 108 733 113 262 666 106 958 480 580 243 249 385 684 86 320 340 688 803 879 595 380 567 279 827 492 886 149 301 586 153 75 472 696 255 100 554 915 294 57 147 125 313 173 751 45 
154 241 160 957 863 369 151 707 391 241 567 762 120 900 908 16 843 530 729 912 509 287 599 502 470 57 723 237 686 494 759 479 587 961 820 89 302 324 677 198 309 979 376 363 762 370 228 801 408 738 695 567 528 835 497 906 899 20 908 807 40 475 912 298 18 856 204 563 251 916 602 132 907 167 139 886 115 433 902 466 54 160 548 585 790 289 157 128 231 735 670 100 4 407 447 441 502 727 648 383 
983 169 540 545 805 480 764 136 366 261 247 454 253 526 283 540 768 757 151 784 655 566 591 765 249 821 895 661 392 110 919 679 537 91 983 469 624 271 980 210 404 371 412 497 707 723 519 215 269 420 335 961 899 206 906 365 252 544 582 487 51 319 17 148 970 754 770 318 376 553 122 44 145 623 750 802 417 758 779 554 226 988 307 602 285 982 435 698 527 760 31 459 832 553 30 94 441 17 638 348 
423 1 691 519 126 158 997 451 832 667 214 662 177 335 680 409 28 769 426 68 765 910 233 420 638 908 454 601 876 294 868 958 627 163 700 911 303 696 450 153 775 752 421 687 116 708 497 539 878 678 50 627 496 202 322 495 296 258 213 370 868 450 291 722 869 177 498 462 301 187 669 269 433 72 81 796 336 469 7 228 562 87 391 391 156 385 994 385 584 654 818 986 77 814 44 64 376 345 118 375 
298 240 479 40 508 390 778 181 109 202 55 594 440 304 866 349 671 64 180 489 686 904 274 763 636 275 1 1 75 514 5 939 451 891 141 127 690 271 977 369 40 319 522 280 297 770 706 495 128 120 820 924 82 625 943 357 40 560 564 829 476 945 64 656 791 602 255 622 651 137 807 693 302 853 260 536 692 849 416 50 556 702 218 920 126 440 16 309 981 894 841 769 699 85 347 604 505 480 527 908 
287 330 956 66 58 632 980 294 177 278 766 322 283 86 839 12 101 464 815 486 249 546 841 502 662 228 196 414 683 542 794 921 235 760 556 775 590 470 213 213 851 928 619 928 794 211 743 793 328 398 163 608 349 468 547 203 815 189 283 715 320 341 814 818 717 217 13 959 642 384 414 677 216 871 708 321 756 752 797 178 458 344 389 181 928 879 119 427 478 848 377 462 926 593 336 658 751 324 54 821 
476 675 268 623 157 703 52 47 358 196 351 555 945 367 392 960 623 25 240 185 92 106 144 632 545 789 418 432 213 690 768 464 689 158 509 61 238 604 981 323 28 522 522 554 37 132 282 537 351 39 627 801 559 853 772 960 578 333 338 500 9 775 757 934 721 707 920 261 711 699 575 78 3 70 656 666 517 194 6 928 215 322 18 235 970 723 85 271 507 658 223 37 670 105 994 398 119 541 449 403 
116 278 912 641 550 651 241 41 266 57 411 100 543 740 400 775 70 799 29 830 729 554 544 504 310 57 225 747 680 634 409 670 279 254 834 892 573 129 782 451 579 539 677 929 803 474 844 638 729 921 932 816 88 772 51 601 503 838 237 478 970 413 44 311 19 273 973 646 825 59 914 385 708 297 590 338 210 226 261 288 151 772 23 806 636 598 626 286 109 17 777 976 138 560 539 679 397 146 743 456 
423 158 924 922 907 704 207 205 279 696 863 943 737 625 192 377 226 34 564 742 731 439 881 600 784 84 173 849 339 686 445 446 500 764 643 668 10 620 477 113 337 516 171 403 677 6 437 682 404 172 730 160 600 581 566 889 910 77 566 196 685 695 919 678 536 100 742 614 301 953 592 348 310 693 715 531 802 870 856 138 176 356 777 297 699 10 453 798 99 254 781 550 305 154 58 593 742 236 728 252 
702 482 788 383 113 666 273 375 373 622 111 128 244 805 741 246 35 626 686 640 792 142 325 593 702 181 646 259 795 208 398 195 109 294 24 959 684 179 62 675 148 741 545 218 917 23 385 657 857 107 283 766 685 881 688 355 721 216 595 213 985 140 740 603 897 377 78 706 753 465 557 349 910 835 928 373 225 875 926 177 682 695 953 80 804 947 650 645 949 811 680 952 870 352 78 295 415 400 382 440 
534 414 617 219 896 785 482 15 34 865 428 999 565 623 123 7 607 822 310 551 989 575 328 110 442 683 366 388 228 801 967 197 601 804 14 246 907 170 757 281 126 637 52 43 421 735 223 14 107 819 827 879 930 529 923 525 33 113 177 251 244 812 294 905 409 613 94 163 204 511 820 691 208 568 245 46 41 715 228 176 852 401 219 843 527 16 830 366 326 523 168 771 42 755 963 720 863 900 808 170 
142 451 60 434 490 711 616 955 652 497 745 835 119 958 153 218 717 478 99 552 729 233 676 394 176 915 52 703 364 41 468 872 629 295 824 873 498 727 139 378 274 103 526 220 478 443 200 451 765 881 735 612 738 883 457 507 706 927 729 283 717 652 114 195 282 489 81 957 43 255 677 22 243 839 336 958 444 579 906 598 822 568 708 635 472 263 124 32 603 353 714 535 891 70 907 245 850 786 290 911 
204 596 267 927 445 488 872 407 691 843 992 588 146 461 650 5 757 834 775 955 257 305 512 889 216 598 574 420 38 287 724 171 516 698 877 813 441 386 713 402 322 807 387 188 506 117 273 637 970 939 431 121 533 9 916 765 213 852 513 170 174 101 433 802 690 347 325 279 807 864 919 334 618 917 811 364 569 314 678 451 951 655 111 339 274 827 934 551 523 135 573 159 233 401 75 522 977 946 262 831 
18 833 461 642 828 751 190 85 493 386 585 604 417 803 319 434 363 936 360 120 549 224 527 666 171 207 95 362 98 491 607 457 116 409 172 396 861 53 932 501 635 639 570 750 4 449 143 742 272 649 583 793 322 9 958 138 96 115 697 544 94 424 522 193 630 373 885 82 184 788 729 548 418 656 533 234 348 164 487 419 303 285 377 77 323 685 314 494 551 243 632 820 127 672 700 114 220 216 797 757 
499 106 327 839 260 414 931 868 390 627 666 819 825 498 533 855 864 201 383 472 38 978 135 33 909 319 381 614 538 242 927 395 634 913 870 166 79 107 790 636 468 715 652 225 863 674 611 781 198 898 149 477 698 981 398 616 690 311 226 643 66 42 923 932 61 297 735 169 602 541 641 960 734 419 435 797 987 611 977 464 139 695 738 869 983 56 142 455 807 735 416 827 32 256 434 517 527 162 525 723 
856 482 335 758 622 825 803 476 875 963 461 639 122 894 586 127 539 606 5 235 359 124 273 204 576 404 618 715 522 327 661 952 489 624 676 352 417 351 302 732 928 194 801 437 704 26 471 130 815 23 804 370 420 396 469 482 505 473 806 598 209 114 723 280 184 80 980 111 195 299 896 660 1000 724 151 630 747 897 813 230 448 295 890 332 638 107 286 46 238 611 576 786 9 954 479 415 299 795 852 124 
148 317 65 392 237 616 597 401 950 819 675 216 95 556 696 872 68 961 666 1000 923 982 923 22 831 952 174 907 58 68 132 204 994 460 604 547 926 882 240 347 159 449 314 107 904 972 214 933 300 586 679 77 496 488 630 139 845 118 725 519 88 193 813 186 290 905 325 597 99 336 462 929 910 115 433 157 587 315 333 253 852 324 705 421 885 434 451 144 714 840 45 832 17 725 136 389 573 937 48 521 
833 721 980 989 514 42 824 928 487 252 990 902 407 403 133 672 274 922 739 973 198 341 97 423 871 112 185 129 227 32 479 376 68 955 878 500 930 670 961 758 793 215 526 430 786 714 861 947 641 396 192 678 303 983 76 705 978 644 709 914 569 614 180 331 630 154 34 372 994 673 938 526 648 744 776 594 140 525 718 432 235 509 83 759 917 862 849 635 402 753 161 788 443 548 316 520 831 582 625 233 
84 367 21 63 102 890 855 581 299 735 118 274 674 785 993 985 764 644 487 34 96 515 401 403 710 899 455 815 793 234 87 999 742 83 182 784 953 531 717 749 46 77 357 206 435 364 658 449 619 483 122 380 399 567 193 473 269 370 813 239 421 952 645 677 818 153 209 650 380 93 300 12 125 809 544 416 734 881 626 318 198 22 454 157 107 800 877 74 523 536 954 822 633 718 878 626 409 953 445 77 
32 963 333 508 87 586 644 799 298 466 415 83 260 862 887 205 480 196 10 45 254 542 720 304 717 686 52 883 459 707 978 998 310 36 543 640 619 222 927 292 586 648 226 68 208 976 68 997 687 615 576 577 885 758 175 784 677 391 385 554 514 703 588 915 998 442 472 785 400 924 581 721 411 997 107 326 656 386 378 33 522 270 534 543 976 640 479 314 838 408 302 218 7 257 329 555 358 470 430 409 
524 541 877 579 422 895 906 370 327 525 898 328 942 470 518 463 154 929 806 823 128 93 755 334 266 923 400 261 657 466 18 746 967 559 708 1 158 270 574 44 539 818 486 89 850 729 514 510 320 590 258 408 797 90 900 691 328 804 499 864 70 845 150 181 186 436 542 99 691 747 393 3 924 670 987 835 647 176 748 854 322 535 186 258 489 673 84 637 877 432 761 610 427 108 44 503 514 12 522 997 
840 557 156 609 964 528 6 266 984 117 183 827 982 93 643 283 563 350 276 147 175 639 780 850 601 82 905 529 280 271 138 331 409 4 158 58 43 860 237 387 974 751 275 663 299 223 447 320 126 289 39 241 929 72 680 49 942 29 876 661 403 823 428 136 389 98 915 267 960 287 403 275 499 94 778 650 39 611 75 67 832 419 925 143 273 474 661 854 258 271 604 262 183 415 175 8 254 630 503 578 
777 367 310 632 522 248 140 888 853 748 593 729 954 816 550 42 376 137 573 970 702 758 661 130 468 89 615 19 641 703 817 250 420 942 614 282 49 933 448 557 574 379 52 198 121 238 70 271 319 354 560 838 756 350 623 929 444 882 830 267 982 954 387 844 910 129 894 646 503 206 746 879 327 121 899 95 390 486 895 253 60 311 103 580 455 100 832 90 488 522 774 148 393 78 873 982 98 733 874 907 
302 519 637 430 744 620 632 729 374 366 62 886 70 334 904 887 94 758 275 837 993 945 427 721 0 592 588 111 878 253 72 116 60 716 759 334 916 118 983 352 475 63 894 554 506 949 596 291 16 267 678 884 991 688 219 90 274 854 46 557 115 463 732 848 546 967 980 291 619 689 211 874 759 596 411 316 377 765 287 600 661 1000 410 620 380 491 832 173 728 17 96 538 361 873 988 562 516 713 47 230 
144 726 560 785 812 440 503 885 967 187 688 606 168 134 208 513 485 555 211 258 659 502 114 994 337 758 88 243 496 362 353 897 924 712 58 466 45 122 931 869 636 163 387 969 605 302 584 951 748 670 284 174 799 175 606 619 359 974 190 768 488 970 671 253 182 204 265 799 817 160 639 572 20 543 234 606 187 904 4 204 824 706 165 121 184 890 793 376 230 118 723 540 457 190 563 311 552 718 829 99 
929 672 161 596 967 747 92 288 976 44 468 689 915 315 499 305 361 936 709 152 661 782 938 236 104 353 135 798 211 67 684 879 317 296 524 927 804 341 115 908 267 55 100 592 904 352 790 472 106 810 870 776 80 321 20 539 771 629 480 114 465 137 778 646 339 436 13 56 536 21 986 755 139 154 561 520 387 269 761 201 750 316 612 313 506 492 557 959 495 241 816 140 943 920 114 157 704 782 296 639 
822 521 437 594 477 769 614 590 618 33 217 69 358 202 262 470 88 20 940 681 562 763 359 386 859 566 399 998 53 520 2 571 200 906 975 268 651 72 865 710 806 718 739 841 419 798 963 995 951 893 948 777 381 475 949 130 686 605 622 67 451 276 173 683 493 322 99 353 892 765 442 819 943 997 982 47 234 350 449 707 10 643 447 224 359 581 731 143 807 397 630 784 523 715 308 90 216 708 932 891 
955 626 943 198 307 645 314 660 312 30 567 674 53 128 450 367 616 685 22 913 783 810 739 810 170 657 310 67 951 520 304 748 142 770 401 389 496 831 888 914 64 623 386 633 684 458 505 805 117 296 614 363 40 946 521 678 997 350 725 105 322 182 614 496 397 844 278 197 854 21 801 258 983 869 866 431 594 753 219 54 788 772 247 531 635 159 505 758 280 528 188 717 197 237 535 663 155 914 767 917 
182 769 670 636 100 677 132 167 845 608 574 888 451 102 732 842 118 948 832 336 904 943 463 898 213 159 624 818 994 824 272 166 523 149 82 757 467 181 9 793 537 709 782 855 82 655 410 944 413 104 152 139 333 634 362 999 394 736 413 324 251 126 172 291 589 654 991 624 640 99 811 482 667 444 912 464 20 515 520 786 450 368 904 571 992 679 189 66 208 281 540 715 397 293 310 110 386 855 518 368 
676 2 315 138 932 417 921 532 912 259 821 381 601 907 241 178 718 489 667 675 17 221 11 482 909 815 820 371 283 775 861 536 874 162 160 635 678 326 593 373 695 752 75 699 227 286 764 161 853 585 535 978 977 35 681 574 642 767 494 837 143 496 147 341 741 759 986 710 786 754 169 536 304 834 441 563 388 277 148 941 772 693 699 455 634 822 898 720 270 615 593 207 190 287 786 991 950 287 990 725 
712 144 284 871 906 696 899 201 759 726 796 707 601 897 708 511 491 796 136 674 551 544 723 662 810 559 835 596 970 644 247 433 249 848 976 10 328 196 849 825 728 957 106 876 706 517 710 853 983 336 600 129 673 509 45 56 51 561 702 805 120 676 423 752 33 705 275 177 819 969 431 938 678 99 509 258 394 105 907 361 882 148 247 479 897 293 138 732 56 211 704 849 841 429 358 737 313 305 452 781 
851 121 451 517 733 948 17 607 974 171 59 608 68 518 635 507 896 811 370 494 269 38 383 790 294 109 906 644 833 441 304 937 509 279 643 131 368 104 440 617 881 773 388 269 964 339 737 147 934 249 844 71 137 969 651 908 851 515 500 891 147 507 511 883 812 691 311 542 600 156 154 901 440 296 638 650 102 294 217 369 775 941 971 298 132 514 332 286 694 788 356 815 446 670 482 212 263 558 704 978 
117 812 480 872 934 45 502 327 720 256 134 543 319 373 98 567 236 231 828 561 763 737 714 402 414 64 977 637 627 87 416 185 39 51 674 248 239 459 819 188 92 630 140 777 795 375 959 547 251 697 732 959 352 763 36 179 946 839 687 16 532 531 843 192 604 741 953 820 208 839 495 977 716 256 489 128 70 579 247 989 915 619 22 63 858 766 121 67 498 661 335 120 221 263 757 702 234 60 546 751 
152 519 136 233 536 568 106 606 568 169 633 168 704 47 4 269 876 387 637 563 929 514 935 331 937 249 984 692 731 40 218 840 342 587 774 199 782 294 264 872 955 407 201 231 730 385 266 237 408 153 867 445 32 241 882 12 948 350 295 716 559 685 592 947 526 437 837 53 487 864 928 386 677 922 979 598 788 134 620 839 722 374 962 433 693 182 902 260 103 809 352 982 589 357 991 977 230 889 533 204 
935 191 675 911 873 124 80 6 277 942 113 324 540 403 567 129 597 236 286 303 193 667 23 861 595 837 931 167 763 24 168 812 86 599 117 465 93 343 842 594 334 391 837 899 544 263 676 269 819 708 526 645 668 24 287 891 683 130 371 395 681 442 706 37 238 523 303 851 908 895 622 185 171 916 631 606 665 799 148 396 507 49 4 731 715 383 639 157 583 318 16 398 322 19 307 550 835 97 37 775 
306 56 983 834 647 773 363 888 158 552 697 275 983 232 254 804 648 370 59 608 431 845 708 354 232 290 0 406 529 416 425 84 756 57 349 488 251 448 46 411 960 494 141 450 320 911 579 934 785 766 375 56 137 359 580 151 464 365 484 301 842 889 468 686 510 221 889 517 836 399 234 292 25 888 598 150 68 717 264 691 160 599 685 317 451 321 128 517 592 343 173 536 119 862 352 43 702 505 921 753 
989 576 587 339 439 946 995 707 665 389 802 339 945 656 795 38 126 108 671 69 316 88 984 93 215 385 876 759 162 429 880 291 299 901 701 214 208 265 688 358 940 238 805 785 592 807 523 93 699 88 915 289 767 505 599 872 833 349 281 585 396 317 489 875 349 962 663 382 75 124 558 639 150 532 578 415 191 748 360 760 519 752 381 687 408 949 151 251 91 592 584 837 626 768 430 572 81 299 426 408 
496 309 254 520 30 669 654 471 593 565 330 814 66 72 39 452 465 735 110 633 621 542 931 603 424 788 153 738 779 169 329 471 56 439 271 799 555 352 975 449 621 776 205 319 532 3 881 79 301 953 655 409 734 468 656 593 584 219 120 48 464 716 68 936 577 866 777 185 269 469 926 713 497 10 333 378 99 116 915 295 652 547 864 979 155 102 931 336 884 686 644 961 26 629 729 556 4 303 402 759 
860 831 781 777 777 133 921 473 648 830 922 652 870 199 892 511 577 711 713 958 296 910 552 331 798 508 697 776 436 652 628 841 553 19 91 890 745 533 736 308 511 994 59 165 39 501 944 268 369 676 867 710 645 238 176 682 368 599 248 304 29 675 700 493 110 638 986 350 47 633 831 222 844 970 504 265 866 606 452 269 422 944 374 501 476 672 853 242 108 459 877 122 628 646 691 124 680 257 266 18 
176 146 151 529 783 866 726 874 555 640 538 522 440 527 744 871 428 19 209 770 984 358 522 62 282 965 112 8 835 536 219 394 0 512 811 985 910 476 7 218 598 691 111 590 681 290 413 707 999 178 719 945 314 539 465 852 861 222 161 611 72 269 853 458 971 709 39 226 886 784 471 40 268 191 203 804 58 981 101 935 302 628 935 50 578 701 694 891 173 861 525 614 338 177 463 63 71 76 190 766 
90 981 30 351 538 444 241 273 291 340 477 629 561 708 738 149 877 696 377 85 938 669 418 256 727 51 528 979 666 793 89 461 880 280 59 20 957 55 345 736 872 266 396 615 402 932 820 914 74 35 623 889 664 531 915 472 325 295 311 417 806 788 497 764 288 772 468 97 319 476 715 163 631 265 671 564 37 946 726 992 147 942 538 356 227 555 51 860 165 23 202 308 181 947 76 995 976 873 784 383 
915 51 403 147 970 790 179 740 920 274 876 503 70 400 241 75 580 990 988 190 387 171 825 807 144 88 448 418 547 40 314 955 772 198 804 179 990 675 570 464 84 275 673 879 121 993 71 672 754 848 217 875 335 677 721 697 326 681 180 253 248 864 52 216 928 86 103 552 500 270 163 652 314 825 185 903 361 926 394 13 795 493 921 39 427 997 252 738 162 390 562 617 765 985 391 344 367 887 10 957 
745 630 582 211 147 200 528 755 754 181 206 2 562 159 989 954 266 409 367 522 945 608 832 774 631 733 792 826 296 121 342 807 794 688 51 780 710 637 379 792 966 562 399 142 713 756 862 31 777 244 341 512 435 109 505 322 733 447 269 82 76 305 697 727 626 454 46 861 281 798 898 560 742 811 778 683 593 975 329 325 154 911 585 430 928 492 674 971 356 65 384 528 57 226 914 22 974 615 890 688 
950 942 234 766 755 789 190 843 478 367 701 510 43 39 924 294 960 623 43 152 670 379 793 500 48 875 182 728 139 658 563 920 802 387 786 886 959 747 711 523 976 268 248 772 41 146 272 381 643 878 410 820 904 788 582 672 439 993 61 221 304 392 761 62 405 116 995 279 390 488 117 467 214 803 998 890 304 487 292 198 398 375 140 260 200 368 969 369 829 189 859 34 38 498 931 153 535 538 763 562 
163 420 713 740 602 685 848 57 467 626 36 491 490 20 229 835 9 50 532 282 456 119 125 715 423 423 612 54 925 814 729 931 37 807 287 330 35 629 516 620 921 847 221 591 644 465 252 600 189 361 509 173 477 226 835 132 403 828 827 494 902 88 60 152 830 459 693 862 319 377 6 620 931 419 916 777 605 106 311 981 45 520 729 178 474 592 161 990 981 293 794 529 105 582 917 121 247 872 540 327 
963 99 672 25 15 891 550 469 809 526 910 452 891 270 525 849 155 657 402 358 866 157 682 708 319 41 703 742 591 383 429 578 689 251 549 380 782 98 815 690 162 896 843 120 122 775 702 395 642 188 108 880 267 389 561 271 507 869 78 435 96 753 187 600 602 902 618 702 498 330 17 724 306 484 148 334 410 973 96 658 452 528 379 187 743 868 789 384 865 859 571 973 152 67 903 195 287 359 941 667 
979 260 344 745 995 352 411 882 385 978 507 552 583 844 71 607 549 327 590 56 784 124 527 757 923 267 773 330 762 435 174 896 223 754 62 288 191 716 190 197 510 56 246 334 768 863 873 939 938 137 375 188 524 887 229 722 341 429 856 338 306 572 747 456 220 1000 106 683 426 678 758 962 844 697 441 321 800 1 285 346 406 396 389 185 811 788 836 430 149 254 972 357 631 817 291 448 76 908 931 96 
793 893 242 486 895 234 831 391 322 344 296 86 441 687 122 558 375 536 500 506 938 242 525 239 849 752 790 262 711 352 690 374 150 495 361 542 796 224 24 442 291 325 787 894 181 548 430 649 118 737 350 531 995 317 292 854 938 589 692 34 862 431 556 550 82 559 854 156 517 997 617 161 257 980 400 797 488 746 337 791 140 513 12 841 952 356 192 645 124 87 168 751 725 748 186 199 44 524 985 589 
226 763 945 599 560 207 931 634 39 595 420 152 667 436 637 602 253 798 291 575 706 16 531 846 884 315 52 892 829 437 710 427 417 302 861 37 752 925 155 420 198 483 950 952 521 308 705 179 235 906 303 930 718 485 885 265 736 584 556 453 67 154 778 718 652 228 707 218 377 305 511 375 868 925 187 546 525 618 918 103 990 763 873 534 679 817 178 444 697 928 536 79 816 512 699 545 841 614 414 364 
638 727 705 727 980 935 906 811 389 370 405 641 249 832 12 679 354 935 103 665 499 566 940 797 247 518 671 466 957 519 160 80 274 366 306 28 911 347 797 497 312 452 9 5 663 324 976 750 136 376 325 328 919 528 972 26 274 906 16 340 372 732 677 874 553 347 616 144 504 228 513 532 378 430 419 893 297 492 76 432 74 624 0 446 718 720 18 113 839 61 400 376 694 89 19 767 159 498 573 677 
632 675 91 244 630 477 342 855 251 678 31 629 605 718 101 841 465 154 534 334 930 287 147 601 290 313 18 447 613 729 933 580 260 764 353 148 802 424 243 865 790 298 774 917 678 441 69 153 456 846 874 488 270 68 203 313 438 266 235 639 712 945 276 253 423 737 662 598 993 903 173 366 813 998 24 834 156 782 30 66 69 21 898 422 681 106 602 380 770 147 470 16 552 251 652 321 628 810 546 507 
679 671 592 300 259 494 348 13 823 63 21 229 374 890 135 847 460 405 17 409 803 746 371 985 7 54 831 245 377 434 101 558 110 666 402 637 839 391 351 995 520 571 177 970 299 27 138 682 284 253 373 68 538 690 568 647 336 51 711 678 886 676 499 792 267 294 957 29 771 262 119 685 457 704 136 151 383 448 432 868 587 384 299 211 38 48 300 719 929 744 159 750 210 667 482 530 426 77 469 643 
578 388 186 245 150 883 140 549 33 604 897 207 216 955 754 229 482 216 95 562 215 495 714 994 676 325 808 632 904 505 620 841 186 84 291 664 659 249 177 372 1 823 397 744 619 361 238 40 421 475 591 182 147 750 112 452 605 415 492 736 7 838 199 866 528 175 772 967 495 166 492 404 567 624 44 943 183 132 416 635 660 103 930 594 434 675 304 92 592 125 952 731 889 580 659 715 284 927 165 122 
279 76 918 941 668 212 89 207 742 101 903 491 484 521 399 288 289 166 109 761 660 408 356 707 170 804 802 295 554 993 609 319 721 799 897 963 895 371 409 3 167 746 497 564 377 729 407 49 728 362 787 365 505 968 998 643 513 259 750 114 127 933 92 454 851 906 437 371 708 668 270 457 470 480 914 747 368 971 130 423 150 735 162 54 794 897 549 546 786 73 695 419 547 548 306 951 183 900 953 68 
640 906 973 85 613 828 922 894 963 589 528 211 170 802 176 746 90 705 767 638 244 869 371 848 569 415 698 289 265 613 846 585 255 12 177 342 138 913 720 559 244 211 858 812 348 218 847 935 869 121 276 812 803 670 917 297 219 975 442 506 404 525 256 455 114 349 428 724 530 378 790 508 646 271 172 304 303 619 758 416 177 353 630 338 922 729 426 445 331 870 552 745 258 46 941 658 70 793 356 953 
132 578 851 707 640 368 166 2 500 191 937 374 610 509 643 876 517 819 12 274 984 579 582 172 455 461 634 845 922 399 63 287 864 246 687 800 582 331 513 935 176 291 285 646 753 952 770 599 986 840 394 156 345 259 952 290 542 616 758 203 437 730 161 999 281 487 586 385 982 843 269 15 237 438 694 191 220 417 503 645 313 750 442 838 522 34 755 193 893 975 291 703 980 106 155 609 155 654 23 584 
318 781 36 584 92 263 863 975 27 743 731 785 931 938 585 418 528 281 386 381 487 958 371 640 628 446 256 689 403 286 778 49 32 449 992 734 576 592 415 128 394 366 899 528 711 824 530 586 167 835 333 784 963 373 345 30 807 793 332 809 844 5 33 269 668 663 303 991 108 653 901 913 808 168 996 770 465 576 754 708 341 787 877 796 138 208 492 230 949 808 201 828 230 394 745 398 527 619 322 948 
559 955 492 939 14 127 44 367 871 171 861 505 705 821 917 81 201 317 880 829 133 607 118 389 236 205 361 518 14 582 416 563 559 130 78 353 548 338 267 974 86 815 73 311 804 636 548 416 12 892 124 109 77 620 707 478 843 626 107 220 3 207 588 42 927 265 868 512 96 832 132 332 715 203 949 134 265 531 402 73 303 492 397 314 121 237 930 746 386 725 839 270 662 694 140 806 574 947 493 104 
515 151 624 85 774 632 706 142 74 34 546 685 441 54 172 267 919 12 918 432 391 326 697 429 102 573 21 624 931 698 291 462 28 431 950 272 193 572 48 989 464 901 987 718 469 404 542 458 889 106 513 651 203 365 542 139 361 484 540 337 449 873 982 875 395 293 288 859 645 235 335 907 388 510 382 780 860 940 259 442 461 168 7 362 620 195 763 918 662 253 522 56 189 632 485 162 889 839 818 490 
896 298 269 602 57 823 632 691 91 606 979 375 141 637 697 487 290 978 379 593 202 695 978 323 69 783 71 728 180 72 991 900 506 590 12 497 530 745 508 835 279 798 853 129 278 576 598 72 307 124 282 487 364 792 111 554 46 949 793 870 841 350 102 928 534 291 474 211 596 419 7 692 800 419 669 488 245 179 87 359 757 722 805 672 421 510 2 975 164 962 744 878 875 423 973 343 41 99 985 691 
179 240 190 348 97 374 537 625 17 728 789 899 10 619 132 532 96 321 993 275 243 664 815 273 658 726 391 158 664 245 736 834 669 521 709 256 203 813 813 193 635 605 746 354 136 571 422 166 829 956 637 264 569 920 976 608 572 794 97 289 509 772 306 349 946 332 412 19 662 976 872 60 128 89 262 524 902 568 426 696 613 118 326 474 617 62 816 214 596 48 832 95 400 488 424 516 462 566 443 78 
891 850 831 587 997 695 330 594 18 911 484 744 422 545 46 103 471 950 693 289 349 375 96 695 186 288 202 287 325 803 638 340 947 901 918 733 372 995 146 615 768 710 661 313 662 993 355 227 118 156 46 936 130 988 185 994 576 396 294 417 212 956 244 221 905 806 18 388 53 93 729 1000 603 678 102 760 631 814 657 570 882 926 247 416 873 593 449 248 663 188 837 152 750 415 189 137 855 174 935 8 
253 208 721 655 370 467 36 623 24 156 290 129 726 833 159 148 18 663 142 5 409 590 220 564 824 820 611 389 617 51 513 699 734 860 675 893 83 743 427 890 156 787 483 778 1000 842 726 509 525 420 66 875 690 716 111 407 979 657 414 334 990 638 494 974 328 407 23 762 331 575 83 569 921 862 595 239 997 934 887 3 740 854 535 311 613 574 652 128 999 655 393 503 919 295 160 366 125 288 452 287 
286 446 590 669 679 358 370 205 435 231 543 34 838 327 901 985 666 450 297 83 566 651 435 479 529 80 850 823 185 553 110 756 210 31 457 345 973 962 532 394 203 558 427 438 75 1 293 358 191 889 909 557 137 560 633 948 996 918 932 700 214 640 314 600 105 192 678 395 202 138 415 12 963 397 836 786 51 909 702 683 381 80 813 406 597 166 562 21 890 892 512 261 200 668 843 691 506 665 495 53 
864 170 944 820 980 638 6 352 81 351 335 568 698 602 334 570 917 334 732 854 344 908 53 519 177 991 106 672 59 434 852 353 999 931 358 863 786 151 794 210 882 181 75 199 685 127 277 127 813 69 907 320 143 139 842 775 314 153 989 791 799 594 157 358 642 36 691 309 30 745 949 946 883 122 855 439 679 503 979 498 723 219 566 395 582 489 956 573 127 132 841 583 769 892 213 162 892 519 236 433 
446 812 422 748 437 629 558 313 132 831 686 643 290 92 789 538 988 772 386 99 914 260 232 145 852 360 202 447 525 384 289 375 563 443 613 418 966 986 584 658 110 624 667 53 408 397 298 932 243 44 322 811 74 812 180 538 238 693 677 295 156 110 573 2 788 851 993 314 579 616 939 770 49 946 373 917 552 215 22 785 974 278 103 739 350 132 10 561 544 841 438 411 77 313 526 493 855 777 912 183 
296 764 258 417 784 300 320 467 56 415 216 74 241 885 157 259 598 418 533 394 235 715 630 827 4 281 676 909 333 126 546 355 601 889 865 337 313 143 115 580 703 217 521 68 213 353 945 616 315 795 179 22 833 77 170 943 924 66 926 146 406 541 523 462 988 461 604 579 412 199 957 915 72 806 949 861 508 763 477 139 296 803 450 57 248 86 781 816 657 494 173 423 193 42 335 581 556 49 177 989 
981 5 336 584 454 960 469 451 250 871 181 979 410 356 332 415 229 319 520 211 922 881 377 165 86 345 58 309 2 583 298 707 947 78 398 809 968 933 502 862 761 894 845 876 883 370 867 501 281 302 355 237 570 292 267 200 442 782 168 26 126 660 132 116 975 191 107 755 177 88 580 201 215 964 730 32 187 555 191 889 174 303 534 182 919 528 557 581 892 998 8 724 991 643 567 7 945 601 744 777 
