1637591 1441755 2220215 1856212 1197715 1576880 1394253 1559393 1159149 2164897 
2964604 3094829 2827730 2818654 2641481 2279840 2282549 2370139 2277611 3696426 
3230722 2535049 3389436 3273392 2180592 3132157 2374348 2438781 2950141 3758418 
3273828 3138600 3139524 3475581 2411676 3063571 2629132 2553860 2835265 4318435 
2929475 2335215 2551895 2969216 2057886 2530359 2256782 1813081 2931635 3449447 
3890196 3018763 3218723 3657836 2889517 2710592 2952905 2603580 3461527 4134885 
2317218 2233777 2344186 2219711 2183714 1465759 2227864 1899050 1332839 2727547 
2458559 2380307 2575173 2281611 1987890 2606613 1558245 2359699 2352503 3269077 
2557817 2029138 2736200 2552287 1838578 2382357 2057244 1861627 2445600 3387387 
2708170 2364916 2355887 2587619 2576845 2020988 2800815 1940253 2205952 3305700 
