24282786 25210027 22070522 25546582 26725128 25266856 27594481 25256964 24769065 23258460 24470226 26007024 25577485 28965077 26807167 24679399 26453141 25786032 21434805 23388454 27145584 23175246 26337556 23228880 27884145 25830572 22712275 22403142 25391533 26437817 24241591 24913578 25715139 25249669 27029273 23972459 24251437 24942464 27714380 23383645 26355780 24388885 26326466 25575210 25125693 22267164 26108788 26648671 24686610 25040466 23182023 27783345 26134951 24917138 23509685 24032634 26417440 23385683 24440380 21878535 25551877 26752063 26923406 26177561 25625401 28353773 25720413 23495916 25896398 24041369 24463826 22963341 25861749 23964434 22961757 27953756 25548188 24536231 27476980 23867636 23566395 24328706 27681082 23184231 23771732 22068073 25784152 25857863 24929419 23683597 28328071 25702750 24487299 26086356 23590976 24414517 22957458 26271007 20050054 23414675 
24952583 24459236 24318852 27106462 27218068 26997045 26393899 25304464 24660827 24130329 26180401 25039277 26191131 28707663 26819792 26267438 26606526 25268301 23532652 24721202 28417412 23060120 25993995 24733401 27201621 26058243 24477746 23227444 24247316 26678321 24438184 24450946 25752029 26653557 26329750 24928611 25888965 25542122 26013403 26821890 25706512 23532972 25847066 25206258 25666715 22859270 25286953 27064640 24794908 23715192 25067212 28086356 25260638 23693069 22247872 23165586 28965614 26433508 25415022 23049401 27449816 27420808 27647008 25281718 27003983 29121272 25590873 26031584 27095182 24205503 26062627 25849845 27260148 23979926 21853534 28734055 25874119 23878992 26522378 24044629 24387959 26417397 30188360 25717113 23736874 22192018 25472572 28284587 22281177 22988089 27434931 26029219 26508589 25226637 25007935 26036838 24728632 26312028 22794024 24311507 
23202781 24391337 23366482 25033122 26663182 25992276 24659768 24032665 24486967 23349042 25395510 24416865 24870102 27464572 25148807 25359483 26475238 25977171 21755905 23164043 25363985 23164171 25248632 23123107 25965697 23318151 23237640 21306971 24036130 25150213 23604546 24659635 26523503 25989036 25016322 22698144 23213122 23630375 26321333 23477628 25463990 22151356 22875536 24490318 22924793 22752919 23575485 27129654 22706501 22364725 23940943 26075929 23528959 24217966 20579384 21261563 25452445 24187575 23312431 22128473 26162543 25947938 26261318 24276730 25816822 26142303 23379103 22361169 24933266 22814793 24265181 24148335 24211299 23391230 21398518 26675605 25050454 23032468 27534956 24621409 21845818 28066061 26359203 23512826 23765227 20521317 22812963 24022077 20861841 22277865 26935696 24408682 25293257 23318275 24525012 24992348 23488199 25057710 21226709 22785072 
22460382 22855082 21615707 23526614 26239088 25633174 26251673 24463074 24264552 21763532 24910303 24764958 23296618 26870070 25041361 23681934 25062580 24808587 22748077 22258968 24271503 21884437 24440495 22047093 24834299 22325793 22878373 22475156 22624497 25311069 22361625 24890694 23349228 25120491 25854151 23804521 25224795 21818270 26434593 21742801 25441530 22851272 23745547 24359910 23461571 23088894 22511136 25667024 22521461 22599400 22779095 26065522 23024313 22835193 21658309 22143520 26393803 22621343 22244634 22516124 24981150 24916068 24818499 22388235 26292524 26378386 23349813 24316379 25100780 22372158 23514550 22173829 23128227 22938743 21210180 25914665 22994837 24249643 25888881 22454113 21382087 26054455 25503100 24278351 22388070 20425083 24084135 24607476 23744945 22053506 26277099 24480666 24392069 23867585 24028027 22723161 22996545 24123275 21108326 22697989 
26157827 27240534 24802863 28187351 27496763 28423789 27512321 27319136 26102053 24534576 27933034 26507556 27501387 30491678 28165431 26607082 27651300 26634071 25974651 24911527 25967845 22781287 29312665 25512249 28773376 28422256 25352635 24058967 26713638 28132385 26111778 25930787 28793810 27813783 27939335 25597877 27684119 25618343 27905664 27682970 27608315 25440368 27092624 26712860 29178751 23690339 26790261 28332105 25095444 26149719 27719531 29948090 25740664 25357428 24735895 24298368 27072027 27531597 25452637 24123702 27591376 29150213 28597356 27616696 28474634 28962274 26124963 25028045 28165682 27072117 26586393 27389849 27682079 25867736 25280476 28794374 27286698 26737267 29851768 24038181 24479331 27998504 30397108 25689979 26428705 25048110 26886133 28505114 24910613 25115201 29488215 27213781 27067555 28955994 24581729 26490491 25507334 28536242 24797284 25835503 
27420972 26595449 24956846 27509996 31323115 29820934 30313916 28259603 26086200 25959482 28572200 27918825 28796409 33232394 27425422 28557762 29303069 28889363 26122224 26073800 29807791 25772116 28691352 27878205 28213469 27050246 26934989 26064508 27383803 28893874 26225907 27547437 29642313 28816227 29462831 28694607 27774189 27986472 29767667 27300628 28645105 27953049 28350983 28622227 27085312 26006789 29004334 28287353 26111677 26393505 26688589 30785041 27183633 26213390 25000643 25793111 29747938 27686873 26960809 25723135 27739760 30019506 30446085 29818900 29241956 29861830 27489630 28105721 28651655 26896451 29193095 26291058 27198793 27601139 24587225 31635231 27075107 27697710 30646973 25832827 25890706 29429510 32561521 27300490 25684940 25799191 28268053 29876887 26056187 27111971 31078761 28263011 28712423 30736138 25416976 27032077 25821810 29676832 24665475 26774547 
26372301 26216482 24711176 28142871 30164836 27160250 28975357 27522425 28818846 24860029 28276237 26943391 28678804 29880962 28292842 27890307 28235675 28996779 24401401 24715868 29109929 23583960 29662937 27831418 28061492 26898433 25779798 23044776 27872034 29205628 24849066 25568614 28196991 26131484 27566159 27326388 28085920 25496804 28641770 28412242 28392823 25422948 27525249 28719911 28448962 25564391 27123027 27455957 24022635 25204958 27139610 30081564 26202059 26571824 24306333 24427421 28788005 28884438 26548597 24209609 28172893 29402207 29869414 27443775 27135143 30914986 27547752 27089165 28516102 28519972 26335407 27287918 26424021 26555831 23963584 29357614 26516899 26957488 28280460 25918825 24711576 28282482 30187893 27199873 27188907 24034864 25764926 29610379 24984994 24543486 32030575 27095244 24970825 28103300 24452955 27781518 27508918 28587084 24719243 27012312 
25567153 24627067 24484385 27382999 28700369 27487477 30103274 27544667 26829900 27514279 27665948 27572798 26633938 31893741 27833649 28266542 27034872 26082608 25478327 23938070 28231594 22592875 29374670 25509544 28076257 25202282 24658100 24450941 26616873 28164207 24799778 28041535 26996331 27543459 26691116 24603457 28573252 26340600 28112301 25534174 28567502 24616777 26459369 27991168 27719855 23530237 26115731 28352014 25976164 24956467 26690868 29539616 25571236 26741039 23278412 23627977 28465870 26505061 23372999 23674555 26817779 28707064 29480922 27740725 26792394 29790717 26577832 26459546 29423535 26248150 25487140 27297397 27463970 25644589 23557210 29097035 26858126 25575458 27841477 25941805 24194149 29652291 29183904 25546206 26661072 24952303 25695123 27171684 25517170 24683567 30228849 27187129 27291165 26920411 25402457 28159671 25661639 27279698 23281260 25600881 
24414912 25710290 24433626 26284666 28298672 26302745 27596436 27147122 24481373 24191210 27274228 24271853 25963343 29430578 24795846 26353621 26596652 26348847 24279724 24355465 25563699 22951026 26155283 24300819 25433693 25772715 24054835 22209361 23946798 26619851 23836520 24582440 26896602 26763808 26561940 24818171 26866461 23913919 28088117 26147281 26592113 25074607 26047258 24829221 25064772 23782847 25066471 27203209 23323146 24170217 26101045 28398930 24604359 22997255 22241408 22925862 26377703 23969778 24645774 23090215 26630235 27723654 28223558 25518494 27597514 26956278 25595393 26253679 25418111 23513412 25839009 25489773 25210005 24517626 23247607 27524424 26648311 25059913 28355177 23821811 24142278 26011313 28373393 24803948 23020050 23912127 25340843 25701222 23663805 23870855 28518835 25348796 25117193 27956905 24862294 25624517 23664712 26076084 22346704 25222644 
25969217 26918725 24395000 28243997 29521666 28335638 28593766 28996371 27080909 24780804 27926483 28123190 26795093 31926566 29259801 28310469 28752601 29353084 24034619 24718738 28335519 24913792 29327998 26679245 27657269 25891924 25520374 24593004 26628632 27929232 24685678 25789266 27793025 27962947 28367001 25617842 26792455 27085388 27657178 26162856 28013104 24882540 26472063 27804841 28677149 24857183 26950400 27657243 25981507 25981494 26069636 29230421 26809882 25460249 24738769 24103735 28031038 27413160 25171230 22970988 27823381 28312707 29909619 28254413 28180188 29445246 27103584 27283637 28769086 26150307 26090543 25266106 27517826 26516101 22880224 27750899 28095065 27122299 31118123 25924738 24379221 29134673 29479392 26947448 25918165 23902647 27183786 29779068 24927758 24881257 29849983 28050173 29323650 28338320 26705024 28285749 26869764 28178462 25451392 27226154 
23562194 24320853 22979467 27009651 27364810 25660180 26616021 25701002 25088243 22730251 25527805 24086115 25955938 28093217 25416341 26070120 26436779 26811460 23169337 22292434 25503464 23123404 26429489 21893000 26646061 22988930 23375199 22717126 25684085 24836929 22502773 23710334 24650971 25346666 25924671 23894290 25302780 25015807 26156838 25876392 23437233 22814925 25018796 24385108 24178021 21325322 23314569 25200096 23663146 22632373 22939553 26105384 23411071 23238986 21654214 20728317 27308938 25699402 22719381 22439427 25923526 27028209 27662612 24642743 25375986 27146862 23851134 25481121 25891281 23170839 25982834 23767639 25635981 24198792 22394188 26075111 25434471 23302380 27890362 23783576 22705524 25396670 28247751 25646940 22782115 22382223 25771169 27459916 21851026 22575748 26773766 25384838 26309367 25100724 23171840 25148689 25013902 23565275 24311260 24579677 
24691679 25815503 23649487 25276805 28436836 24976031 27949575 25854036 25349666 23185028 26027138 25419656 24539572 28561991 26545058 27061929 27743751 25132190 23956060 21678503 25585322 23180410 25754397 23614361 26044716 25338177 22870553 23164900 24570475 26538270 24579919 25582859 24113948 26141717 26159159 25613263 26004085 23979530 27271892 23539342 26932148 22760608 26215310 24607940 24435904 23353478 23745945 27312108 24229701 26068016 23914924 26572189 25730292 25889562 22652119 22178606 27373132 25374826 23779832 22941922 24402142 25820917 28509129 23920825 26489581 27033252 24223006 25242913 26344007 24317884 24872742 23622271 25053457 24965099 22567634 28115703 25428290 25866195 27737750 22920240 22924608 26046258 28364379 25039336 23517816 22714713 25308108 26763371 22578218 23057198 26955115 25300956 24742087 25845524 24090707 23856460 24201372 25215744 22149614 25597621 
26095628 27762642 24368649 28452380 28157124 28552367 29349782 27173153 26659285 24985622 27502723 27852826 28902898 32119831 29124622 27004806 29013030 26757247 25840589 26472278 29610904 25466301 27674815 26528399 29167594 26053539 26027873 24134358 26641982 28621724 25974712 28895001 28202169 27338319 28161308 26976544 27320515 27003951 27791837 26864043 27994797 25310399 26881201 26649398 27262809 25785067 26576442 29574489 26568331 26287171 26758074 29487115 26127554 25243195 25121534 25489227 28049011 28610809 25499269 24984108 29105870 29754007 29640413 27888664 27854760 30143295 25808297 27246549 28647411 26782425 28018210 27610482 27573118 26799745 23386201 29106009 29343616 28301320 31973288 25273940 24821853 30461599 30508769 27308079 25796096 24911746 27421408 29815148 26121266 25039020 30802166 27271676 28653260 28871972 26091220 27933325 27813515 28674177 24830537 26388844 
24469462 27432347 22826831 27636946 27313238 27363422 26185681 25368898 25089268 23257868 27723083 24714424 24558112 28953399 27287481 25042096 26469999 26662144 23829211 23389007 26262725 24568532 26585668 24006846 26516430 24791172 23348278 22795510 23845786 27175893 24299563 25817558 26253618 24660501 26252068 25362497 23668747 22857986 25408545 25080283 27424907 24323385 23443654 24976341 24411315 22686036 26687911 26720829 25100125 26544860 23296777 27654670 21510742 23588706 22676579 22796064 26055037 26497606 23991852 22463967 26135945 29188982 26000180 25303811 27213249 27985506 24242625 24556279 25803421 24622126 25514045 24954321 26850693 25661687 22872744 28122968 26383524 25623533 30227526 23436709 22418035 28648548 28189634 25543616 22343269 22505642 25891846 26162597 23169392 25125547 30076633 26424893 26753451 26079091 24674484 24277809 25227464 24717253 21661884 25483549 
20917469 23611698 21604209 22282516 23991427 24864686 25916897 23368037 23285954 22852864 23391222 24125472 23260374 27705684 25038734 23800087 25017997 23360168 20878321 20777188 24756526 21589018 23860306 21320555 25471482 23477482 21096937 21307277 21680402 25074894 22544430 23462152 24233523 23388297 24020304 21420230 23446882 20672595 25612172 21445073 23873447 22967565 22739458 24527664 21483362 21614072 22918243 25271753 21564482 23265650 22110849 24625167 21230302 21601793 20387152 20266099 25658749 20789828 22272182 20783140 23737109 24262028 24763777 24501518 23675587 25314628 23999522 22267678 23437502 22384146 22425206 22429489 22982397 21919040 20791265 25485206 24113284 24322914 26436510 22763210 21046275 25425477 25930440 23485247 21819318 20721704 23555186 23215002 22812935 21708349 26587217 22218429 22587349 24744685 20735814 24463865 22908413 22772030 19238284 23513647 
24638918 24451575 23927662 26045606 26269769 26396406 26871269 25873005 25384580 23160576 25331693 25132546 27115397 30013357 24202882 26945285 25583494 25843901 24533344 23232455 25840408 23197044 25906535 23496726 25915808 24055621 22949401 22876484 24203745 25827762 23237346 26094313 24600292 26459436 27186989 23805381 27151671 24892813 26026956 26051568 25746657 23224385 25539429 25897998 25332474 22312052 23303609 25903734 24178850 22892249 25538874 28253977 22729422 23286509 21483139 21427796 26767526 25841604 23471021 24783764 26616146 27229480 27355925 25554611 24425521 27334744 24138585 24991734 26254371 26075964 26503548 24624601 25230687 24033858 23785152 26822355 25301067 24312243 26238101 24227372 22527340 26127967 28111117 26175347 24645624 22897612 25087607 25706600 23263036 23041743 28199573 23808164 23655855 26082850 21646032 25560139 24438048 24882693 22106493 24617519 
24257388 25735439 22523457 26167202 28524111 24077706 25938049 25148586 24186404 25801486 24757604 24380777 26238016 30121923 25832619 26049695 23877941 27065040 23855950 24462051 26572843 22669827 26254099 24070072 24687011 24260006 23180535 22818283 25236520 25989159 23527182 23291034 25924405 26819104 25329441 23595139 27135199 24151096 24954621 24776216 25407048 22805124 25550757 24218305 25687163 22964991 24903479 25719967 23805422 23301601 23859073 26339550 24110534 23113401 21949022 22570602 26807798 24878359 23428648 22849694 26787109 27045487 27867925 25655537 25616744 26550024 24220031 25441051 26158299 25950318 24771085 23495958 25012704 24084015 22287152 27353663 24850836 25298360 27997559 23715366 24295615 24188944 28647108 25634979 24512817 22307527 25093280 27877145 22994892 23434395 27456632 24693476 24518602 27399210 24258755 25210663 24191562 25652891 22734688 26199906 
25432991 26055540 22859031 26139390 27591718 27512223 26143431 26970547 27026206 23977804 28162542 26352565 26026300 29476421 26095681 26845897 27449525 26371918 23307648 24422210 26534379 24147772 27968486 23559885 27296956 24588534 23570109 24456540 24277683 27920473 23163194 24447685 25208089 25809866 28324936 24584547 26984894 24794213 28097207 27103174 27162802 26107758 26770559 26068226 26735993 24045245 25736955 27011308 24535389 24269045 26220997 28880185 25569917 24577257 25406929 22916874 27649134 25864921 25626305 23465005 28025215 27791430 28889784 26153493 27992158 29198671 27141222 26746250 27365005 25247380 26518576 23995613 27103538 23616630 22341895 29202564 26234293 25306086 27216657 24496898 23546963 26450011 28022869 25160584 24556375 22479071 26537516 26266040 24286342 23782953 28711394 27202682 26325672 28391504 23971266 25297541 25874194 26766870 21889119 23968848 
20609503 20632793 20081381 21876233 23688642 22703366 22861612 21207206 21584344 19590344 21005086 22414876 21793581 22820628 22541717 22758280 21924166 21873552 19937752 18504250 21971038 20041505 23232702 20429047 22131976 20291333 19907640 18727812 21190847 22872904 19801560 21796268 21910281 22099818 21461443 21636065 21287670 20992377 23560934 22021942 22915783 19100025 20217510 22200440 23179711 20004909 20582267 21548860 20636673 20340757 21326790 24363150 20220202 21905941 20818174 18356940 22083096 22101970 19262397 18668970 22356728 22848931 23385331 22439316 22713981 24037941 21257557 19592108 23289689 21623565 21554476 21452704 21666082 20292975 18139724 22568922 20525354 20473915 22678761 21674217 18563677 22781751 24064222 20976637 20794108 19355099 21471083 22954273 20328868 19372729 24358283 21883386 20582703 22007706 21350843 22536183 20678142 23206897 19184324 21132986 
23952700 25722181 23139481 26003065 27659365 26585152 27104711 25545905 25931641 22892300 25509249 24010161 26451675 28724390 25760458 26105594 28128299 27100395 23731595 23477365 26615150 25217527 27422658 23042950 25430793 23133435 23333617 21765372 25447009 26758892 23293782 26126565 26548763 25363835 26339242 24876443 26040916 25562743 25862577 25388026 25723704 22835992 25899774 24442152 24345898 22736096 23498170 26495298 22992770 23554822 23763578 27911717 24944518 24382288 22975459 23504503 27975692 25815860 25336794 23871176 28439832 27514835 26567099 25218849 26794860 27201919 25117466 25535039 26014265 25061135 27042375 23845614 25055143 24153644 22018095 28268146 24061223 24444171 27172859 24415886 22581403 25603422 28850607 24214082 22238165 23048308 24649915 26022122 22452071 24062794 27918637 25143481 23789923 26520334 23832436 25720654 22915754 26429802 23193051 24836737 
24956864 25023208 22482775 27260560 26888429 27170046 29233064 26367646 26257049 23607934 27043618 25556985 26392844 29530881 26503418 26506885 26267182 26402780 24832219 22563738 27412865 24523645 26276408 23233182 28362952 26427814 25099809 23109267 26529255 29056973 23385182 25433838 25263132 24825832 27525626 26740312 26461756 25000434 26911704 26186126 24479623 23584513 26613009 24999069 26200322 23197105 26665703 25115272 25938858 23724487 26715326 29023255 24357544 25301771 23034248 23859992 28534048 25993590 25295347 22441819 26294982 26536199 25956341 26293319 25831469 28940904 25545505 25380024 25390121 25508173 26899087 25077598 27490461 25109111 23272541 29000887 26221576 24304701 27487053 24611650 24871020 27325299 28235867 26008473 25235622 22561195 27593032 28671934 24533383 23715890 27857080 25762079 25005745 26871424 22743522 27386641 24745149 25888950 22391553 26607587 
24923980 24317150 20152297 25036273 27839046 25802426 26758161 27172350 24756532 22113525 25104229 24774889 26350914 27457271 25697047 25435439 26097046 24891014 23246781 23522954 26026818 24214745 27175739 24498046 26601921 24086691 22902520 21987707 23254364 26446412 22353420 26108465 26586810 24622202 25089009 23326826 24230746 25515649 26086101 24416177 24244969 22764904 22922038 25696952 25475126 23663004 23781880 25621924 24359234 23592949 22976779 26100744 25226574 23844022 21683619 22472313 26788575 26009833 24188693 20120708 26338578 25912257 24621018 26421126 24509792 26284904 24644596 24990378 24590411 24070209 25075028 23611110 25540337 24396820 22474384 27400701 25131424 25548067 26847205 22588151 21481423 26333440 28018712 21615778 23245929 21954090 24514334 26167190 22259336 23590509 29063354 24630344 25654475 26084152 24223685 25192778 22738497 25669222 22914404 23901455 
23261984 24342277 23572934 27013086 27300839 26823783 26578086 25617664 26366128 21962638 26002771 25689277 25984508 30050338 25826897 25827722 27112016 26238962 22232917 24385297 27599559 23785937 26455733 24558828 25925375 26121337 23603956 22808838 24425773 27821981 23484215 25939404 25105389 25841064 26107826 24737182 26433862 24784899 25938699 27068681 27492133 22651036 24381470 25514789 25637118 23078461 23314025 27404350 24953481 24245764 24938644 26950957 23699856 24090298 23983074 23423041 25514527 25558302 24218174 22932059 26928790 27946851 28772921 24707178 26530440 29826702 25436841 23176600 26086574 25611845 23447086 24131903 26553851 24446038 22654456 27589645 25151078 25840887 28562668 23399990 22961658 27287310 28387153 25199514 23537844 23008769 25216523 28485051 24391250 22511230 28967598 25242355 25032145 26495386 22970897 23959489 24640235 25587492 23334354 24996235 
20176371 21389025 21801895 23541736 23578527 23696206 24432826 22014205 21939927 21292375 20874794 20502823 23875220 25358372 22330492 22898326 24262723 23554658 20327381 19522806 24358249 19927037 24654782 21791411 22494676 21035103 20610418 19505202 21677218 21739154 21107591 22265496 22255261 22693630 21767892 21765688 22285836 22897255 24116133 21356243 24903726 20387125 22956841 22273226 22002149 19259216 20565816 23401445 19162067 20638227 20448595 23188725 20634951 21805391 19190014 20682125 24684408 20956467 20542214 19741596 24728180 23071492 22140556 22588425 22186855 26099896 22023870 21311080 23767056 21609075 21168056 20589374 22794639 21198794 19779796 22423290 20536620 22856207 24120866 20591438 19390141 22482164 23757452 21071877 20678018 19139060 21674045 23036746 19667472 20602110 24342110 22411881 21236172 22202813 21554791 22288026 20752927 22010838 18341957 21329765 
25665018 26515992 25999398 27837637 30798443 26592461 29313733 27638422 28489628 24983815 28899606 28243484 27947428 29530277 27788957 28034159 27645630 28206646 25620181 23747653 29246751 24749104 29695271 25631071 26893381 26046618 24663132 25676502 26445184 29453046 25358190 28294460 26958688 27935331 27790942 26375497 28062750 26303884 28293632 26871915 28943972 25863475 27316468 27640756 27162530 25355950 25828831 27128081 24208953 26368510 27200001 29003425 25416799 26353007 24705217 23723596 30573748 27512273 25187459 24136792 28947409 28407986 28689334 25500123 28151775 30650438 28029178 28338377 27423975 25517072 26305304 26499731 27575921 27090911 24507313 29560841 25346858 26689299 27976945 24095106 23566433 28676936 31140030 27154131 25354114 23700114 26880649 29087540 24437194 25251297 29646421 28640683 27701387 29073205 26589184 26782512 24182841 26633126 25602054 27085265 
21306332 23553369 21042367 22883177 25094055 25335380 25109504 24324709 22754923 22076685 24023520 22450040 21707475 27076038 23538542 24849093 25235352 24126940 21797691 21984339 22391144 22073023 23794276 22388569 23838407 20920454 22077742 20653978 20596313 24539824 21204200 23996329 23135485 23385720 23170226 22890568 24003802 21301553 24039703 22125313 25493001 21870820 21594466 24107515 22038857 22143240 23155654 24234748 21732460 22948785 22604243 26984191 21592934 21963936 20654418 20339550 23272992 23816004 22203536 20242923 23068687 24767799 24105794 22811799 24386583 24783750 23564255 21742005 22923800 22701189 22904952 22247303 23422057 22753653 20379833 25585068 23184053 23250915 25779645 22137872 21149097 25615226 24589402 21126906 20685267 21416921 22553004 22485667 20189575 21544470 26118296 22110648 23499112 24838270 22849768 23429079 23290223 24101130 19545336 22232460 
24854369 25083673 23730811 27984068 27813277 28148223 25910783 27269093 26810705 23152674 26598525 24700319 25834153 29174271 25579406 26085799 28003622 26838053 24144397 22566293 24996214 23582994 27595188 23596518 25472834 23631129 22585128 22634863 24412831 26392676 23034586 25412086 26654398 26604498 25854751 23085009 26639654 25088315 26386129 25989144 25927997 24408648 27025307 24909608 23923632 23321426 24686073 26822422 23723303 23282307 24704424 28552096 22727691 24055380 23292733 22309671 26630007 24974901 24944188 23870131 28825515 25800083 27889870 25558959 26971816 29083668 23671621 26727531 26295726 25407669 26461650 24686273 25679605 25076116 22886674 27712939 25975371 24348526 27880428 24141012 21943772 27779969 28983196 25064069 23948060 22765020 26204225 26074972 23077629 24254392 29931011 26749936 26407701 27067587 24862793 27097216 24851863 25789622 23491407 24434884 
26869199 25661977 24540396 27308887 27417119 27059111 28486895 26992567 25345867 24298824 25911207 26421497 26743543 29855651 27820443 27541278 26907477 26411528 25072273 24746492 28988821 24837133 27059351 26049684 28605968 24766212 25140480 23896429 28114301 28088117 24747023 27046829 26373215 27065081 28410088 25828621 26788944 25705118 27592052 25316135 26204310 25409492 25773454 26474973 26476847 23643503 25355360 26302553 26233141 26067263 24166050 28807513 27013521 25331479 23598551 24104292 29300199 26611607 26004472 25018329 27280139 27865685 27449130 26946250 26662895 29112228 26867165 25968877 28571701 25951691 26095655 24282598 27240514 26202011 21642276 29143931 26793327 26491222 26887740 24955899 24505058 28310685 29866909 25907665 25014013 23434322 27506515 28791037 24193226 24645830 28560900 26790831 26084284 27983725 23408113 27587558 25703411 26616179 23073283 24320380 
24071865 24971149 21767736 25799961 26620338 22513008 25145466 24867348 23930460 20786506 23215369 24788953 24393588 25981844 24192269 24687238 24841547 23732866 21238491 22615552 24765890 21396314 25535631 22173509 25965791 23639674 22235426 19974078 23810477 24876303 23320880 23423156 23121349 24252906 24780644 23583584 24427411 23068104 25418137 24082340 24490755 20668645 23495498 23248239 23095338 20517785 24056117 22668192 22658561 23239473 23432911 26499435 23980994 22377683 21581172 21101446 25612870 25297114 21770151 21952211 23872021 25654606 25917821 22770847 22930493 26235450 24545705 23223791 25361998 23291193 23236418 23396678 24569268 23610117 20136240 25836955 21646001 23083642 25157444 22752975 22057786 25434022 26492047 24261263 21403409 21173749 24761831 27438359 22052109 22256443 27439999 23202020 23797196 25526568 23283613 25153410 24146843 23214323 21844267 24497950 
24141974 24317605 22277648 26440713 26497679 27608872 27747944 25857994 25396647 23122936 24622950 25796194 25621956 29322432 25170074 26623430 28863091 26277890 24230263 24347081 25533288 23450739 27100499 25285651 26755227 24669735 23796784 22504433 23999279 25397300 24425382 26281342 24299395 24657390 26896457 25142853 25364158 25937251 28924121 24913550 26449469 24256574 25898830 25467775 24599444 23102175 24990730 26157422 24925396 22727709 24109815 27901409 26549341 23520132 23991907 22955355 27550585 26075497 24318053 22296724 26422546 26152135 27636276 25254452 25344660 26460177 25086957 25069540 27691508 26771685 24816354 23731068 25578232 23722480 22169546 26994297 24693683 25465798 28463412 25179053 22846469 25981005 27203300 24065939 22366458 22753641 26269574 26421043 24591747 23217348 27933324 24651422 25776546 27022845 23613184 25422405 25031678 25886698 21698436 23701114 
24609292 25125973 24386193 26304166 27907451 27205094 29277122 26011435 24836874 23974598 24929224 27151449 26634392 31636390 27748929 26516791 29405750 27151372 23791497 25855521 28019907 23132681 26731401 25345191 27574716 25871453 24940099 24398828 24638185 27790112 25158123 26397547 26672876 28482275 28042355 25346524 26995277 25569116 28094023 24083065 27334077 26306270 26374543 26154681 25486919 24795763 26349696 26200895 23624709 23464924 25955125 29157874 26193081 23856231 22956004 22751749 28760216 25939172 23673128 23140338 26971272 26763340 29636394 26357097 25083426 28393881 25625734 26438265 27529845 25027883 25746197 25250552 25912231 24769629 22810070 27380285 26530836 25422275 28127605 25880782 24775855 26360008 27980803 26451582 24476378 24395235 25621978 27830637 24578920 22899862 28416384 25490386 27443497 27708563 23450121 27658603 25323179 25973555 24503729 24755305 
22196333 22437859 20210087 24621309 25930782 24868188 24640530 23567602 23151081 22489296 23978161 23332061 23574701 28566971 23954067 24605882 25447988 24251960 22429322 21565376 23593678 21292449 24826754 24516690 24911971 21318312 22554346 21135237 23234633 24647796 20520163 22872454 24405273 23107103 24270173 23274157 25089828 24070644 24943835 23907426 25743759 22899391 24183609 22899213 22286215 21628358 23663362 24520964 24105182 22378699 21714297 26126310 25115624 24036866 22856314 22740144 24324731 24144215 23094340 21079635 24993532 25209216 27427347 23603186 25414019 24635997 22966117 24677220 26364075 23728514 22449998 21255574 24520850 24370441 20438627 25534035 24465192 23761562 28383050 22078509 22485039 24193891 25961304 22202565 21212886 22222303 24800803 26072899 22455734 22353794 26274159 23320337 22877696 26399135 23049908 23629410 22691499 25619452 20932563 23357260 
25699679 24874970 23043645 25638295 28792555 29484463 27290836 26286703 25448240 22818094 27384357 24516589 26215750 29656132 26613264 25024382 28376792 27564894 25520839 23960300 27805093 25572353 27627234 25219525 26865518 24387622 23405942 23716131 25217684 28732925 23847142 25806836 26714667 26663884 26470311 26106004 25997153 25942450 27437079 25866888 26812070 23909203 25115982 25524607 25959177 24357333 24233385 27506688 25893686 24783579 24763590 27641423 25060681 25578533 24253575 23817764 28216790 25589258 26066421 23134011 27849393 27901972 28062676 27045346 27153378 29493183 26491902 26896794 26771448 26311752 27709579 25195199 26467884 23527619 22161078 28655098 26555932 25899024 28314576 25088097 22755018 28766743 29782540 26320763 23085766 22886760 26460353 28297767 24179001 23767869 29170994 25836231 26766511 26477948 25608845 25967714 25733965 27384167 22682110 25579227 
22516913 23983072 22230998 24490809 24081624 23791636 23854953 23089313 22138538 22822744 23515678 22937923 23747322 26056431 23958945 22880011 23683037 22680110 21355277 20710006 24735182 21576073 25052274 22614714 25989978 22397187 21875863 20512733 22913911 24957483 23113444 23284931 23699243 22542609 24278930 22114417 23873221 21912426 23827647 24918281 24180110 21145639 23501428 23867066 23097954 20743004 22275785 23663321 22325961 22516597 22733511 26300447 21632376 23132536 23894827 20540772 25267456 24945420 21782511 21877860 24784542 25836249 24477183 24657110 24282154 24558050 24460134 23719984 23890444 23219356 23558428 23922800 23565881 22630788 19048426 25639065 23548477 22793307 27073032 23083343 21155978 25524760 25563172 23377889 20397879 21819066 23679895 23739234 22861616 22855348 25992471 24198914 24148424 25638428 23284451 23691267 21912897 24725772 21096782 23563316 
24015100 25676515 23529673 27503117 27933011 26744804 27872845 27608158 26863087 24385928 26138703 26304824 26251071 29161568 26645201 27593631 26617695 25948552 24547207 23084827 27439270 24736484 26749987 23504110 26780309 23813839 24498517 23288247 25392108 28382565 23659322 25876200 27203675 26890290 26829981 25774009 25030415 25379531 29134244 26008072 29026711 24831521 23799675 25973811 24351454 24542027 25240960 26822863 26222518 25405186 24392928 28935915 25619951 24612604 24421883 23644399 26405502 25825168 25170576 23824668 27397798 27234672 29238553 25642628 28047562 28775778 26847249 25877335 26476001 24176444 24942510 24156949 26876415 26395974 22887769 27779578 27275197 26500337 29599917 23965839 22668631 29787824 29218282 25507767 25286556 22107532 26620152 26389663 24151158 25311077 30428629 25904900 25852758 27059321 26409869 26449633 25037722 27878807 22286690 26393063 
22107749 23352078 22081908 24764112 25870764 25323400 23638327 23728754 23383501 21257322 23897527 23549611 23958038 27682610 22881397 22761769 23529896 24436267 20887140 22198420 25149948 22111973 24765154 22677165 24928787 21055575 21591607 21532409 22442037 24424383 22558594 22412607 24524485 23224078 23352845 23826681 23770704 22839743 24348897 23378791 24520779 21755820 22431300 22680707 23948884 20333858 22388490 23623379 20684174 21924506 23441061 25456749 22500138 23037683 21366268 21627317 25927963 23786688 22102274 19773649 24320752 26138799 24445584 23526090 23904418 24593363 22621081 22831307 23598252 22496036 23961424 22357113 21920315 22375871 20078769 24274840 22550234 22716393 25713223 23085885 20455316 24750040 25693804 23326398 19917458 22216734 22930074 23677020 21730801 21352118 26852764 23542657 23089549 24011052 23689691 23236830 21646721 22804786 21066779 22603009 
21624469 21635205 21328412 24570751 24771104 23449925 23584457 22927820 23856603 21732836 24879051 23944115 23120986 27064677 23386584 21810208 24719814 23953325 21776300 21422394 24601431 20642142 24670370 23088879 23210084 22279070 20405993 19110546 21310795 25766449 21321524 23294795 23387798 23544108 22518646 21685019 23901878 23141110 22887352 23270824 23725292 22502188 22800241 23032124 24357650 21598035 23174460 23082964 20119895 22668172 23533040 26720707 22083953 22268952 20708597 20875520 22838027 24452098 20220624 20007943 24466140 25038748 25986347 22418828 23984087 25714512 22980999 23900051 23007200 23052625 22458031 24845133 24358559 22354849 19997845 25238918 23578408 23050464 25201049 20903404 20540333 23180281 24706072 21938802 20295533 22121992 22662326 24357059 20866334 22710868 27355889 25695696 23101319 24404288 24203670 23370082 21363445 24187097 20670220 24060442 
23250673 22805433 22240597 25508550 26339456 25858331 24193633 24246672 25588922 23380556 25686868 27162602 23834758 27909239 24556792 24184764 24802788 25549070 21931831 22761139 24377298 21285364 25315266 24396778 25987701 23683631 22852638 21633556 24440515 25122493 23854394 22768027 25953868 25413744 23499989 22952442 24625006 23914993 25228252 22156225 25343549 23070437 23817083 24520532 25416750 23191561 24684955 25173337 22041140 22856969 24761452 26660331 22713718 23302617 21066292 22681089 26191818 24631482 22735837 21484635 25487030 26962717 26260239 25804575 24104093 27070332 23362743 24115629 25482027 25216678 24150143 23821709 23474535 25176103 21064174 25189114 23577164 24440569 26902644 23237441 20656321 25307840 25826140 23295308 22995194 23439765 23751822 24240990 21863464 22851382 26933576 23823078 23907572 24229046 23050381 23622271 24326521 24410387 20368163 24180833 
21686652 23709785 21675278 23996200 24960164 25575497 24172958 24167036 21411674 21313054 24091271 22336305 23426045 25857268 23635567 23045097 25118873 24157320 21287552 21063063 24142981 21605841 23961984 22656467 22824563 23332874 22244245 20101735 23134024 23940175 21702606 23628856 25034274 22524687 24557790 22072508 22175414 20608389 24519958 23061105 22763057 23032491 22136750 24038552 22923921 20903346 23343811 23760191 21625835 20402028 21861868 24645216 21816204 20562316 21875421 19065121 22817481 23017500 22429674 20387515 24278403 24428987 24748327 23193270 23429258 25299178 22563047 22483890 22575394 21930673 24420413 22542962 23887920 22491968 19924419 24607021 25327564 23630329 25182148 21814244 20913206 24522018 25158817 23494530 21211299 20211281 23898148 24490328 19989623 21233627 25595364 24713409 24452166 24997166 21600207 24087486 22199781 23998390 21252756 22308393 
24303760 26226413 23830308 26040623 28432170 27912761 29101190 26944045 26501395 25095759 27566593 28086132 25202886 31323027 26863054 26471713 28828593 26726677 25964362 24961382 27925773 25865078 28890222 25347608 27796912 25099406 25711111 25092396 26254361 29517519 25253351 27162281 27073463 28128827 27715382 26099598 28130095 25621774 27260179 25999719 28302505 25702571 26738731 26523680 26901928 24398187 26871361 28748388 24998125 26111139 27284141 29502052 26672296 25772294 24731951 23940897 28581012 26548910 24983016 24641183 28203034 27096648 29539911 25452850 27586660 30839486 27570702 26800731 28482335 25553752 27849463 25541172 28141487 24593706 22687365 30108006 26186236 25339523 28722692 25220320 25288213 28141340 29521370 25415062 23855661 24033023 28725528 29605492 24172277 24665164 29236536 25763512 28773970 27933539 25410413 29185246 25582501 27179115 25236829 25761491 
24734286 24976202 22507871 24222482 26141024 24006690 26411278 24368795 24139297 22420295 26418666 23077420 24099044 27339972 24999080 26439818 26605756 24445679 22875708 23003351 25216692 22470022 26257405 23329502 27117913 23877541 22631360 21493787 22967541 24826341 23172406 24242282 24698533 24667579 26920231 24284302 24340174 23211277 27734887 25713336 25577726 23551762 23971299 24957846 24616052 22358521 24571964 26568598 22186458 22872382 23931420 27295539 23461204 21810800 20963522 21019632 27518240 24810960 24531200 23121851 24657422 24983128 26823644 22542812 24075732 25872995 24662483 24281793 24476194 24446304 25197595 24080528 23386299 23486567 22537249 27723321 24411912 26280935 25563824 22935958 22216666 27617693 26724669 23851290 23516288 20226866 23552063 25127337 21346212 22547289 28395634 25223110 24620636 25953924 22655019 23511254 24553479 24813849 22009049 23971326 
21937670 22649899 23824899 23091637 25162240 25722104 25570400 25149840 24388049 22754115 23013177 23427599 24522271 26940645 24921804 24376444 25490457 24317057 23741725 21413065 24251041 20191844 25205750 21812243 22119730 23281464 22407177 20087417 23074000 25062123 22991716 25154392 23961629 23102941 25161920 22026044 24867876 22028815 25042780 22042380 24915448 23009946 23961365 24466045 23522223 21911061 22339889 25256940 22138580 22099508 22983759 25876463 20720281 22193241 21093851 20624279 24367083 23262003 21547550 23011978 25426565 26075939 25912342 24309675 23743630 26814794 22030095 25024050 24206634 24356723 23679688 23180414 24118870 22316289 21217175 24517364 22727577 24105527 24492139 22773909 22316013 26453657 25997135 24053259 22687697 21908743 22893130 23961400 22953738 20804662 25102418 23618017 24637551 25561360 21317188 24732262 23448611 25102001 21477711 23085807 
22068907 24405165 20867453 23056159 24548433 23679624 26634558 24545896 21625344 22000263 24845276 23049354 24110124 26587523 24103794 23014762 24191528 22567182 22042316 21618179 26032903 22733094 23136509 22569378 24691508 23677678 21353531 20158787 21451642 25845805 22379749 23454856 22077644 24280962 25208044 22769532 23008803 21190387 24633700 23444485 22565070 21803960 22621354 23143236 23672894 20429109 21661975 24779401 22127736 22407653 21568519 25696207 23503156 21202803 21509194 20974912 24744512 24499191 23483207 21314116 23665133 25006133 23442705 22850439 23840841 24711277 23002560 23131173 24045830 21644838 25507774 21282147 23560310 21084600 19457097 26480694 24176948 22968163 24946236 20028664 22094477 24401057 25223345 21813579 21482600 20064549 24762736 24599364 21341836 22592021 25325209 23648406 23640503 23428345 21471566 22562999 22153374 21767683 19657599 21252788 
25246401 26661753 22533196 26804835 26575300 26288346 27265077 27331160 25209628 23580780 27705693 26418315 27034480 30226550 27178958 27184679 28839948 27533366 23398056 23722404 27154763 23332790 27249242 24980203 28458894 24997551 23921839 23314651 25468543 28738700 24095231 26427402 26398689 25418592 28289225 25006562 25120559 26224578 28481907 26782441 27334819 25447615 26565369 26092678 25368969 24035781 25055220 27484936 23967495 25103354 25481604 29563724 24858417 25088652 24569355 24165785 27094157 26139714 26331090 24803004 27487078 29898361 29984292 25942877 27322563 28843767 26039299 26411094 27623031 24419993 26294673 23833153 26883502 26387682 22573527 29688964 26966760 24837803 28735989 24662406 24274323 26372243 28319491 24626961 23078810 23544722 26039708 27060227 24549399 24800886 28952675 27685815 26654003 27723313 24293258 25256794 25559109 27094861 21554052 24066477 
25038024 24383079 22163362 24466201 28463723 25970295 27991600 27010544 25198773 23743735 27774284 23898958 25279498 29968947 26304515 26523986 27617728 26180161 25137931 23378320 25645962 23809508 27112501 25057034 26662401 25012548 23821635 22297778 22828782 26253968 24134070 23887473 25232557 25699886 27173094 24700274 28322084 25821815 26787304 25432687 25607662 23820136 26209628 24681579 25575693 23630063 24973651 27570184 23407614 24727512 24396772 27630307 24700195 24061956 22109471 23286781 28554308 25589525 24916852 24649540 26679973 26137446 28076894 25803993 25649060 26793282 25268045 28705312 26778602 25247187 26588582 25276288 25731348 24900377 23390686 29309968 25614479 26222503 27481787 24862427 23913235 27887136 28940056 24753663 23409087 24286248 27159981 27957827 23909487 22586000 27973629 25587855 26138715 27597718 23791709 26108572 24909299 25549495 23843305 25221711 
25002299 26730976 24363672 26806513 29689817 26722504 27915743 27857606 27371093 25700664 28045899 26412748 28943839 30454843 27683239 27758728 26342363 27207094 26012197 23859841 27960424 23236098 28048971 26111020 27389349 25058987 24159317 24778003 25175080 28908017 24771220 24621680 26835108 26472065 26168609 26654528 27828417 26658247 30060591 27500751 28702324 25439820 26844615 26174695 26183095 24663191 27670483 28143296 26229428 25448138 25810448 28814748 25326734 27571211 23732921 24459098 27746419 27210804 26063994 22682019 28622849 27398220 30394778 27605693 28708900 29036596 26174498 26178346 29050007 25953768 25206008 25102823 28319676 25745178 23731299 28651380 28711504 25723226 29815298 23932171 24956983 26665031 30783606 25565071 25394929 24479453 26402005 28499431 24089206 23046186 30916172 26811912 26371455 29384166 25912165 27363548 24777096 27372175 22953851 26591142 
23270761 23054784 23737200 25252473 27792035 27221488 27615183 25133493 24738443 24584861 24875903 25865292 25105443 29894182 24675385 27493428 26062436 25477189 23811004 23383676 25239005 22372295 26607800 24353544 25981757 24151867 23242415 24652211 25143665 27181711 23694291 24335802 26054112 25850600 25087301 24244057 27071005 25566829 26002403 23714486 26485116 24055968 25394206 25650891 24281098 23309932 24806316 26079539 23397976 22728204 26248231 27337762 25024979 24050531 23551986 21977499 28217116 24979786 24341240 22080857 26134588 26301919 27665694 25434179 25452332 27554160 26039084 26208003 25502248 24585975 25580361 25160068 24316723 23950079 22054474 27386051 24187328 24018372 25253437 23351492 23202625 24848768 27789095 24941451 23864736 23711330 25043616 27035214 23423477 22604768 26274019 24712444 26060381 26957979 23966518 26265771 25263467 26180636 22924349 24543621 
22214693 23316545 20368416 25176748 24343514 24879158 23998835 23650935 24078401 21647322 24608612 23585603 24000724 26946624 23985657 23539852 26775811 25318780 20665457 21758781 24030952 22314870 25107915 22014968 23803582 20523978 20208196 21490002 23033758 24343026 21307623 23732606 23527428 22980258 23764477 22029283 21979174 22407823 25686398 22748400 24708601 22366198 23115020 24809179 22728496 21824138 22150738 24811784 22124076 21594334 22636677 25954693 22249634 22370978 22935174 19818620 25001679 23667606 23616804 21245056 24639654 24894192 25242863 22512412 23539339 27253201 24477074 23751788 24216481 23789792 23382661 21588963 23945348 22245667 21269987 25971375 23547068 22990020 25902039 22064035 20167730 24656108 24766167 21908780 21259051 20001172 25410301 25125362 21270635 22530688 26851400 24422739 24933222 24163655 22278239 24206381 23276375 23989407 19338717 21962072 
24263379 25553180 24687842 27585025 29173054 28898716 29174582 27558482 26038018 23568349 26792206 25940366 28800668 29691653 26737401 27881226 28805918 27952096 25186949 23971441 27521534 25433303 28930719 26502561 27087276 25636848 25914510 22247479 27523384 27731231 24378326 26599551 27233882 27729924 26942718 26474187 26833023 25751841 26861357 27733888 29104658 24367143 24331417 26675739 25979775 24932668 24797346 27783825 26345984 25058180 25376702 29991376 25564242 24865261 24205594 24122881 28450307 28253081 24163989 24467215 27255742 28539363 28615774 26586450 28013003 29220827 26567025 26864440 28847627 25468900 27619087 25349109 27540705 26225787 22409497 27981498 25887074 25341618 30791831 25424350 24048233 29928905 29658000 26972487 25134932 23441726 26566475 28660020 22641624 24976775 29435558 24540001 26634157 27792243 24059177 28143278 26373687 27241374 25131612 26793702 
21845196 22407522 21654919 22861193 24343626 24961834 24982818 24764244 23148871 21621126 23617164 22994515 25008793 27225100 23624291 25267576 25114937 24738371 21946312 22965674 24867781 22016813 24712190 22591499 24887936 22272667 22470183 21225306 23790235 24614967 23115108 22728068 24721457 24772737 24574635 21254383 22703307 23599831 26648912 24141525 25923399 22653923 23510136 24618259 23211243 22421060 22183379 25042022 21646028 22061396 22410810 26288946 23396974 22424298 20895450 20987810 23466920 23076112 21748047 21233094 23864001 24787558 26398118 23712788 25102813 25955570 24346875 21468670 23765350 23332458 23490268 21563564 25149912 22632761 20497587 24318058 23675449 23996092 25135081 22718379 21587789 24648678 26094818 22194484 22156786 20809517 23634667 24579953 21752393 22243289 26560457 23022143 23665394 25461890 21456045 24738967 23881652 25759388 19774557 22316836 
23807815 24764520 22709620 26529966 29316463 28228148 28043905 27735646 24735282 23780443 27474779 25554605 25616169 29618703 26733141 26717710 29086161 26173347 23405190 23537967 25953256 23788562 27704334 24157437 25601884 23771471 24792870 22733025 23531714 25780319 24716882 25366233 27062556 26284085 26216329 24869124 26656176 24358234 27285841 25761347 27571564 24746599 26731233 27798144 25632191 24741503 25587553 27745613 23316631 24695642 24905409 29163760 23202215 25127631 23886200 23059262 25474597 25811264 24367692 23458696 26818889 28972429 27812703 26989580 26671681 28585375 24851261 24660647 27869226 26342279 26507807 23755964 24343354 25055740 22449983 26765709 26274169 23889437 28943115 23828184 22604951 28669091 28972173 24761121 24160072 23441533 24925289 26212598 23641338 25255871 30818314 25926846 26330832 27498287 25394927 25569136 25149972 26264334 22363946 25191717 
23740774 25726352 22017083 24878595 26268138 26843524 26776394 25634109 23421738 22956283 26584325 23654092 26068785 28593443 26027336 26372767 26046827 26199610 23533725 22438443 27068476 23758743 25945937 24138880 25792126 23861726 23605296 22625065 24962281 26488463 22721530 26392519 26249750 26426499 25397418 24160303 25335818 23135822 26806292 24355738 25683086 23668226 23823330 24559297 24002386 23686393 24385724 27088651 24702124 24062235 23413890 26457960 24362528 23367622 22753961 22714258 26084729 25134948 24898915 23253949 25842460 26534954 26509752 26396264 27916407 28596757 24500608 24864193 26411008 23399917 23908787 24637151 26449737 26017381 20691229 26646512 26977590 25566430 27803277 22818928 23132211 26274136 27435356 23989310 22754919 22643598 26478161 26954052 23228544 23668017 29327697 26602373 25366983 26564427 23596440 24678921 24331713 25373148 20991856 24510307 
21885494 24308173 22305929 24511734 25846681 26333819 23814108 23156654 22868222 22248804 24697678 22601701 26383259 26371814 24091528 25424894 25858257 24281434 22655768 21736063 24307212 22140278 26853546 21769682 24427059 23451992 22723459 21704522 22263577 26099182 21463932 23877989 24921953 23626479 25252333 24237373 24002597 23635395 25161732 25414063 25529585 22447229 22759478 24187922 24642732 22169002 23088135 24510630 22410505 22436295 24257303 25570998 20465968 22039023 22578047 21001253 26348652 24330178 22790434 20950223 25473069 27150293 24751822 25037877 24582580 26608507 22930483 24822884 24805567 23388439 23953852 22914130 25424344 24369445 21427582 26017762 23153517 22494945 26755570 22556543 21411899 25734035 26738923 23900596 21618134 21694266 23084137 23677844 20472354 22204943 27184655 25187770 23606506 26867714 22987260 24829932 22318512 25084344 21037335 24576158 
24242351 26675955 24756686 28148929 28178749 27670307 28344733 27782393 25867128 24491330 25721574 26631989 27142191 30049112 27996880 27086200 28963861 27782069 24697092 22011698 27503574 25053078 28098367 24783966 26982685 25141475 24787587 22815272 25044497 27069665 25017184 25457362 25971054 27590052 27834293 25802223 27119816 25567275 28767567 27486060 29048477 25358900 27335091 26021504 24652953 24584177 26916024 26885575 24944063 25120586 27778422 29382539 24010218 25423111 24660496 23228540 26384421 26065308 25393861 23723567 27271838 28527690 28914049 27240733 27255632 29964901 26126546 25069336 28209759 26233983 25734239 24521716 28138711 26853527 23704892 27669047 27955806 24446143 30671698 25272476 24222465 26682943 29181362 26245821 24094191 23937481 27042874 27947962 24041194 24650814 29387323 26824402 25391450 29714615 25586572 28329551 25239956 27320040 23545288 26201740 
25422142 26692520 24287701 27465442 29593913 27475857 29265927 27606805 27784996 24605507 27056664 26281764 28027618 30918696 27078401 27857908 29366667 26985136 25479106 23758751 28743515 26464174 28540081 25760007 29352127 26647427 25429998 23601090 26199830 29020643 25333776 25846085 27472641 27314608 28294562 26050545 26679325 26475274 29812193 26690009 27525760 25610978 24970002 27548940 27516042 24008753 27235120 27587915 26906642 25502191 26383182 29452357 26933928 24732276 25502646 23680047 29196544 27005830 25491789 23864512 28301865 28023734 29703898 25903849 27002498 28729840 27885362 26663558 27828511 25404371 27159534 25163514 27143122 25096721 24764120 29748639 26576002 26839563 28884668 25542929 24214178 27660424 30713648 25778425 25542885 24082295 28244570 28157354 23971918 25953972 29910082 27349821 26582496 28501426 25387891 25986152 24902049 27600724 23314124 27246601 
23659462 25823624 23637967 26481299 27640919 26716954 26580452 25923733 26517564 23911806 24197140 25279448 25113985 28436174 24999412 25125597 26632599 25714506 24189631 22723190 26120900 24069887 26742655 23032241 26103975 25484056 25206518 22053847 25078709 25924323 23622827 24448240 25587950 24243526 26722925 23609637 25249886 22982543 25653912 25258764 26129685 24082832 24966415 25914513 25126195 22754423 24591563 25351759 23964397 23097309 25438293 26188010 24665551 23885033 22799930 21802486 26423226 24499359 22884729 21837897 26593492 27184363 26947574 25053974 26278856 27884634 24589042 24805695 26188077 24292433 24476134 23502721 25890480 24165874 22799551 26025557 24786852 23689768 27722058 24896930 23976721 25848902 28050573 25808531 24007074 22454849 26395328 26876661 23472804 23187041 28385472 25955466 24485198 26169648 23801853 26520221 23453868 25604566 23874036 25243001 
21810750 22242304 20415863 23776648 24270128 25255628 23796287 22479033 23001173 19461487 23330146 22788017 21861971 25822137 23948694 22314366 25061615 23813520 21779276 19954618 23282236 20092692 23693334 21374987 23998431 21131793 19499314 19525153 22002162 23399082 20539138 22325801 23087780 23030878 23628673 21711313 21317169 23003124 24403257 22882999 24436730 22275457 22209789 21502134 21916313 21296800 22275390 23216581 23090187 22312757 21822948 24410964 21819201 21175006 21454336 20799609 23066572 21126201 23089449 21224703 25119550 24513902 26038770 23591513 23366640 25848933 22486182 21939257 23678442 22597442 21171029 20991406 22528925 22159764 20717077 23987540 23189634 22278424 26388979 20643474 19931661 24400551 25025146 21580985 20934511 19553984 22074974 23896393 20623754 20525251 25269684 21422753 21532492 24122068 21202018 21546528 21387135 24073655 19644611 23069979 
25014215 27069282 23113974 27139711 29302588 28629155 27365830 28547244 25873882 23929289 27249604 27535841 27064043 31387074 28438107 28020766 28282808 27662250 25383716 24548298 27881312 24994553 29194113 26252113 28248910 26041296 26415610 24689034 26391585 28350998 23671368 27115783 27905227 27430445 28527879 26839064 27748867 26871214 27994754 27737701 28478039 25098394 25629520 27942780 28973605 25800584 27888132 28338161 27164575 24635782 26858494 30512284 26314986 25572436 25935083 24296719 28531848 28007064 25278280 24938881 26325858 29287373 29991208 28130908 27900120 29579931 26610570 27102365 29229029 27490650 26791577 24765651 28397812 26507580 22554861 29592547 27235215 25486994 30159824 26860273 24770381 29073091 31015608 26712726 25672664 23832675 26729243 28678168 24375051 25066702 30672427 27829591 27695527 27711667 24957143 26322013 26730365 28673666 24624124 27162205 
23883378 25386808 22882099 25161451 28291518 27115850 28816182 26288970 25372605 23785003 26348302 24763529 27500149 30141608 26078851 27736893 29273067 28315094 25175975 23829478 29322796 26189466 26933148 25014432 26390147 24512887 22913871 21795449 25384806 26600523 23255029 26928165 27100570 27336086 25550370 23508441 24663630 25817043 28081077 25668121 27795134 25409140 24291103 26024240 24322741 25609770 25023197 27102007 24911472 25219256 24314212 27827937 25101759 23319454 24617108 24321154 28315257 24637223 24892324 23350331 26951182 27566023 28177235 26211857 27301749 28841462 26955271 26140300 27620328 24909866 26664353 23931244 26977672 25224116 22499737 28243276 25182391 26919364 27225922 23688837 23711875 26289179 29606675 25291787 24254077 22101209 27078460 28204650 24171150 24779453 29317485 26214030 25296915 28036511 24308070 27403302 24168813 27606999 21844934 24712185 
24022423 24852804 22306763 26271488 27194470 27762735 27332435 24768384 24869388 22615672 25534570 25447281 26389625 29773396 25245871 25340162 25661276 26100730 22519415 24542849 27194060 23634339 26349300 23724170 26933430 24699491 23249546 21522654 25975408 26436832 23519141 24898966 26427786 26518534 26714232 23983176 24642658 24501643 26822259 25781941 25546277 25178996 25771316 24982622 24362157 22344471 25606024 25538852 22934108 23610716 24491007 27729353 26251446 23521085 23536159 23951206 26351139 24497651 26023748 22588141 26618924 26520166 28444632 25990759 27097675 27757933 24877526 25304896 25804016 24102644 24021779 25068681 25081093 24640517 22187502 27867938 25637873 23506167 27667779 24735907 24330394 25166520 27368301 23930193 22883413 21987580 25124837 27078241 22809929 23083191 29839195 25726375 24814043 25324885 25241902 24636048 23868735 27298406 21157396 23741317 
24010567 24840764 24035505 25975866 27637830 27575282 28395988 26023965 25242231 23485942 25684370 25216148 26454010 30866350 25978649 26613938 28789050 26373059 25003260 23628174 25448862 23726228 25443908 23495226 27243762 25218597 24970392 22654327 24206378 25361902 25533161 26481793 26666578 24600928 27050067 23710786 26743544 23550250 28318709 24215649 26576005 25571136 26150610 26544504 23619991 24012913 27480202 27875920 24095850 24355707 25077848 27756601 23853311 24028190 22254196 22714028 26085365 24701179 23788290 22590400 26335410 27531022 27223525 25993561 25929659 27321940 25509473 24971271 24993632 24853538 25130093 24490904 25514519 26096822 23260140 27073875 27183837 26224207 29399365 24417799 23307370 28042433 28881862 25286872 22968973 22959894 25086871 25890051 24448271 24909960 29679065 25402574 26975513 28588708 23471100 26484950 25255331 26797661 22541878 25404606 
23804819 23465554 23134661 25577975 25939837 25955181 23715492 24014283 23602442 20632488 25430491 23241388 26230668 26671957 24189486 23580295 24361488 25482738 23614485 21810971 23966542 22201363 23521364 21559463 25667278 22950005 24603821 20965182 24494880 25156514 22440058 24965982 24750068 23323007 26393186 25068694 24967685 23762682 26183458 25746827 25151521 23333021 23530888 24281989 23641243 22705741 24236215 25248939 23097711 22530070 24586602 28219267 22159831 23510881 22417102 21655910 27344053 24119291 22410369 24035044 24749046 25497920 26539804 25342417 27285338 26694785 22250128 25591946 25052369 24296104 23405914 23862798 25208539 23991944 22067934 26656428 24958624 24245045 27635346 24763885 22765314 28289911 27152737 24217608 22267207 21864206 24072051 25098034 22798494 21095442 27771567 24859514 23969332 26290602 21874869 24671276 22975855 24124978 22180103 23951212 
23184334 24658597 24555603 25428566 26814301 26748161 27123356 25988883 23828600 22617462 24517499 22445663 26424207 28713360 26404305 24662036 26740024 26595972 24571325 21728823 26549051 22171504 26577044 25343840 24743618 24079680 24881944 20287451 25540911 24685759 23855952 25112470 25789435 25834695 25170881 22411399 24852013 23529779 26443327 25585211 26451018 22666665 24601564 26009835 24641822 22385849 23446567 26737600 23616020 22544319 23810429 28482007 21995310 24697112 22308848 22267623 25667754 25402112 24068526 22516721 26925026 26988911 26023881 25706913 25313764 28794203 23037248 24530573 27566544 24982365 25419669 23765579 24882026 23764076 21344537 23955332 25582791 24792594 28431642 24415485 22227519 26757082 28340460 24589053 23755187 23947907 25521982 26831868 24094442 22972001 28801584 25013566 24317423 26662713 24675776 25478684 23800194 26139406 22296627 25065305 
25442822 26065972 24913374 26431646 27966470 28269442 27492959 27036539 26763892 23005347 27429849 28761022 28185809 30171341 27205909 26528753 28946366 26985838 24273327 25341627 27281827 23968847 26824217 24443718 27774615 26299175 25466422 22415604 23882703 28234301 25828375 27263547 28640700 27866401 25854363 25030498 26700227 26341681 27283264 26311870 27549574 25819023 26536656 26481034 24400787 25260147 27055937 27655206 24798471 25088071 27808147 30368038 27030810 25775978 22565094 23881320 27992928 27304297 24553166 22222539 26880962 28666816 29894484 28559095 28173082 28431935 25270867 25070259 28498023 24985914 24896155 25719298 25907617 25336589 22551374 26931555 27697798 24597225 31194210 23838541 25716285 28527106 28839811 25157131 23751617 24119272 24819797 27238874 23983933 24384213 31043216 25282292 26189590 28633751 25167514 28069247 25779133 26750756 23480098 25451557 
21405399 24772464 21054857 25420472 25638814 25956954 26494759 27327026 26069314 21921278 24760021 24727626 24721560 27380899 25166962 26819500 26539078 23973744 22430034 21069585 26374917 22528712 27102731 23873131 24716272 23174605 20592987 19618492 24485726 26275896 22429049 25432515 25318620 24827887 24621709 23789097 24146211 24343064 24883486 25065375 25053054 22327812 23589368 24591097 26275137 21001687 24182466 25296998 24176796 23623995 23708900 27208638 23745905 22471820 22976795 21256645 23994713 25428079 22902632 22371855 25095674 25985575 27341564 25464545 24592665 26259086 25234854 23806812 24679923 24543207 25518768 23463537 24219687 23744534 21402123 27444038 23545715 23876826 26847341 22317503 21628785 24325164 25817217 23279121 23747572 22349100 24892587 25083645 21302822 23642613 28716512 25254788 23969824 25609463 22655107 24682542 22954622 26345519 21074542 24001639 
22466765 24778634 23665674 25576809 25948236 25960151 26365126 26886365 25597611 23084940 25109743 25166981 24686470 28265354 25114225 26859486 27765709 25435927 23709433 22878733 25643582 22191845 25853268 23590660 24625338 23120036 22467414 21874330 24620991 27327370 24337978 24895909 26110437 25061136 25460890 24939661 24270397 23837727 27246393 24246227 25918254 23412646 25424719 26344032 25886783 24077128 23447095 26313265 23246806 23510272 24686997 26726475 23029018 24135777 22232576 21521044 26586432 25013696 23969953 24120305 25910429 26954149 27604550 25911110 24250997 28203608 25638411 24116870 26670174 25132695 25067729 23739553 25636586 24626321 21962528 27153702 25480198 23219683 26726848 23916819 22393895 25929160 27847062 24415110 23553516 23036571 24838143 23809874 22246879 23623332 28425805 24709919 23236305 26392081 22316575 27370642 23837376 26834961 21572862 24311442 
22522817 24272844 22331005 24033875 26052471 25714467 26654630 25089264 24230467 24145471 25280498 25224525 24383547 28458448 24723146 25571310 25912712 23736442 24674490 22274640 25376651 21206118 24575235 23604995 24549788 24309759 23993214 21637470 23065758 25933360 23329221 24396491 24286919 24780975 24633903 23287796 25679916 22987782 25549152 24388687 24894945 23455029 24609946 25251212 25894466 22043441 24793661 26800246 22590244 22873231 24117482 25588212 22997508 22585570 21853946 22230518 26181995 24632185 22740300 21063361 24796648 27420841 24954140 25520422 24583168 27526393 24475155 23400926 27198452 25529210 23532680 22169320 24718406 22968368 21409737 25876248 24536623 24693076 26434683 20967743 22870383 26375356 26068948 24604681 23011763 22238046 22918808 25249387 23605662 22780229 27690480 23650397 25324882 26899379 22696498 24821067 24680335 24492203 21542703 22857201 
22705466 23740818 21177467 25001886 25316586 24086528 23405249 22695846 24384727 21622482 24397319 24118342 24938792 26626375 25341702 23661252 24132454 24195858 20887598 24354718 24035859 20363334 25386675 22504614 26393335 23332160 22035299 21528065 23940886 25302171 21191736 23943913 24860028 23605922 23825682 23164999 23850474 22640971 24607947 22844928 24777127 21963324 23202076 23858638 24250667 22354130 23200773 24781108 23489720 21574507 21763725 25695176 23197772 22190882 21863641 20830995 25160783 24350746 22236095 20780989 23953355 25883308 25525482 23394850 24547541 27433064 23866769 23512666 25382991 23743303 22876522 23748478 25068393 23163724 19563201 26206139 23601847 23940336 25151327 22625521 21589353 25706927 26714816 22734933 22606320 20847262 23985015 25052645 21493520 23605238 26917483 25079983 23821758 25275964 21966349 23488489 23842453 24601957 21676181 22655679 
24663732 23652643 21293219 26357046 27660829 26462695 28309963 26510177 25145617 22238897 26901882 25037831 27049580 28999421 26779073 25456906 27066026 26902064 24048997 22836499 25951185 24054609 26000572 24060285 25918692 24471857 22967004 22023144 25550215 26144941 22923373 25678879 25584743 26145814 26387468 24946162 26660350 24236373 26433262 25666629 25519118 24469287 25719162 24785562 24909292 23664041 25445399 27809305 24508012 24144171 24895173 28341177 24502360 24594246 23142451 24234741 27042546 25521076 24931298 22880590 26662179 25876632 28675009 25256086 26568227 28374722 22562049 24413371 27253548 25260634 25992958 24161070 25015666 24921511 22954707 27370531 25381699 24226126 27790095 24451810 22647697 26648000 28901521 24984552 24745909 22037941 25339342 28870076 22781721 21436590 30179217 25300837 23901079 25683601 23447052 26548995 24542299 26322271 22718520 24866088 
24113876 24440329 22093081 25798085 25479478 24719755 25674140 25452703 24227878 22343214 25868680 24307952 24028138 27079233 25762993 24096123 25712418 25394293 22613055 21841559 26399135 22640983 26477116 23749219 25308647 24526439 21834550 21964984 24322132 26496013 22873966 24597381 25051145 25222561 26043952 22942986 23910959 23397011 25644146 25406942 25175007 23160836 24581808 25503399 25402495 21659253 23269153 25256276 23304482 23757281 22867475 27602675 23506065 22227070 22664742 22037356 25767945 25480156 23592569 21899185 25475213 26134646 25859318 24607470 24174377 27366174 24264843 23565888 24742239 24450769 25895394 23266422 24986100 22699755 21496585 25912429 24882793 24773681 26371784 22165647 21392292 25364389 27572946 24961468 23445092 22345628 22905668 25935384 22997931 23738168 27279295 24559032 25262349 25055903 22941570 24716264 24107070 26098584 21559960 24277364 
23572778 21288007 21826856 23095070 24218641 22428774 24692110 23502557 21624011 21784001 23190729 22614198 22733951 25408858 23083068 22580824 22564310 23384255 20452730 20613129 24388465 21341093 23142185 21903902 24048067 21869351 21051063 20907401 22871261 24857405 22279178 21979134 21984163 23966719 24331373 21489512 24240691 20987916 23959188 21409502 24442328 22646542 23561028 22955834 21139631 21264322 21884150 23375753 21491304 22519649 22171681 25757494 23003803 22015697 20325332 20738428 26040582 21893424 21996126 20443567 23269121 22962765 23983806 22912159 24150319 23687327 22457217 23986563 22974832 21757134 23500574 21830571 22727635 21459834 18801795 24540913 20542683 22729360 23993076 21764626 21349244 23614352 25062148 22713645 20591660 20918449 23814451 25585691 21495368 21703799 24961354 23360012 23390756 23611340 22036923 23042301 22087501 22495084 19704338 22393986 
24287553 24864349 23440595 26125788 28379991 26388428 27618959 27391404 26069711 23718212 27430504 25155507 25305198 28888316 25940196 26270037 27667464 26242478 25900656 22638011 26428709 23736110 25610963 26072133 24391338 24638723 23355046 22694727 24756818 27575430 22676606 26890219 25133905 25165076 26172888 24385024 26199273 22543961 26047835 25252350 26818767 25089811 25241352 25858018 25841656 25599830 24376960 27072531 24922151 23874756 24275888 28160071 23674163 24840391 22747584 22785580 26295092 26656383 23981612 23924277 27144594 27624493 27863315 24589855 25877596 28545399 24922498 26313585 26792556 26148190 27695734 25063338 26467804 25124609 21491226 26966561 25312876 25694414 26889485 23815084 22832499 27115374 28257312 26661628 24555189 23744233 25188910 26971904 23878925 23642756 29318224 25446379 24566528 26490658 23548776 26053695 25185164 26511419 23016539 25917962 
23955544 24087242 21934922 25140852 24258135 25256582 24433543 24364635 23047500 22526469 24717603 22953836 24476463 27945858 24650722 24623698 25203682 25453040 22086098 23082402 23923762 22384491 25669902 23002159 25669911 22890962 21706098 21052840 22901116 25315295 22756905 24409426 24455888 25972407 26224685 22946771 24111412 24055409 25819250 24250579 23580689 23665383 25303537 24352315 24777388 22324816 23695560 22989802 22585989 23033086 23495415 27180734 24167574 22710677 22405253 21733432 27210603 23994248 23177277 22733825 24323404 24615289 25375203 26859107 25417416 24592343 23363752 24997249 24608789 23861338 24096939 24359897 25589034 24958405 21638835 27112547 24324494 23480449 26613500 23579183 23443849 25288694 26168047 22812708 22363298 22660730 24702383 25504623 21754975 23684325 26346619 25236137 25116311 26387403 22595214 25196825 23447558 25744582 21551227 23581792 
22345818 22075344 19708685 23906368 24417307 24906799 25437527 25400679 22627984 19794222 23469758 24015616 22988229 27444778 24463556 22697726 24665726 24237986 21953490 21220816 23878302 22231676 24630020 24030764 22782673 22996399 21668867 19562459 21757894 23177291 20879754 24352987 23305308 23459350 25017839 22619779 24631040 21196148 23984777 23047425 23626452 21953121 23117288 23207629 23789860 21361910 24613648 23925756 21820599 23231338 23265345 27414394 21734033 22942742 21027165 22029751 22484276 23877313 22766062 22257443 24140375 24343727 25202639 23277665 22902483 25625832 22428295 21982890 23961052 24235984 23250152 22997595 22880197 22980454 20205379 24179036 22995636 23480042 25656756 22846124 20721253 23344505 24665799 22314850 21473177 21253094 23122797 25044860 21984379 21437136 26187733 23448044 22060580 23576427 22497803 23722844 22406448 24867833 19448365 23217384 
23146750 25328346 21892954 26818235 26792252 25399004 27305056 25933346 23460800 22841263 26985902 24551808 24936738 28152141 25957043 25654378 26182184 26783551 22559161 21371400 26976235 22813163 26484407 25848363 26234520 23808835 23610947 21193302 25161844 26092232 23557832 25118528 26978772 26618394 25447645 23917293 24037262 23424196 26082943 23686326 26480127 24986305 23057294 25292080 24639404 23812862 24712592 24203377 22345058 24107693 23033775 26502857 24758657 22555315 21867060 20673007 25686400 25520558 24624151 23557780 25067697 26087716 26953048 25773395 26758128 26929468 26084665 25568655 25737743 23039513 24269858 23902080 25462889 24500443 21181185 26702610 25533473 24199206 27160427 23684995 22448595 26033066 26757543 24969319 23479760 22742957 25681680 27597594 21625968 23607533 27396491 26989200 24563665 24523824 23983591 23966005 23693451 25274336 21854256 23988196 
25305435 23596909 23303435 27423126 28256420 27166997 28636580 25896022 26150799 23184784 26337192 26206539 26743746 30293347 25724458 26606167 27785320 28277329 24201803 22588983 27456361 24153326 27049772 26240639 25854183 25453552 23019387 22565180 26023992 26471079 24543172 25303508 26449010 26174427 26591342 24097245 27151542 25089148 25705398 24187828 27998486 26826837 25494147 27524250 25279072 24158125 26167529 26835357 22850133 24537653 24669847 28123578 24949841 24481219 22302249 22459014 28081311 25256836 25829741 23835512 27451074 26784631 28458032 26270996 26483176 27881304 27338603 26635814 25536765 24770284 26028179 25334619 26513661 24434533 23055597 28507962 24717106 25510064 28257599 26134810 22752273 25287157 27523501 26260845 24035040 22117131 25014274 27639081 23023888 23867550 29534757 27370608 25753520 26470509 23658801 25270954 23740284 26503665 23092798 25037654 
23820019 23714041 23672067 27432955 27287980 25879176 26601855 24868271 26143557 22114136 24758213 24553950 26276639 27698049 25656677 25129636 26775214 25869933 22968380 23317543 25707147 23187517 25177663 22963632 25713001 25731827 23210656 22580254 23986330 26401700 22813243 24218433 25324938 24960827 24845442 25267242 25149533 23557821 26323497 25132695 25552028 23405151 23517195 24228094 25047853 23487015 25185777 25385918 23952842 23286337 24876556 27256994 23819951 22437033 23239803 21360952 27414413 24633585 24607159 20943720 26958393 25264916 26098971 23163641 25521712 26980712 25694246 24133515 24649752 23407829 25483142 24571343 24993820 24097542 23945651 26527011 25472680 24994748 28455575 23085315 22630169 25132037 28228496 23714165 23054242 21509383 25968667 25771067 22900059 22002606 26521621 24258581 24239937 26630729 23882883 26204844 23199823 24838890 23363749 25204252 
22669314 24746483 19223159 23547911 25296033 23062152 25788776 22901687 22757994 21982668 23304493 22681888 23342401 26910191 23959629 24201866 24726618 23609505 20596089 20571318 25350402 22326202 24907868 21941539 24389720 20693982 20641695 20108136 23700215 24235622 20468927 23992562 24562253 24884995 23166852 22647096 22810241 22536480 24482853 22308182 24007193 21011013 22995444 22786463 22533312 20627649 22619015 23359768 22050059 22708845 21520276 24007978 22406178 21754467 21314903 19990487 24417318 22072085 23796343 21728858 23682291 24669991 24471199 22723656 23202151 25923905 23984427 23125786 24638753 23058385 23785608 21314712 22221109 22729482 20124938 26663549 22770269 22284269 23868421 20912416 20944792 24689847 25213397 22720719 22113383 20386471 23125604 24429150 21074772 22398160 26434378 22721179 23615814 24201661 22754292 23017287 21974211 23773392 19424886 21993876 
24091834 25041619 22489247 25497851 28643976 26477806 26980875 26271898 25394660 24318280 27118391 24758418 26765329 30374451 25348128 27353495 27968828 24661100 25253879 24787588 26896607 23685075 26896556 24870364 26428236 23896295 21940855 24896031 23626493 26732178 23223092 25402306 26158779 26920652 27609390 26163209 27200012 25111818 28005074 26146867 26971190 24321916 25201387 24043234 27550407 23812498 25049944 26161386 25302042 23736871 24127002 27444537 24199399 24073511 22462634 22073551 26662178 26326850 23564934 25055474 26278485 26760412 29084614 25386665 24288457 27961132 26995028 26610872 25764494 25259194 25725754 24699155 27246102 25024888 22992838 28357270 24065089 25680187 26619444 24423257 22725791 26294800 29374062 25826323 23574150 24360806 26048629 26015340 23304429 23283560 29253894 25810052 25453230 28050506 22705183 24972849 24066654 27303914 23237625 24742122 
23512743 23445416 22289030 25081841 26447065 26399577 25578964 23579425 25024038 22434079 24910216 24186548 23345655 27450406 24890642 24786131 27104613 25788984 23186094 21509870 24744149 22350161 27403106 24176315 25666715 22034711 22155294 22025905 24144990 25811055 21510525 23388288 25169241 24082075 24773310 23367988 25518355 24285967 25579881 25453802 25522765 22539069 25356440 24553389 23628694 22438958 23895926 25950867 23526113 22843109 23448679 24990728 23395039 22195541 22394825 22079640 26071499 23694294 24242068 22414105 27560540 26011308 27335739 25229535 24928232 28108627 24381937 24420663 24378897 23864064 23545199 23509840 22952067 24485799 20519427 26346217 24836179 23750642 27853380 22488033 21338436 25711092 27042641 23389192 21160844 21868211 22880019 26233177 21701455 23391494 27809672 24781253 24928271 25166619 22497762 24500644 25137614 26063040 22095897 24470496 
25959766 25280436 24379361 27421652 27725654 26719261 28069091 26747699 25248570 23395750 25836868 26008118 26498459 29317130 27681921 26554282 27309902 28644224 24164621 23263929 28677886 23259862 26598206 26015301 25847318 25237879 24096713 22436496 25075459 28179742 24028214 26237587 27104703 27268256 26799277 25855859 25893481 27305036 28236652 24970748 28150256 26151691 26043877 27840406 24523232 24702059 25924510 27581772 24776964 25494936 25092521 29347078 26465490 25561834 22948081 22203618 28226808 26565761 26158264 23379154 26230326 28035733 28564792 27974627 27527917 28922558 24830523 26585340 27914874 25218503 24771534 24903749 27532864 25406320 22808034 27880174 28360945 25464773 30436061 24895816 23712975 27147243 28595148 25561362 24798030 23449442 25253564 27012711 24329797 24027199 30101202 27236745 26060784 27557026 25001023 26356573 25452984 26332622 22483226 24848526 
25644407 26313844 23100506 25872630 29101542 27890852 29603255 27255793 26063818 25288314 28322100 26820674 28564189 30937125 27870500 27372550 27627946 28065714 24425943 24089510 27742256 24389188 28647594 26593575 29536703 24684278 26110625 24774449 26301550 29151740 25153726 27745083 27168817 28381799 28280291 25301405 28465775 25384277 28753639 26759977 28085728 26727900 27874681 27572398 24749223 25630110 25244423 27001891 26602788 25278176 26774400 30058622 28169388 28747777 24869930 23837160 30311522 26552406 25744028 22953851 27047145 27447293 29699156 27208898 28014379 29080018 26467387 26974325 28794729 26530792 26320760 25438972 27314688 25907364 22597188 29588871 26489217 26264226 28166602 25424267 25592335 27430462 29010178 25854640 26395327 24174420 27126912 29220486 26050887 24463998 30645968 26085126 25253062 29493662 25199719 28014804 25742309 27422585 22975628 25339612 
25161269 23910060 23243340 27066139 27552449 24868507 26481866 25219805 23858589 24303636 25954923 24284787 24878832 29500873 26088483 25425859 25869968 27287112 22573260 22108069 28218913 23965619 26625155 24026771 26941131 23773181 22937973 23099475 25150207 26631227 21982255 22942572 25653536 25386732 27790954 24470508 25665437 25115387 26850168 26699107 26989266 25487239 24651526 23903777 25007088 22994116 25348168 26546968 23407554 24329621 24720708 27350442 25071320 23765522 22884484 23195128 28369402 24453067 26985412 23389681 27118232 26751066 27755892 24480488 26340955 26843862 25622455 27399405 25500430 23167047 25602348 24242653 26610278 24178819 22315402 29195360 24687101 25003196 26628777 23827014 22996805 25242020 28356990 24864920 23946931 21723092 25138463 26829942 21593210 22820488 27422783 26140943 25498370 25838120 24898269 24319673 22973611 26187277 22559427 24019006 
20629403 23159069 22346658 23378263 23131237 24888204 24060902 24210796 22062844 20826141 22935068 22622968 23441436 25761815 24821726 23665463 24419823 24610556 22691076 20483315 25664280 21644838 24452961 22917087 25366753 22372983 22786366 19977034 21842849 24196212 22609539 23931253 24717607 24133031 24408436 22093038 22377366 23096138 26907824 23612813 26507046 23046465 21820068 24057704 22445089 21849654 23052005 23712878 21768081 22518705 23680328 25587832 20921444 20615517 21016415 21400683 24611910 22752890 22928017 22600822 24407683 25493614 24751988 23906309 24906457 27230667 22946160 23328768 24900251 22541839 22214968 22678286 24965877 23713648 20941862 25908602 24261109 24305814 23951842 21604961 20989984 24666574 26282271 22013428 21571111 20707218 23684506 23953068 22007391 22586408 25876688 23950051 23792935 24809803 22188965 23242364 21464639 24509880 19701883 20940320 
25179732 24726156 23206056 27073861 28289159 27049196 27082831 24539868 23907195 22889698 26904829 26062168 25107242 29846970 25370855 26808845 27171816 27267881 22797269 24384992 25381985 22841226 27381928 23948914 26183300 26296661 22906895 22228024 24019299 27459706 23311877 25379040 25961791 27064034 27366368 23848146 25066476 24441402 25546058 25998631 26685898 25246927 24447194 24646220 24870766 22885365 25414026 27211091 23748529 24218591 22971498 27160193 26329285 22471658 23047727 22001402 27575946 25744757 24405867 22420748 26808386 27316502 28087246 25572825 27645157 26791203 25573225 26205077 25383273 23486705 26766985 25578307 26098081 24602067 22273850 28396798 23719653 23720780 28607217 24079613 24660705 26594825 26305727 26417694 23109397 22223392 25270139 28395001 22633390 24677274 28475843 26210377 26490136 26278095 24179117 25194360 23806332 25918576 23819768 25005710 
23597082 22909150 21379878 26194762 26674092 24899872 25735331 23940006 22160564 23624135 23935653 23300929 25232833 26937106 24561660 23737265 24413665 24618490 21950059 21337785 25176187 20839149 24575029 23305781 24383225 23874919 22472669 20911964 23100354 25658449 23073796 23576961 24311453 24259840 24241500 23356461 24425321 21841720 24607110 22850243 23807023 20979338 24340931 23895451 23867699 22465198 23995439 24476120 22528575 20820467 23771280 26866404 23350143 23434734 21358303 21675773 26477076 25402369 21963028 20466415 24710601 24902467 23994209 25513309 23629277 25459811 22065580 23633095 23592261 24088050 24790268 24320940 24103866 24130449 20671392 25515072 23134807 23266976 25294442 23001392 21610697 23682464 24887364 23954499 23016319 22359127 23552401 26371679 22877778 22851672 26678112 24214590 23578812 24203550 22522630 24728509 22151486 24241067 20274698 23843010 
24842043 25939117 23610136 26838052 29588747 27701532 27702715 28717168 27467943 25910732 27285429 27967062 25782496 30624670 27746449 27702149 27157278 25247510 24148309 24351993 26622661 25296415 28724619 25424084 28204081 25963044 25376440 24768012 27210935 28649553 25892646 25073113 28620330 28178682 27472762 24849578 28271424 24247892 28020461 26005532 26375559 25186391 27292501 26825381 28068855 24767250 26623161 27231457 25863348 25356849 27368659 29596298 25824525 26624144 24141569 24157258 28256669 26441181 25235864 23767584 26954943 28656702 30242956 26807042 27841146 28403722 26923923 27281845 26569962 26073694 28223516 26520715 26896779 26593193 22174905 30851934 26887147 25921243 27503469 25285069 22991512 27678682 30034687 25921840 25646386 24351334 27157428 26911128 23932390 25408756 29535818 27220375 27757645 28048414 26906411 25148094 25496399 28034622 23427497 26429242 
25233973 25509903 23964068 26024136 29089829 28781976 28797662 29051127 26953471 23256355 26810154 27058435 26172649 29938881 27299461 27891196 29967540 26918892 26290357 24609289 24898264 23467245 27856908 25105699 27498697 26764101 25133193 24351305 23994379 27733510 24965079 27562002 26349696 27479246 27898466 25084350 28490398 25326851 27804556 25814686 26880746 25418600 27786972 26052553 26791127 25833864 26240644 26842249 26595395 25231614 26101073 29776914 25875062 24962472 23718616 24775680 28437333 26126566 24016619 24024469 27473534 27520326 28166679 27459888 25714606 27701520 26231953 25632820 28883896 25772437 27266798 25253932 26956136 26113558 23489575 28413272 25600481 24566404 28774260 25469927 24065005 28379976 30314761 26464165 24211292 24534225 27323946 26864048 24988904 23544865 30455852 23931793 26200371 29604438 24563943 27486942 25463541 28026636 24668410 26432973 
25742364 23828128 23454198 26354939 26570084 25155681 25002031 24585750 23787242 23833311 26578594 25500369 25127550 28779919 25337610 23929508 25592052 25635542 23524503 23635457 25971810 22494235 25404281 22873111 28756513 24237935 23279710 22292192 24895089 26562149 23610087 24637086 26022753 25207253 25843353 23249979 25758618 25268296 26787348 25920812 26794393 24623581 24728936 23672126 24124434 23078310 25177947 26310841 26008762 23113650 24466891 27854009 26233429 25279883 23842903 22742612 27350751 24194033 23888366 22229210 25885500 25931377 27666819 26237156 25690884 26623453 25771988 25308908 26846344 24011909 23648341 23618031 26811834 24460292 22179400 27363202 25671621 24567998 28673518 23255118 24699798 27616319 27318364 23299296 23320946 21635332 26272051 26342571 21847737 23255183 27984565 24987877 25048180 26774164 22914093 25796405 23111440 25247507 22325632 23802147 
23560611 25161108 24991612 25288319 26719808 25516131 25990563 25622141 24599307 22979848 25984853 23363566 26717466 26920384 25725728 26159502 27290561 25715007 22759901 23521637 26001785 22367862 26265169 24833006 24638030 25513770 23653095 21281699 24002641 25215837 23239411 26164810 26181057 25073123 25539593 23787829 25248171 22328764 26838684 24511208 26137027 23502927 24686099 26334228 24770757 22707895 24049523 26494014 24116466 22597464 23664245 27269552 22850297 23155180 21364016 21078587 26487526 25984149 22700017 22145127 25913089 27285146 26664338 23547168 24833057 28056411 24423998 25044334 25748505 26167827 24846010 25438141 25165836 22461397 21049838 25551403 23859055 26428514 25751603 22652042 22267917 26957699 27744117 26154906 23852945 21734251 23862803 26527185 23103918 23620676 28580247 24126054 25066687 25916599 23033135 24258577 24465858 25418543 21667786 25073141 
25411566 24041867 23026976 25766736 27523882 26083229 28101250 24319845 24021425 23381442 26060016 24146369 26935977 29877464 25239035 23859524 25987004 26139361 22673952 23595220 27000521 22025212 25038243 23386702 25983577 23647895 23613876 21903654 25729150 26489692 23982296 24849215 26320808 28231738 25721628 24235704 25933544 24808894 26263175 23804151 25742144 24845048 25866183 24549698 24300574 22414492 24853090 26664905 23923462 24259662 23581462 26824688 25599001 24690666 22492923 22701053 26690461 23699207 24914498 21978700 26774503 26591754 26680130 26131825 26848569 26420406 24786153 25024354 25752550 24053233 25923448 24337090 23098789 22275968 21907096 26597675 24329176 24312477 28435019 22169127 23739226 26564497 26673141 23915527 23594039 21512751 25208718 27054248 23645058 22791200 29037756 25115601 25414773 25921894 24889011 23912704 22901495 25376907 21799138 23937649 
26574600 26031507 25516784 28414123 29812647 26776455 28472247 26877946 26646444 24600709 27555821 26351878 26593876 28635215 26895173 25627833 28151117 27381601 22889824 24239052 27996650 24440846 27351695 24849927 26219725 24751388 23281727 22075174 25561464 27148592 25060145 26242924 27445353 25714071 27243457 25545313 25392131 25453484 28869829 26114473 29333030 25439551 26993086 27714351 24801943 24061426 26838130 27651820 23571912 25463195 24452936 29457128 25034601 25847981 23133024 23426421 27230791 25526298 26104285 23217608 27595670 28768140 28528569 28042778 27906226 28627245 26876553 25776393 25786953 27215883 24964804 25723821 26158070 25869477 23865113 27506958 26458654 27076416 30243132 24622242 23818409 29174700 27851116 25804072 23810791 23547675 24176695 27090748 24024514 25666119 32506972 26738713 25930844 28002038 26357517 26061962 25318833 27011539 22156840 26234610 
23131978 24579024 21091265 25443797 23830418 25280423 25475727 24937018 23966224 21158524 23946226 23430511 24865239 28511460 24792257 23657123 25819664 21908030 22838924 21346809 23855781 21121214 23844936 22845606 26505537 23008042 21959636 20032350 22364510 24019977 21895336 23731665 24431547 24034787 24890109 22190657 23908909 24677065 25111464 22580383 25049599 22300670 24940262 24621940 24209255 20904444 25268334 25605862 23686716 21123191 24131972 26924432 23839401 23718957 21788701 20374325 25063022 23672548 22850611 20213319 24666581 24303631 25089005 24995486 24390602 26157360 22497692 23559229 24933354 23719163 25058378 22085930 24302417 22029466 22264165 24331031 25905253 23512629 27927470 21682903 21095388 23628444 24992088 23050585 23601536 22778249 24126073 25467546 22664960 22058023 27472837 24481632 23562847 26504827 22311142 24041176 21487020 24227502 20613020 22238691 
24257944 25972037 22708378 28481773 29326465 27751449 29385310 28488320 27442392 24358288 27598644 26733520 27057044 31225453 28350317 27177629 28425509 27388438 25491524 23719636 27728342 24468061 28121847 25460482 27211991 26068205 25629407 24072975 27289046 28611236 23166284 27741689 27746044 26069452 28224831 25661927 26544332 24719027 27085040 26400412 27973021 25000876 27095771 27770437 28142248 24850296 26726247 27983983 25726142 25927713 25802143 30244048 25986988 26844203 23933664 24002859 28116305 27040442 24982522 24404133 27342095 29234635 29702945 26066038 27709296 30631913 26690538 27476932 27307313 26360070 27088057 26080056 28580852 24982257 23131041 27707444 27606714 25297169 30268730 25596175 24049620 29148643 30144136 26639288 25759686 24302514 25357828 27678758 24897602 25260134 29848409 25888195 27151027 27714437 25251092 26933895 26470494 28152926 23886261 26410216 
26295670 27308156 23929439 29675593 31785676 28060187 31288451 29200500 27240742 25893386 30194671 27900811 28406597 31632494 29034052 28198871 28973962 29517239 26039151 25552545 29651563 27317667 29108369 28059128 29296783 26379874 26685839 25105520 28188664 29646882 25939317 28762553 29230960 28826063 27694540 26761595 29249694 26099673 29515197 28338889 29197682 26296388 26643420 27839923 26508596 27212364 26305135 29003405 24963119 26521882 27164591 30144906 27033014 26151658 25174174 25839630 29695266 28823394 27315891 25568550 28769416 30509456 29802572 27530051 29766513 31623149 28766906 27712050 29123094 27474455 28930165 28028106 27657978 26924900 23134867 30908955 29265505 27558922 29935515 25798236 24151012 30058053 30847049 26377660 25277574 25981162 27307257 29926673 25717333 25789478 32242041 28020998 26709930 29365053 27402209 28765919 26728820 27646326 25456447 26942004 
26903750 26217498 25168770 27396653 28613054 26192171 26480473 25684857 25301236 26324102 27760922 26094059 27939524 29876370 27643908 26732619 28455259 27782108 24061373 23789682 28031637 23578581 28053484 24888632 27221452 26222738 23541279 23475102 24869267 27162814 25394895 26764778 27175740 25925001 27292985 24917346 26738395 25036341 27994486 27515669 27910931 25068525 26893632 26037147 25601727 23165670 26552587 27670530 25096268 24278024 25468659 28881128 24397551 25613502 24606963 22810694 27976911 27112055 24523880 24472274 29397195 28719997 29266584 27330579 25745258 29823220 26707436 26828043 28260246 26905435 26430309 27501204 26333871 24918640 22633259 28045757 26002645 26709917 28963172 24518674 24776186 29023243 27929697 27227568 24728615 23596429 26351998 27944413 25365482 23935604 29833035 26125390 26851263 29290418 25425504 27787997 24301367 26629443 23383518 25861784 
22799691 23158573 22545178 26317273 25806579 25183329 25377626 25508146 23948414 21437852 22834997 22794561 24924768 27689080 24264180 23568986 25472129 24255621 21212156 21430933 24125451 20904245 25470308 22966402 24801194 22998073 23576469 19755560 23716530 24444768 23368877 23465003 25182212 23954347 25042930 22922915 25081691 24054397 24853544 23202703 25349231 21859348 23130676 23781406 22785532 22581041 22945529 24099119 23567670 21932091 23407852 25855500 24772301 23826918 22827882 20566129 26059417 23490729 20609874 20476299 23388699 24929794 24364878 25153611 24101304 25833510 23188776 24170313 24792114 22919145 22628360 22356423 24057100 23705984 20317031 23717937 23249338 23441337 26162689 21675121 22224347 26069910 26548411 23278825 22443931 23598931 23326513 25632682 22187325 23036750 26669180 24286740 23320098 26494450 22090538 25961481 21899320 23567498 23892392 22979906 
25819116 26237720 23373809 28162760 28108481 26203715 27126269 26314501 26070195 23824983 25544768 24410307 27941396 29404820 27844561 25854962 26683081 26955684 23335689 24608090 25915726 23604230 27235563 24476416 25518891 24780719 25547932 21844270 25435143 25835777 23860363 25635865 27261305 25233867 26938809 25195471 25703852 25227131 26884267 24031272 25781927 25330310 25840351 28315438 25885414 22537520 25791094 25355356 24285214 23817221 24804597 28372079 25031441 25231504 22721042 21476521 28281168 25976247 24979445 21599524 25855227 28605906 27030058 26549056 26359139 27236522 23809776 27308045 27209899 26560069 26383850 25447896 25786740 24805897 23929164 28132764 26759694 26060665 27937714 24685846 22928806 27896228 28926332 25569265 25460713 23482306 25618239 27591505 23659566 23895644 30052040 26856776 25990416 28283807 24382491 25245950 24248034 25134869 24415798 24717662 
21649186 22766937 20650204 24030650 24120913 25020698 26473196 25099323 24020097 21409165 25271014 24011963 25725451 27400591 23762305 26139718 26359472 23654841 21553123 20252306 25112147 21628401 24242976 22862847 25262496 21640181 22664718 20220417 23615203 24912386 21163981 22492690 23606622 24430989 25061996 23186673 23485326 25854586 26335676 24185542 25174988 22063293 23969263 23896627 23798869 22404572 22849689 23561707 22244483 19856883 24325175 26952704 23574295 22403230 21602829 20895348 25335741 24111008 23105864 20618451 24475126 24166389 26600297 24188412 24087142 25227476 25016966 24367419 24742945 24126787 24241236 20778992 24985600 22995476 19848342 24274341 24833049 23402275 26739991 22032274 22161792 23956010 24057497 23316534 22435459 22222888 24234057 25753973 20338935 22047684 25725087 23769408 22782254 26076900 20887484 24033582 22171965 24880116 20388992 23306296 
22378987 23360188 21836368 24387340 25781404 22355552 25100233 23541792 22280579 22620690 23154083 22148354 23788303 26696545 24117399 24010083 23035558 24748151 21388070 20341828 24599120 21973363 25238554 22415063 23641898 21818094 21057206 20524301 22614699 25029941 20914090 22283739 22089385 24034326 24985157 21975750 24276592 21437265 24062102 23988207 25482234 21410212 22603533 23073875 23346301 21024184 21834895 23679971 22585433 22774898 21814911 23953592 22505709 23164446 21145674 19766730 24510624 22307847 22209271 21322449 25487680 23432847 25816722 22943442 24725834 24474550 22859208 21980650 24829424 22005776 21852717 21715367 23378355 22336285 20297798 24375347 22586920 21710856 24372263 23058409 21750210 22350345 25810821 23224991 22733419 20468336 23011128 24768613 22028323 19842002 26225225 23582475 20908099 25176483 22220232 24085939 20774455 23283024 21165936 22739318 
