154 681 183 575 545 316 0 190 753 137 472 190 998 473 833 113 121 506 74 399 750 158 190 856 216 82 315 605 352 938 772 297 647 299 714 345 164 817 456 84 675 156 278 551 344 785 505 709 919 591 447 482 178 895 118 747 946 749 469 167 338 687 925 784 841 380 91 860 25 416 587 522 470 970 716 287 396 284 203 659 775 470 549 924 986 948 647 118 907 609 559 626 533 910 823 203 181 315 345 455 
11 835 164 791 812 105 686 628 145 91 538 303 101 717 397 882 75 618 952 63 118 897 532 246 415 507 966 209 977 395 883 155 758 206 444 855 381 605 953 670 706 728 81 501 107 956 414 189 976 489 483 516 167 555 837 893 657 733 259 157 953 414 438 848 25 221 153 877 115 434 777 354 636 594 116 251 752 82 408 334 151 617 143 634 641 160 254 667 891 453 301 439 372 800 713 754 388 324 385 42 
825 309 781 676 172 391 512 335 504 818 101 64 261 796 357 146 508 10 121 231 326 321 63 444 54 725 945 682 9 908 657 185 989 779 372 272 180 564 759 1000 505 182 172 760 879 618 678 394 363 698 280 444 814 508 243 328 882 979 403 194 459 618 39 823 709 296 688 723 162 73 929 100 268 601 700 935 54 571 609 746 441 633 36 403 152 92 345 396 423 498 825 812 797 35 355 483 991 203 189 528 
735 711 531 537 588 575 94 932 923 560 230 785 163 17 998 52 865 259 478 76 645 498 405 785 787 827 924 32 909 325 251 451 113 508 722 576 660 826 681 364 302 929 893 524 727 660 263 151 976 280 562 53 72 230 237 972 475 380 406 610 343 915 741 843 551 28 507 42 162 246 884 282 107 387 117 947 635 661 73 830 758 764 350 894 699 769 32 711 394 531 36 540 672 512 105 851 899 370 502 195 
342 644 904 352 547 878 134 851 361 308 331 55 341 539 812 655 440 215 746 274 704 1000 418 771 621 210 98 188 171 265 280 857 366 1 653 238 271 449 983 730 841 690 270 946 715 565 986 200 820 935 331 734 880 104 838 802 928 542 923 498 221 673 67 244 547 897 789 868 142 576 860 396 253 187 233 489 904 436 764 721 639 947 595 764 162 504 747 236 644 7 355 258 563 750 100 912 854 751 703 132 
398 175 966 402 745 584 915 793 930 448 398 619 382 665 681 99 488 824 789 608 812 438 999 431 504 35 530 393 26 465 213 939 24 265 577 506 24 755 132 410 896 93 206 11 634 102 865 482 172 591 998 228 515 54 341 575 142 197 554 668 607 739 353 165 825 257 189 896 595 419 439 3 90 437 471 193 737 62 38 114 348 459 793 152 992 540 53 475 281 138 65 4 556 311 736 585 149 52 657 219 
726 799 973 479 429 373 48 333 515 518 818 635 637 179 565 770 734 757 679 263 652 662 710 995 566 55 138 814 19 373 550 469 247 208 150 850 737 188 740 52 740 278 869 977 750 972 930 679 651 882 26 136 908 476 421 697 772 433 15 599 545 977 863 275 22 4 962 535 598 986 821 644 862 363 373 970 630 289 640 114 52 78 100 569 918 880 35 448 851 254 559 40 207 443 875 279 119 586 831 108 
341 157 353 814 841 704 377 229 457 678 904 898 958 907 736 163 406 855 403 365 74 782 662 219 89 672 615 904 132 178 639 672 720 118 642 177 999 383 648 50 466 730 527 465 23 2 334 117 143 524 447 698 511 331 701 640 741 97 947 603 800 122 623 365 828 909 526 697 20 131 781 559 16 198 599 830 613 100 735 897 327 904 107 225 378 671 698 423 735 111 541 767 798 924 0 607 165 548 514 131 
743 857 387 402 496 754 217 935 484 72 832 63 587 149 398 359 302 310 36 426 919 501 417 750 684 643 457 971 992 608 182 533 593 67 830 226 369 54 712 238 675 727 717 923 560 767 401 825 237 228 93 276 830 506 462 339 815 231 219 381 603 462 895 492 726 88 194 85 879 559 554 236 22 886 104 787 179 478 233 285 604 33 450 519 904 331 382 161 510 91 664 751 833 137 193 589 942 426 406 575 
698 568 984 115 507 213 709 580 512 373 386 188 478 131 971 853 547 784 286 486 225 913 382 951 54 544 143 764 333 522 31 846 444 465 363 938 296 612 546 834 978 593 290 242 694 10 722 16 607 316 832 145 247 635 396 252 483 849 616 817 205 710 996 179 603 802 436 310 928 59 873 672 624 227 24 90 576 784 287 924 394 789 360 436 323 575 72 74 967 732 989 467 271 347 574 403 650 272 62 104 
535 518 263 782 833 30 715 308 814 587 740 147 343 100 736 964 124 582 378 374 210 318 176 382 174 960 368 424 575 153 59 706 397 791 401 705 383 939 984 324 644 479 911 263 370 976 304 504 28 84 836 249 871 426 913 420 703 341 861 686 421 992 265 250 393 833 220 669 248 854 582 517 905 887 293 10 103 52 322 256 336 353 97 121 824 682 623 308 988 894 326 840 865 518 971 297 189 551 678 382 
407 266 44 867 724 729 449 880 131 382 937 189 647 461 24 495 515 972 653 454 522 642 599 565 741 154 145 807 890 664 341 151 302 274 806 542 802 153 991 280 984 140 255 66 782 921 457 892 925 900 805 147 189 251 592 923 944 109 252 809 84 766 190 736 933 754 316 848 712 46 545 484 756 135 168 645 75 478 349 716 745 390 284 780 553 562 874 134 124 891 141 872 351 177 519 117 972 395 982 106 
560 630 951 254 265 786 767 973 558 248 676 668 985 670 641 267 946 836 590 405 190 353 839 304 268 731 990 499 20 534 451 23 556 460 374 371 125 293 110 422 692 181 368 621 932 563 139 660 233 330 884 565 331 898 378 508 61 729 292 244 32 346 316 925 405 469 728 816 933 429 545 294 480 232 66 874 618 132 18 855 63 530 291 418 92 540 265 769 368 113 414 465 398 782 567 33 225 80 746 315 
794 568 583 136 275 989 15 30 887 708 274 860 985 993 419 716 361 15 421 38 369 355 762 821 18 481 501 313 207 62 163 966 82 512 561 474 857 118 294 891 392 112 976 739 117 739 283 431 867 700 652 9 848 880 439 550 841 997 150 825 281 288 593 47 427 110 68 550 197 287 152 207 786 537 785 760 752 253 386 955 439 98 176 126 170 45 948 834 954 948 309 834 32 147 78 844 384 405 459 585 
860 165 1000 206 327 966 429 854 625 336 647 443 816 539 156 241 698 783 50 588 297 105 618 251 520 322 592 261 296 351 533 19 129 963 382 631 667 802 154 363 223 2 692 872 785 235 632 876 154 936 58 265 837 755 90 493 247 876 510 1000 327 493 85 163 951 145 430 461 625 221 714 173 747 506 278 809 294 75 628 796 927 497 223 806 267 981 858 624 290 414 843 668 58 550 271 890 294 357 916 353 
360 999 909 526 303 2 970 260 647 834 893 769 863 857 110 997 126 452 22 289 648 814 811 662 635 984 36 682 434 701 80 950 810 462 723 839 448 979 441 34 676 255 579 38 958 355 782 799 948 198 948 983 91 135 18 398 219 680 501 759 743 467 510 121 621 999 166 22 719 428 432 54 804 855 457 723 734 767 390 823 563 370 21 517 93 102 156 898 997 101 395 76 585 702 360 330 72 361 145 380 
287 288 135 818 567 62 689 276 182 160 813 948 527 488 268 627 672 723 84 255 425 365 78 121 235 487 7 935 519 564 392 914 647 287 956 233 905 406 130 895 899 11 636 477 78 610 411 246 359 708 332 568 851 747 682 665 515 38 250 870 618 321 778 139 332 183 774 804 746 530 85 481 396 920 254 934 849 176 655 865 713 265 365 359 673 250 398 386 589 39 397 950 368 994 727 746 340 867 445 217 
325 882 322 228 955 576 423 380 140 172 846 383 542 216 854 412 729 902 535 814 766 147 582 908 117 58 101 397 455 623 564 96 392 676 454 282 375 938 413 520 68 567 851 59 205 311 524 398 110 409 70 132 742 78 329 527 241 176 967 356 404 245 916 979 301 418 539 551 749 950 25 309 45 209 43 343 536 187 719 192 531 795 914 13 911 692 930 835 288 990 155 934 661 393 476 748 444 42 26 116 
115 438 254 717 692 530 20 213 957 426 997 476 597 606 455 239 301 803 397 343 304 224 410 756 155 652 986 302 641 415 655 747 697 293 949 608 771 819 135 873 740 899 884 961 447 998 224 934 534 739 63 566 36 765 204 916 927 315 947 40 141 6 928 920 842 934 773 560 507 469 873 499 312 568 750 51 521 408 929 706 965 450 960 674 125 772 552 508 231 122 587 703 436 600 701 974 126 704 381 830 
621 661 206 157 962 448 583 255 694 94 192 919 63 682 161 170 866 361 57 287 932 140 889 393 823 121 677 245 833 50 338 700 932 356 328 767 856 240 23 33 663 165 842 32 469 885 154 962 996 656 212 123 626 221 84 375 177 212 486 12 747 443 816 148 114 282 841 112 639 598 797 837 250 751 534 938 26 300 643 262 413 648 640 681 535 525 85 541 880 894 94 675 870 322 429 719 35 203 209 449 
254 862 363 956 682 637 902 201 782 71 650 91 931 611 458 510 2 545 876 992 925 1000 549 171 275 151 104 679 554 842 692 218 224 568 329 15 9 201 914 236 166 784 295 195 849 926 939 92 436 463 606 782 495 322 508 714 769 779 276 811 434 838 422 752 772 87 639 439 949 322 188 358 304 568 360 726 873 17 782 843 289 140 751 896 405 131 653 184 74 32 207 305 166 983 442 434 601 137 559 659 
130 945 695 331 539 764 991 654 584 385 764 908 400 159 613 597 247 473 414 453 51 101 466 435 696 218 744 149 256 632 290 730 1000 364 931 509 774 493 869 627 594 955 554 975 360 859 284 986 652 437 231 143 477 157 951 777 615 332 283 464 474 904 41 858 980 2 75 36 885 987 731 886 845 547 914 491 674 626 43 655 800 460 916 346 101 457 395 780 509 564 740 575 552 999 508 355 564 13 464 168 
620 742 900 122 902 357 35 808 169 224 58 203 493 113 757 987 68 113 29 287 50 294 432 858 122 633 151 361 19 657 851 477 220 351 223 861 347 869 707 364 894 12 375 515 103 615 864 465 496 531 480 768 794 797 792 313 407 220 948 102 881 764 179 227 956 645 488 701 280 838 982 710 903 562 765 174 58 966 94 901 742 75 443 867 860 337 328 554 100 324 733 423 859 724 507 263 938 620 100 792 
63 494 469 957 43 145 301 228 315 619 592 514 206 751 70 277 648 932 107 468 545 586 73 36 754 170 431 528 140 653 877 915 421 633 992 24 155 396 793 861 921 599 451 279 24 594 342 599 533 724 730 772 794 958 64 470 989 997 991 873 672 37 968 349 522 987 697 723 362 348 39 388 604 266 33 368 78 380 986 573 265 471 255 214 443 583 428 489 693 809 157 519 314 499 929 224 532 333 966 531 
750 348 981 291 469 372 690 455 286 577 128 660 954 237 427 416 293 550 612 745 502 285 289 158 916 509 128 202 541 52 18 293 23 545 765 427 974 591 979 464 100 112 140 695 814 324 579 272 550 439 704 153 676 918 736 659 483 726 159 460 358 218 882 952 558 829 240 284 644 586 251 193 629 25 808 846 344 109 653 679 44 73 277 784 411 235 507 8 194 851 194 394 156 788 699 817 384 203 336 943 
491 738 997 93 753 684 568 647 59 847 449 751 136 787 478 890 986 62 324 474 219 879 451 361 615 940 963 895 691 163 146 615 365 704 103 180 26 260 994 88 472 618 336 793 469 872 102 553 146 238 340 859 557 903 258 941 501 982 730 398 211 665 867 821 486 928 413 862 804 621 318 108 179 402 636 84 280 224 367 257 233 537 775 903 480 194 738 116 20 366 188 330 152 354 843 170 199 206 369 843 
22 995 5 783 468 775 691 657 925 438 548 548 699 797 545 856 479 592 262 339 854 434 812 513 658 315 175 188 59 910 770 339 302 261 893 918 129 69 492 167 501 485 785 725 518 841 918 161 825 703 638 358 99 557 585 732 439 424 200 612 737 350 694 426 359 595 961 999 352 606 187 376 991 111 412 80 357 777 115 687 155 640 472 862 992 645 743 833 399 677 328 778 901 65 50 92 622 224 37 341 
715 61 114 233 278 455 985 719 309 984 396 353 77 946 522 439 898 473 928 435 164 584 23 561 934 431 752 156 520 760 660 79 23 799 996 923 863 170 301 721 426 9 530 468 826 863 649 736 110 396 419 467 422 580 63 615 344 977 145 530 405 945 582 623 775 233 108 662 565 276 193 840 636 551 701 811 541 41 362 131 787 300 743 209 784 285 500 145 967 110 908 243 631 773 136 119 442 636 715 73 
641 10 574 113 145 208 387 308 665 970 776 403 87 661 927 311 104 924 332 185 860 805 787 140 695 242 398 236 417 558 401 856 246 251 715 434 680 764 718 818 789 255 687 980 548 445 208 457 933 170 176 690 445 335 249 836 280 275 150 74 410 210 241 368 21 604 513 193 542 664 685 449 902 257 544 284 962 398 419 778 416 422 425 993 195 646 553 213 223 208 644 96 415 861 427 659 470 733 278 533 
885 523 915 349 751 366 602 109 329 668 457 413 553 766 302 869 79 155 741 322 595 896 369 472 17 359 449 337 769 467 83 749 663 392 243 729 255 633 49 204 233 21 238 916 413 638 386 1 122 992 432 795 760 915 977 814 385 179 554 853 520 694 9 430 799 630 73 67 326 803 625 329 99 679 284 5 871 749 204 776 261 727 688 338 686 113 168 729 214 74 488 272 853 61 934 504 339 748 531 170 
989 615 23 513 248 762 669 261 607 120 17 674 609 541 741 505 395 836 538 500 329 319 516 793 461 577 854 160 758 14 785 245 844 165 133 96 646 662 318 376 411 438 22 418 150 569 912 630 604 994 356 933 748 265 36 127 207 317 707 219 444 579 421 811 416 878 859 494 875 811 621 259 619 43 652 770 406 713 178 985 270 791 821 128 523 93 709 960 468 723 672 553 799 279 120 351 807 85 484 751 
567 853 411 104 335 373 663 458 57 464 232 63 186 958 304 773 366 899 986 134 882 427 537 409 882 283 205 742 587 84 182 29 396 960 647 74 365 443 569 948 477 379 497 564 927 804 771 716 90 532 123 657 895 801 787 639 621 178 246 600 987 224 649 274 781 373 567 162 53 304 216 187 91 713 371 596 557 516 704 799 296 700 269 754 474 587 297 370 619 107 270 934 926 408 192 807 973 53 514 997 
101 66 501 161 312 799 585 633 592 340 705 434 454 294 506 277 767 510 888 6 22 181 295 128 996 540 20 969 672 531 775 846 341 69 96 666 553 868 647 458 934 851 329 160 203 802 348 295 303 400 952 968 45 14 197 407 887 887 592 423 408 193 658 652 577 182 752 527 552 343 949 561 961 219 722 261 175 122 483 637 726 678 455 959 724 921 159 880 16 804 917 502 955 976 91 499 605 977 888 953 
687 554 546 538 438 547 129 522 921 613 675 984 408 245 881 973 413 971 333 888 256 174 18 840 997 811 139 713 714 630 145 311 667 79 188 474 663 825 486 204 749 537 438 975 357 145 728 774 306 777 669 712 953 584 689 901 427 641 855 310 930 338 430 442 95 366 499 766 848 231 973 691 564 354 994 150 421 33 820 948 589 691 318 690 226 569 416 7 560 42 475 342 189 837 197 760 666 233 850 108 
925 262 386 905 943 880 914 377 985 115 34 722 59 336 864 905 357 316 950 853 372 834 72 477 316 608 709 819 581 75 430 658 703 466 387 464 138 668 904 496 540 106 459 847 565 516 74 329 26 609 602 258 847 869 694 440 418 943 356 393 259 222 804 190 789 441 258 953 203 998 126 794 993 971 740 866 892 828 979 535 527 138 447 68 887 431 101 479 180 848 619 190 367 336 564 598 677 397 878 557 
592 978 931 647 181 478 541 8 2 924 720 832 634 578 483 251 939 278 192 286 540 855 885 721 172 658 335 859 785 3 400 229 400 417 180 528 368 537 669 242 166 22 459 324 675 758 806 847 760 591 114 177 127 555 15 954 895 585 283 572 453 723 855 479 672 869 393 667 362 900 989 39 135 834 83 235 572 185 380 168 214 633 986 375 883 677 486 77 378 252 153 579 289 329 207 682 201 11 3 881 
722 788 439 205 781 25 430 752 326 481 734 965 334 392 291 414 372 809 260 930 135 738 592 514 70 241 353 829 780 240 106 740 262 733 779 321 90 492 842 83 75 294 301 93 540 237 351 946 515 381 938 11 551 729 222 35 594 560 723 964 674 408 356 916 14 707 983 281 422 995 483 878 461 866 796 673 217 436 480 993 208 73 360 8 115 280 238 3 10 21 750 423 430 965 468 674 16 418 387 128 
704 872 293 436 162 118 312 657 710 735 43 926 507 473 46 606 488 365 960 246 705 454 130 189 86 348 415 477 247 667 782 553 906 839 600 675 644 743 745 516 750 88 704 542 901 220 534 252 571 578 364 541 752 789 805 293 616 474 187 396 971 654 1 171 515 290 864 981 883 978 593 509 338 477 384 476 203 112 399 901 964 274 570 615 598 277 911 435 557 865 246 753 651 897 896 680 159 952 992 261 
740 66 79 531 513 905 663 148 507 883 367 105 388 194 139 143 206 597 964 922 913 238 214 709 543 622 124 544 741 406 624 59 384 364 358 124 312 703 427 232 558 676 81 533 444 63 681 171 358 237 741 972 199 675 749 335 86 349 582 525 42 166 117 162 598 425 160 811 77 337 448 781 486 538 422 594 41 398 609 354 361 531 438 216 911 460 532 964 649 914 876 5 990 911 627 348 440 335 159 429 
450 707 834 824 194 366 251 957 311 520 851 720 905 622 773 998 666 951 284 654 513 762 339 570 94 301 71 909 775 166 778 262 464 745 471 16 858 866 54 621 376 526 308 546 476 535 910 754 943 90 501 434 0 248 406 856 340 321 218 652 553 875 208 458 6 292 369 157 796 666 756 130 337 183 707 694 857 769 556 358 31 65 156 265 216 400 359 3 362 205 130 904 270 202 173 231 140 889 299 124 
290 559 390 238 425 9 361 550 419 318 981 439 793 544 350 222 40 683 898 135 500 91 531 457 743 661 764 994 63 721 438 732 604 207 641 297 647 112 512 929 391 699 449 797 547 573 158 719 595 981 961 634 356 688 303 52 757 580 869 213 319 439 832 683 452 851 844 714 564 458 664 491 96 2 850 710 474 799 376 213 612 681 203 368 914 468 673 616 987 792 829 79 823 625 77 418 399 830 725 841 
577 22 905 418 578 158 867 875 546 163 976 161 539 115 549 442 188 860 776 368 348 588 837 156 453 528 282 841 477 547 469 992 656 173 307 57 89 488 945 546 553 31 954 559 890 596 789 753 148 287 605 654 212 824 109 388 965 687 271 589 175 19 593 45 899 631 672 344 305 525 438 538 436 633 354 663 95 213 672 454 115 273 445 185 804 386 649 151 852 174 984 158 371 730 274 62 818 125 501 189 
851 623 410 213 974 222 369 706 136 881 88 320 954 79 207 17 780 429 859 344 934 693 75 184 828 114 906 999 618 29 749 569 636 438 205 193 641 595 391 446 629 85 735 364 323 361 690 621 388 793 324 803 587 56 364 699 990 508 217 705 463 383 824 609 154 504 682 482 265 313 989 931 664 942 830 771 415 972 545 24 483 767 196 799 63 615 850 819 881 252 110 109 2 403 26 11 217 795 761 467 
844 355 5 808 726 626 945 936 331 943 893 646 577 211 940 839 39 809 117 568 567 873 384 241 836 860 940 630 507 287 825 8 143 706 216 547 751 536 515 892 910 52 108 242 114 222 919 33 720 971 785 427 175 939 754 436 625 631 911 364 18 175 415 411 314 901 273 887 932 712 719 88 998 836 625 290 715 817 237 183 524 552 317 587 633 33 345 492 286 519 744 11 231 673 553 902 699 147 926 68 
852 445 300 372 462 140 906 865 22 366 470 306 902 220 801 225 589 362 607 792 548 32 559 442 241 871 292 904 67 303 415 548 683 981 509 735 360 57 407 163 30 676 56 751 883 673 395 732 837 386 84 924 180 494 374 379 685 634 163 297 601 154 880 520 676 361 26 804 181 245 125 324 92 949 964 986 930 50 211 997 855 970 617 699 868 274 779 682 261 519 77 66 657 543 220 58 411 722 900 354 
521 829 523 191 505 221 38 367 683 882 586 330 987 224 429 402 952 838 888 647 107 15 487 138 832 917 82 618 695 643 17 661 757 267 715 660 467 706 71 524 810 79 176 683 237 909 668 490 3 569 477 325 958 857 885 536 550 86 684 671 977 312 719 407 578 663 350 550 677 809 752 794 45 869 686 37 446 706 619 942 171 595 148 157 591 111 304 484 266 379 625 718 717 26 414 952 994 996 702 84 
74 309 518 549 247 994 305 117 868 839 746 845 887 725 534 477 16 238 376 254 124 91 194 714 530 503 15 591 560 208 98 344 3 481 484 419 237 419 447 960 909 102 681 588 10 319 990 900 242 22 207 721 773 521 282 956 705 862 19 428 830 903 350 893 10 895 313 1 708 163 634 1 122 298 69 436 824 407 727 300 874 563 988 719 839 867 120 269 652 712 835 971 902 137 370 591 774 771 788 520 
493 314 868 733 883 119 139 728 328 20 696 259 674 472 103 567 938 494 758 720 947 388 462 764 265 704 534 511 114 354 376 793 942 892 630 632 514 352 547 223 254 302 704 985 523 846 532 751 830 508 656 125 231 456 775 360 605 173 60 728 67 39 886 688 854 348 483 2 581 488 420 180 927 570 15 395 938 820 252 23 5 138 360 618 193 588 910 222 593 876 542 160 756 491 936 3 479 567 891 649 
526 961 678 589 957 334 867 30 365 236 251 704 79 439 337 70 832 955 540 591 263 81 543 328 6 483 138 268 299 890 783 541 575 647 16 224 487 104 383 273 826 441 859 906 369 368 556 272 778 750 892 952 274 889 748 981 84 756 557 215 424 460 868 217 296 795 910 358 476 350 717 302 804 259 483 127 397 302 413 854 566 244 22 897 34 853 901 222 964 148 559 251 685 853 886 312 650 311 730 967 
132 861 326 351 639 205 616 375 817 46 981 429 35 143 848 977 390 26 629 411 153 298 345 999 43 631 61 92 561 254 180 315 985 610 896 472 735 462 251 842 449 106 496 193 682 696 929 611 89 30 627 153 724 658 521 604 243 585 370 446 598 241 35 626 249 751 820 653 848 4 683 930 877 58 407 567 406 447 506 161 885 24 763 65 952 563 660 822 24 472 390 537 431 238 92 297 506 879 765 944 
934 404 570 193 958 934 274 298 204 780 619 407 878 781 513 959 200 265 0 859 756 15 100 119 6 629 205 321 415 18 652 930 178 175 615 505 70 562 280 269 410 644 168 466 650 877 235 778 45 964 261 531 1000 522 793 191 498 933 363 358 275 452 667 878 186 18 266 779 358 717 381 509 190 757 495 215 301 583 303 561 683 1 115 978 111 351 75 776 417 997 370 967 383 919 455 620 995 18 685 154 
807 227 703 223 118 762 432 434 582 949 166 458 696 140 714 526 75 193 347 823 493 805 270 982 934 370 277 362 263 224 528 189 115 983 878 950 690 736 667 471 412 378 133 975 536 279 541 285 875 398 434 22 442 147 13 874 431 428 258 456 965 409 920 464 208 465 813 186 993 367 203 492 394 974 555 323 630 118 429 59 380 207 511 713 831 402 568 320 602 279 664 671 725 121 81 191 454 514 729 106 
3 88 506 676 149 952 144 890 579 880 742 729 607 462 727 162 292 811 164 740 124 177 382 756 234 191 586 120 69 139 938 576 489 227 293 103 703 21 85 100 314 34 52 29 723 937 937 411 197 566 556 160 636 211 922 45 561 566 3 410 414 529 233 115 908 56 784 219 206 243 949 26 691 332 396 814 280 699 857 217 107 352 27 573 124 297 909 799 48 246 712 180 339 323 196 369 235 808 736 954 
249 542 468 243 205 47 590 984 260 932 631 930 747 539 329 504 143 415 709 127 797 25 81 679 708 930 182 890 100 635 527 773 707 240 901 769 803 413 935 111 958 681 439 382 142 959 178 151 259 730 774 867 578 602 540 697 398 778 143 156 501 752 72 961 482 369 316 605 649 162 789 971 252 38 712 660 862 1 845 428 753 855 779 136 607 851 360 75 40 456 371 463 210 695 667 670 216 613 273 139 
3 341 603 197 615 254 664 592 469 94 498 638 949 60 966 811 444 175 386 558 664 246 347 24 564 284 89 972 357 886 309 356 291 289 956 141 918 205 348 963 137 401 614 470 293 653 6 947 570 261 733 223 245 507 728 811 0 516 488 23 908 42 483 429 143 979 990 692 212 186 79 346 101 87 517 672 167 774 313 428 683 16 474 473 375 29 474 796 975 678 577 581 497 870 99 705 383 858 557 30 
671 364 63 914 180 662 341 531 447 208 286 305 749 648 561 152 847 457 458 536 635 884 205 652 980 992 634 196 671 70 1000 447 386 283 210 250 695 767 430 583 836 731 517 936 505 697 701 257 743 354 239 464 624 922 540 795 999 749 254 235 606 560 940 170 429 711 379 748 198 427 531 158 851 209 340 183 237 904 946 534 919 424 47 10 49 492 683 353 587 751 54 541 611 803 630 454 916 842 212 695 
87 853 930 523 3 672 234 705 874 206 895 255 667 896 799 510 799 446 231 749 68 597 334 91 431 901 241 108 582 116 535 739 549 400 200 172 81 904 307 529 662 235 360 616 518 67 25 51 912 418 907 209 310 394 538 275 816 303 600 113 386 77 591 558 403 641 999 91 535 210 835 673 674 343 306 395 896 7 67 693 143 11 650 172 560 194 859 760 952 493 547 961 943 785 790 439 464 581 900 928 
554 978 431 921 819 220 300 698 889 742 754 217 636 965 951 25 768 895 895 343 11 918 927 640 599 960 353 887 42 255 388 849 395 699 712 374 168 63 90 637 6 975 695 414 167 611 396 908 866 823 717 531 630 190 290 893 892 584 333 965 913 363 481 468 15 375 712 597 741 677 129 359 141 400 261 345 750 149 982 204 714 639 552 701 589 145 642 667 737 152 103 152 799 429 801 279 783 49 151 190 
974 177 161 385 136 770 588 498 934 370 155 431 624 56 824 66 206 171 185 522 283 680 556 331 410 686 83 304 782 248 151 617 608 168 748 65 722 422 388 775 621 865 7 149 218 540 680 780 779 512 284 372 245 101 252 106 2 667 405 545 87 572 203 365 187 930 228 648 647 823 847 621 769 71 778 870 756 733 818 788 450 240 117 339 495 742 595 775 272 690 952 383 401 529 860 834 500 316 812 41 
219 997 226 555 609 647 887 872 843 637 520 906 528 692 900 620 385 115 315 455 658 918 12 855 968 696 674 593 939 98 606 432 56 357 453 130 914 639 587 252 783 191 205 316 551 994 850 240 826 784 529 985 247 40 918 135 80 754 255 843 149 869 535 617 183 747 107 415 468 139 457 264 716 847 60 903 324 349 122 530 238 193 645 322 757 411 53 935 401 199 948 640 159 691 147 369 862 347 107 374 
330 301 439 754 188 135 918 78 491 781 462 580 974 57 360 754 875 296 987 981 743 417 633 19 15 390 946 612 392 184 848 652 436 637 546 41 547 104 260 162 194 856 143 755 597 507 416 418 633 950 74 372 319 795 696 499 48 409 609 94 66 410 194 639 24 281 69 697 748 429 164 685 639 864 366 572 714 159 677 767 544 536 138 422 198 687 182 352 908 255 284 258 124 88 407 980 457 513 598 315 
143 755 891 379 495 397 165 599 371 761 753 569 541 298 113 370 476 281 151 442 247 238 843 355 495 550 738 974 646 756 727 859 606 412 690 501 759 644 813 621 291 632 286 131 933 960 593 124 639 937 750 133 690 69 912 887 116 2 82 400 548 980 586 569 537 544 994 630 489 259 555 112 180 591 996 366 902 477 469 244 143 852 893 456 126 467 510 840 571 965 656 145 211 57 272 730 526 669 127 503 
158 427 346 472 735 860 971 947 924 549 780 205 333 35 343 369 774 786 280 391 235 716 558 22 476 803 71 650 359 953 248 803 947 295 186 827 776 526 188 459 65 644 44 109 673 11 645 854 152 39 997 597 823 820 611 442 195 676 87 574 466 749 947 534 444 608 206 105 221 914 67 130 693 109 391 669 386 353 22 191 429 852 815 6 11 25 289 43 605 151 950 801 791 753 390 655 387 789 925 773 
141 375 690 775 40 850 610 134 92 737 321 893 442 314 552 101 279 146 8 759 431 636 544 79 360 89 352 891 967 246 671 248 130 158 187 587 844 228 812 261 967 445 444 11 336 473 33 571 109 922 70 590 540 338 841 337 514 36 268 824 696 306 593 381 504 913 165 483 763 927 64 899 962 607 916 891 996 371 468 982 86 921 217 327 330 388 997 772 525 916 513 246 623 586 818 976 740 4 644 682 
850 615 756 229 358 113 417 6 773 254 104 710 904 804 144 823 273 91 444 352 499 680 724 663 98 284 517 108 260 340 161 624 481 599 772 214 109 593 856 70 61 608 463 541 947 979 735 769 479 114 52 166 954 604 30 922 302 420 649 257 245 476 822 957 885 590 437 914 300 876 498 194 714 537 497 873 36 274 487 808 406 28 767 933 328 944 456 451 448 260 438 568 597 783 503 573 793 471 51 529 
928 707 498 88 579 514 893 118 151 971 23 41 255 477 444 971 218 290 130 625 702 921 132 842 357 819 83 523 880 522 228 676 741 738 655 75 988 62 649 766 570 736 779 418 294 700 860 251 669 402 995 411 450 582 184 587 588 573 696 663 403 839 908 41 402 575 21 310 234 336 758 144 752 705 350 895 268 208 61 732 799 269 768 319 338 600 55 868 889 441 433 332 598 729 722 986 133 841 566 682 
846 353 923 132 200 419 784 910 314 683 398 209 963 331 529 553 222 785 731 16 585 619 186 212 883 855 973 469 333 771 428 956 476 790 626 909 787 406 788 746 241 437 216 911 849 287 89 922 93 45 399 845 895 694 960 422 955 7 669 62 689 908 555 392 905 914 748 262 601 764 720 144 831 306 463 346 813 492 748 687 456 122 39 602 77 95 987 762 714 874 323 231 928 933 232 346 81 295 37 96 
596 383 20 482 812 456 860 399 978 391 655 441 529 765 703 635 785 323 374 677 489 718 37 440 884 298 149 820 12 802 466 695 853 129 384 113 355 626 341 717 770 468 578 672 354 413 614 60 647 281 537 456 89 959 85 410 891 98 358 252 232 709 30 185 469 610 251 70 747 668 137 777 762 117 686 622 303 196 281 39 999 476 939 343 191 992 92 525 366 299 244 359 524 388 130 156 692 736 52 942 
568 840 353 352 732 933 718 513 893 402 334 681 499 847 593 372 138 295 310 456 600 234 524 883 921 649 987 438 785 95 153 187 657 336 1000 17 939 69 248 101 984 980 634 343 598 228 70 846 305 124 705 18 887 840 365 288 884 66 761 958 849 447 677 114 50 40 663 906 627 45 622 973 889 997 944 448 241 388 190 726 622 156 435 970 21 41 88 242 163 485 593 660 533 881 830 472 245 462 884 517 
791 497 961 427 884 31 314 575 762 596 707 971 484 405 911 485 636 844 833 416 298 78 671 246 389 818 994 632 918 878 432 286 722 358 291 175 894 5 621 542 285 808 567 360 271 635 467 842 340 290 742 328 443 891 66 922 8 747 859 386 656 154 184 630 875 99 889 767 363 366 960 22 461 623 927 620 960 939 113 592 95 456 230 619 659 666 398 925 895 575 69 132 314 287 864 769 290 280 560 641 
392 816 226 17 806 535 0 941 719 121 736 56 978 829 948 749 102 163 87 978 577 687 743 794 430 275 446 216 242 379 938 838 409 138 991 695 765 564 321 338 123 99 43 955 639 707 665 768 67 37 448 347 675 866 877 825 957 406 231 960 461 816 98 679 727 526 564 413 887 708 322 837 308 289 206 151 818 782 625 658 532 379 485 124 293 411 211 530 230 213 130 164 76 853 63 509 841 714 450 73 
809 72 546 740 615 381 192 88 249 301 981 782 551 965 514 192 145 22 605 539 215 587 574 432 230 198 208 118 719 271 945 442 615 385 83 589 928 141 215 687 542 469 613 601 235 935 921 147 738 716 524 285 868 732 857 920 507 816 650 807 234 426 274 185 724 34 33 8 399 951 813 193 175 880 322 692 262 296 736 176 836 363 432 899 409 165 725 646 110 489 836 356 922 301 704 945 714 172 542 64 
450 166 302 177 629 160 97 165 790 341 447 702 123 53 826 423 230 541 800 701 813 573 349 332 831 468 367 21 271 475 633 398 991 873 687 203 358 685 431 298 326 436 186 791 263 921 317 157 973 493 126 225 279 644 699 414 462 139 340 62 388 700 957 645 600 666 77 97 247 884 964 353 194 506 39 49 941 43 740 851 408 186 841 983 578 882 349 270 426 194 846 571 710 955 146 309 83 333 892 8 
731 784 643 463 629 613 303 215 316 880 137 662 136 537 604 152 70 778 547 880 366 24 444 362 793 756 6 529 846 576 549 844 618 875 388 766 375 632 369 152 875 808 889 226 891 131 290 535 620 518 5 999 684 156 164 87 777 907 327 416 222 763 279 328 761 180 40 424 181 56 285 986 336 42 180 701 746 23 283 939 89 216 278 578 666 956 968 850 196 156 547 777 632 429 852 847 602 41 707 720 
844 501 868 405 312 209 942 422 447 616 997 530 850 448 836 353 457 324 105 39 289 442 951 827 696 479 932 542 497 744 932 97 173 404 4 723 184 828 536 865 862 560 881 689 705 757 320 704 58 768 18 934 950 420 301 487 795 348 633 332 914 80 230 104 180 809 773 875 802 237 784 418 438 363 867 759 839 838 381 788 494 4 891 313 827 834 639 837 416 350 667 739 313 638 840 922 588 738 101 200 
687 191 784 371 372 600 417 909 160 870 714 348 47 705 548 921 867 326 966 908 675 486 681 396 760 957 11 820 349 411 159 192 518 174 93 902 85 558 792 907 156 842 178 245 157 729 462 837 453 416 57 344 147 420 767 622 452 222 236 706 45 377 381 610 632 714 151 592 772 95 321 960 133 263 47 761 209 949 465 333 414 244 493 297 227 150 756 625 830 161 508 457 50 489 264 243 804 675 477 44 
192 555 930 524 911 886 712 378 649 238 956 756 734 942 635 323 502 125 309 432 788 192 241 579 22 932 288 383 950 162 2 954 825 799 304 613 849 170 4 133 710 832 672 138 142 118 964 314 131 643 598 479 927 350 965 321 768 685 209 321 749 885 479 616 399 695 63 892 62 951 7 184 507 428 883 971 634 887 316 827 115 297 346 629 958 64 662 699 307 505 76 624 323 785 804 851 70 190 908 748 
16 707 781 291 724 207 8 132 853 622 236 205 136 652 407 196 951 44 82 771 510 837 514 283 892 405 546 417 118 352 933 285 154 443 523 53 184 203 144 620 347 647 631 477 226 105 978 240 630 322 915 159 830 235 519 771 555 956 860 306 309 299 633 331 477 219 532 63 156 747 355 981 425 196 24 697 588 452 650 671 39 320 784 231 807 340 214 405 546 699 744 426 232 252 976 874 497 426 579 374 
969 493 487 493 292 979 589 980 907 785 164 80 292 84 617 11 97 331 838 869 819 267 427 85 127 773 174 294 349 221 803 695 691 385 721 926 888 867 510 490 760 879 425 395 775 338 637 211 777 592 618 918 29 847 702 980 739 312 855 904 70 343 245 725 580 98 289 566 866 951 894 885 362 120 317 515 471 174 799 189 673 206 561 146 603 651 876 576 149 353 530 734 933 777 451 281 989 133 332 303 
158 720 274 334 864 772 916 40 754 375 633 499 986 929 254 655 487 906 307 17 459 858 449 892 696 978 911 304 47 835 886 126 364 276 398 58 946 729 483 548 465 282 348 674 946 642 120 727 942 571 593 100 369 614 215 399 408 887 301 202 435 225 370 685 602 439 918 745 577 76 258 364 994 228 73 483 99 854 640 564 981 128 107 504 288 69 402 169 535 693 67 582 243 110 214 679 735 900 335 757 
14 573 220 604 487 34 738 879 690 131 277 404 962 793 383 408 709 964 645 258 492 49 872 209 416 53 394 553 405 963 434 669 427 204 401 34 60 13 309 277 141 337 219 716 411 584 57 570 71 115 798 143 670 557 289 925 672 622 623 939 518 725 131 353 748 644 71 823 365 682 419 544 618 371 590 450 925 691 338 947 29 255 386 934 922 959 404 988 930 594 984 758 170 980 624 885 937 351 399 473 
513 400 815 637 639 315 680 921 193 336 811 370 268 778 102 189 772 283 880 483 877 803 986 736 818 554 449 437 623 697 91 436 452 716 493 462 387 325 896 632 979 515 344 58 270 525 777 784 509 250 709 733 683 418 775 38 596 513 134 34 792 54 701 382 558 616 763 27 772 713 552 29 829 529 686 130 78 585 165 595 50 476 996 792 686 896 616 445 713 292 616 61 757 39 504 676 530 301 238 309 
588 288 972 183 267 904 640 319 199 582 676 829 508 519 729 934 696 179 661 674 256 385 69 998 756 310 317 278 426 782 330 723 672 756 773 312 233 776 443 525 970 46 805 34 92 148 367 220 113 570 524 449 174 161 895 619 524 617 72 655 108 735 706 734 505 0 639 993 626 143 237 165 828 379 140 340 9 234 266 261 390 843 958 56 9 734 792 589 942 646 45 283 627 43 455 437 539 213 200 113 
200 978 864 597 301 601 897 344 252 719 755 313 615 431 860 374 936 734 735 99 290 141 992 120 134 96 203 891 516 415 530 82 566 656 402 913 780 698 979 660 493 558 539 386 540 183 756 674 517 47 999 778 464 171 668 71 312 202 144 856 955 747 658 258 198 956 429 857 209 622 601 167 649 721 281 807 330 225 929 709 388 562 346 644 283 749 509 912 35 190 733 6 951 664 796 334 450 462 486 865 
672 71 8 274 239 276 355 97 753 142 674 469 350 347 693 885 594 291 321 775 955 790 541 6 866 920 700 344 355 827 873 212 699 719 923 76 29 433 58 38 954 689 564 680 907 959 349 783 90 919 630 830 168 529 191 248 95 872 76 31 487 372 889 951 754 987 508 697 208 757 550 809 687 909 243 508 927 434 840 493 100 559 677 814 226 672 920 305 844 313 189 622 518 46 274 159 869 133 548 437 
54 325 279 583 586 957 940 414 545 802 33 399 51 328 621 931 678 344 73 957 974 404 652 354 191 857 523 598 991 594 895 519 424 552 125 8 357 887 187 695 875 95 1 533 412 827 258 82 752 769 349 237 324 713 778 383 450 361 153 279 976 685 123 371 235 225 796 94 922 423 826 276 470 827 858 392 104 510 708 421 18 587 270 195 79 610 885 84 922 412 692 364 853 953 525 217 960 241 647 955 
526 850 310 792 968 330 399 472 285 93 548 633 342 439 157 385 146 103 448 759 766 607 475 179 715 2 649 606 640 921 792 62 478 236 580 862 590 961 297 777 586 518 88 386 587 829 701 196 105 797 153 312 315 591 416 146 823 229 818 216 412 205 131 583 658 781 219 402 426 696 373 19 281 319 670 483 986 658 313 366 139 131 292 394 784 821 879 229 796 642 259 888 270 712 508 82 625 33 88 315 
525 220 688 528 947 237 3 582 383 114 526 93 59 627 526 943 312 474 220 958 494 211 675 351 799 929 173 61 470 764 625 785 816 731 177 273 966 516 653 788 421 390 909 143 129 721 743 304 540 750 322 495 969 722 115 134 626 118 689 953 107 988 804 864 633 759 834 966 508 169 727 437 569 515 837 826 774 635 608 653 684 791 510 425 789 514 562 384 918 932 713 892 280 81 430 341 188 806 605 185 
687 958 325 600 477 836 394 747 745 698 949 168 752 355 805 235 981 933 471 202 399 322 802 680 108 86 469 387 993 324 621 917 83 103 314 123 939 118 489 591 865 384 450 97 679 427 669 685 433 35 265 832 409 651 911 858 992 772 574 570 155 867 723 306 529 38 931 974 816 106 715 940 197 801 109 850 516 589 709 61 860 312 589 959 988 240 854 421 87 998 975 723 56 471 333 88 889 46 374 273 
724 259 351 50 239 887 482 217 810 287 89 251 986 710 619 820 705 214 86 273 578 773 975 169 631 18 381 129 705 584 704 857 88 825 29 919 407 608 141 989 918 131 171 725 448 201 244 536 153 221 3 619 666 239 993 238 495 438 776 73 497 928 79 570 767 554 694 782 869 654 450 723 716 215 870 216 898 459 904 196 287 402 287 552 42 733 637 13 504 105 940 248 780 470 386 639 68 588 213 323 
386 886 739 64 199 132 28 891 782 514 170 428 655 80 372 187 964 734 698 428 118 406 766 280 171 617 599 937 833 230 522 811 916 167 52 131 948 56 565 574 803 880 961 360 829 861 703 97 581 973 358 569 557 673 863 580 663 494 95 5 733 451 929 323 173 427 883 536 880 756 975 36 757 531 866 347 636 663 286 246 842 219 698 827 790 911 24 975 327 658 167 576 940 106 200 555 404 124 399 523 
621 349 6 442 692 66 384 94 341 217 592 106 177 416 386 906 691 721 160 717 235 910 296 782 563 69 37 18 712 129 959 106 110 989 534 419 96 167 737 704 141 67 827 99 85 241 828 654 156 581 666 828 481 183 14 815 682 33 275 431 719 652 656 888 253 798 308 380 420 112 521 994 300 510 957 168 619 583 456 535 846 142 136 268 942 931 156 650 816 240 386 54 903 839 54 517 871 51 327 353 
278 775 138 179 849 89 662 407 618 813 627 151 973 769 672 40 33 974 787 485 127 545 344 106 561 258 738 726 869 325 693 1000 242 303 50 88 390 440 102 652 577 687 727 126 486 993 744 672 547 941 832 171 949 950 304 767 335 417 437 802 196 179 754 539 801 630 961 426 429 768 952 626 33 322 369 591 463 395 428 254 204 937 471 649 895 489 41 576 974 920 306 13 895 27 742 560 84 691 787 36 
657 298 484 657 478 674 660 251 216 999 211 792 106 419 686 213 701 123 228 642 414 405 216 888 57 212 619 604 406 766 187 757 764 712 427 996 569 186 76 319 169 152 703 796 80 654 290 224 871 364 715 722 727 812 910 292 461 811 990 805 782 739 821 142 36 188 570 590 279 920 332 818 292 120 934 484 54 186 660 5 547 496 498 989 730 446 114 717 976 619 184 443 845 655 188 277 393 260 617 617 
225 547 230 787 294 862 690 227 507 252 452 853 147 522 26 974 206 716 255 80 819 630 308 991 393 130 11 993 875 251 936 477 269 265 380 718 319 730 226 156 865 340 217 39 737 581 981 614 983 949 835 971 25 154 468 335 735 284 283 314 311 1 9 968 92 630 617 671 933 518 499 655 535 997 846 935 663 492 855 789 246 978 614 48 688 99 174 770 302 563 645 10 881 583 94 152 825 164 199 340 
933 562 538 237 908 734 886 973 518 38 43 328 966 948 610 787 769 590 252 581 121 824 251 555 771 162 380 514 188 680 324 440 484 826 513 882 546 810 184 450 615 448 48 183 189 170 655 332 724 221 150 268 557 361 448 966 968 259 740 608 245 718 860 96 731 44 352 443 364 577 202 808 84 328 623 629 72 889 717 650 601 529 745 666 788 240 112 951 533 881 269 34 6 109 742 465 329 861 747 633 
959 884 321 796 185 96 55 709 271 952 740 388 889 74 783 675 74 372 954 674 600 399 926 858 749 967 745 783 61 701 673 694 47 396 484 510 693 66 825 384 859 561 961 819 257 878 708 962 26 660 473 989 944 354 251 419 0 220 842 487 902 354 825 740 475 55 287 373 12 188 709 794 72 419 569 304 730 2 803 559 481 120 558 489 523 544 673 47 407 777 729 476 188 772 604 279 283 459 49 360 
611 492 683 612 272 22 951 379 816 192 697 2 661 579 537 815 527 299 696 669 645 821 724 447 819 777 124 47 213 284 998 572 249 201 303 735 906 214 456 524 850 852 175 395 581 950 12 706 454 238 129 430 685 977 926 230 379 273 602 256 240 785 601 206 717 927 117 862 946 242 500 176 629 462 16 993 477 670 453 277 534 99 727 21 171 213 647 675 201 585 771 119 589 966 371 211 753 909 41 70 
286 553 798 147 216 510 682 148 576 706 539 62 970 321 586 27 369 344 923 539 736 227 470 8 286 164 292 656 156 346 56 949 933 120 150 569 229 166 646 545 450 657 297 298 568 987 636 231 460 479 839 745 544 300 594 990 266 723 138 777 10 361 336 576 449 988 908 363 877 190 611 767 129 818 805 539 998 692 527 163 2 795 516 161 95 459 308 796 271 945 249 311 482 492 250 202 109 989 347 839 
790 225 117 439 560 937 472 290 566 465 430 944 456 348 258 563 840 425 164 86 14 799 878 77 581 970 978 48 867 933 900 21 545 269 905 389 964 80 377 948 70 889 499 982 216 647 656 548 555 505 893 877 312 148 476 176 63 656 530 402 356 347 677 881 644 573 373 533 48 254 195 706 629 62 754 409 202 748 442 110 509 621 737 50 804 545 299 949 587 874 256 109 616 672 480 781 585 45 722 23 
