205 218 267 287 371 977 665 723 757 204 579 840 933 857 509 381 777 386 221 573 514 304 387 205 508 675 885 974 723 459 174 753 611 50 723 798 936 192 952 264 181 750 591 447 571 642 777 947 66 0 806 910 62 134 832 939 351 34 400 355 361 914 249 219 852 645 502 37 822 147 672 99 763 51 300 956 277 201 247 950 376 657 743 551 314 53 622 447 530 193 132 595 523 417 342 216 259 521 197 168 
987 465 941 331 819 396 941 120 176 945 610 95 305 820 347 385 415 437 935 245 749 792 440 477 200 993 471 644 36 477 854 524 607 655 454 123 698 129 356 218 853 958 548 604 107 279 878 670 414 734 480 218 143 25 142 46 553 41 238 400 609 501 507 153 615 570 851 756 135 878 920 990 399 298 766 755 711 996 222 242 759 329 849 981 161 793 423 361 673 527 790 883 362 913 495 401 336 240 401 504 
663 973 578 861 235 93 504 417 914 878 391 554 997 987 994 832 504 287 23 777 915 353 8 292 401 561 633 4 890 340 867 104 936 914 230 360 389 813 229 176 685 781 978 656 59 261 822 249 429 509 831 657 954 825 67 138 648 552 475 415 140 414 830 861 504 308 678 990 551 189 171 800 478 386 596 373 703 462 888 520 936 157 83 804 644 22 40 804 389 93 98 56 698 822 368 238 413 315 810 322 
182 559 462 5 306 890 726 900 202 654 560 373 794 416 266 173 453 487 620 355 542 632 491 860 310 274 665 692 513 495 482 630 400 246 702 718 112 279 332 89 585 925 199 489 780 796 557 220 58 264 711 160 349 122 445 509 677 239 278 219 827 876 138 534 830 254 856 746 8 172 690 658 34 209 24 104 326 847 536 11 400 842 433 367 7 364 712 381 438 314 515 325 912 841 778 158 785 536 659 720 
706 146 420 665 521 229 216 199 387 922 352 16 852 224 435 263 633 175 807 771 135 623 582 56 749 976 101 473 340 326 931 405 433 138 297 627 534 449 745 445 164 762 818 249 781 11 830 579 499 459 165 338 996 926 403 944 980 489 77 82 174 550 163 889 106 247 603 317 624 975 493 822 748 402 650 990 23 241 80 451 359 795 975 297 129 392 176 412 158 803 963 658 495 241 506 585 371 623 379 536 
971 486 362 113 176 409 680 978 14 258 730 519 508 401 906 219 314 893 759 97 349 434 40 713 941 929 670 176 828 149 867 63 966 842 761 165 617 271 909 213 452 578 671 159 573 958 437 87 498 671 762 816 415 296 98 868 544 38 859 937 66 405 385 940 195 356 920 839 551 887 161 156 723 926 454 672 775 982 324 826 256 734 774 664 564 350 799 709 330 394 185 51 352 821 61 747 205 993 47 615 
494 614 234 799 924 422 36 521 743 996 956 913 964 240 635 822 153 276 248 399 289 564 995 116 417 18 136 240 849 669 459 974 623 922 367 230 991 104 246 412 507 117 600 496 680 151 93 450 681 738 565 247 310 940 217 708 847 420 185 843 809 848 995 676 827 585 156 859 808 717 606 952 107 995 155 836 411 93 206 595 312 735 555 875 940 590 20 13 74 519 941 605 106 859 609 805 268 353 176 187 
231 439 732 331 859 538 858 20 998 700 231 510 822 210 796 828 493 639 258 313 765 748 460 387 387 537 87 537 796 376 447 926 731 754 121 58 239 179 999 702 517 624 842 677 170 313 198 566 369 451 458 705 524 658 705 755 396 433 785 144 703 926 482 490 790 696 248 105 487 966 453 522 45 805 403 928 201 784 72 15 52 583 902 88 843 19 501 839 881 972 915 584 323 35 423 3 836 776 22 219 
353 0 48 99 369 665 316 548 430 35 204 427 413 806 493 811 970 198 297 313 541 347 924 696 105 183 824 897 1000 622 174 147 944 287 775 641 12 887 531 590 899 574 655 923 846 768 271 742 261 371 327 529 950 901 556 290 819 257 996 904 866 276 963 11 613 853 896 825 645 255 286 61 320 628 108 372 46 364 55 659 258 69 415 40 625 334 232 235 639 161 420 412 564 475 389 255 22 942 181 575 
272 641 1 455 476 531 658 779 347 750 829 611 35 953 806 815 414 329 926 517 50 149 846 174 101 207 676 798 577 283 461 925 796 798 632 639 910 174 127 86 316 874 831 51 931 325 892 685 557 952 79 842 901 445 358 793 0 568 109 70 138 467 520 478 367 259 355 258 447 445 477 20 412 945 415 119 825 635 903 43 709 828 760 524 553 581 85 37 460 883 584 454 845 868 774 310 750 951 589 530 
291 958 85 663 923 572 964 562 34 897 292 42 863 998 842 375 263 981 478 78 631 723 812 33 790 225 578 892 936 709 65 866 56 199 896 592 404 156 459 130 87 744 793 418 334 530 587 371 413 230 85 41 165 527 258 404 975 41 790 485 819 710 410 717 428 993 284 883 287 489 533 42 534 503 651 616 700 281 972 989 739 179 795 566 233 208 597 910 967 269 210 465 539 715 532 40 787 184 339 964 
438 848 332 308 528 187 993 186 658 359 245 948 948 490 662 516 787 764 269 127 79 332 642 523 958 967 639 84 301 912 361 396 42 371 919 39 815 11 343 830 298 607 998 833 11 402 721 112 180 96 295 991 529 30 360 114 537 574 531 287 561 551 656 170 166 195 830 668 348 632 556 658 282 63 111 638 836 16 536 569 705 66 240 590 145 190 317 224 379 834 928 282 245 702 85 708 858 9 582 644 
94 999 881 749 575 683 344 36 634 639 833 496 83 669 699 603 34 285 239 804 267 194 801 697 100 890 485 898 900 764 93 56 431 338 672 925 733 141 42 988 137 324 559 146 730 179 493 62 288 113 515 371 140 21 881 231 596 597 397 95 313 985 362 134 708 673 731 387 472 359 200 320 767 717 73 892 738 132 676 291 455 191 541 547 64 806 441 741 135 491 19 916 758 785 129 305 138 138 915 928 
100 948 707 297 238 226 562 26 29 881 62 978 506 260 957 458 379 813 1000 429 980 99 983 367 278 527 567 61 658 924 505 854 643 902 5 308 172 601 581 278 915 327 433 622 759 190 597 766 116 603 858 315 400 121 132 620 360 641 155 184 807 874 402 834 748 942 36 78 843 412 45 984 779 162 52 203 355 51 471 581 513 267 9 864 766 106 86 926 543 167 759 633 926 296 690 990 384 569 128 342 
948 312 251 402 638 761 224 711 205 156 827 217 948 964 257 473 514 374 974 566 265 114 167 393 508 779 171 96 180 987 36 230 926 793 680 55 281 769 659 880 265 775 195 144 429 730 226 329 842 217 296 891 921 15 897 848 183 276 250 278 671 403 949 862 340 310 3 603 95 272 436 4 230 495 302 147 172 616 646 36 666 769 720 129 450 708 48 617 572 959 993 356 17 917 266 229 53 980 80 839 
426 41 152 244 527 309 169 426 903 145 510 635 480 182 245 724 694 394 385 448 985 446 922 495 979 391 581 589 922 987 165 261 237 155 523 516 716 962 659 853 382 937 346 445 134 744 349 503 595 296 482 590 819 173 359 984 849 900 222 286 358 556 957 242 573 832 441 843 931 206 273 359 825 741 197 930 75 990 113 206 171 18 851 823 687 445 773 952 306 637 909 972 201 918 114 187 787 620 676 845 
633 96 301 583 902 443 289 12 235 179 520 345 921 154 420 353 316 58 175 50 54 393 815 375 486 51 223 545 799 397 96 98 233 400 803 704 955 479 16 207 275 105 235 687 903 772 659 137 507 883 664 625 302 719 995 107 326 790 406 628 132 329 74 838 646 352 938 750 237 682 152 663 605 754 217 502 192 158 279 643 57 810 531 563 755 388 501 831 515 552 434 790 339 760 386 702 348 931 538 996 
311 528 475 909 551 628 44 289 273 338 260 383 67 779 691 88 959 562 99 424 953 417 740 636 665 887 84 355 400 947 258 993 390 154 202 862 46 627 330 819 873 129 0 38 818 122 169 461 128 789 382 617 315 678 825 670 754 257 286 169 37 942 344 2 131 839 628 397 378 526 394 756 512 252 640 898 178 757 237 620 407 732 528 391 42 379 232 108 899 562 291 913 667 321 880 57 465 57 204 35 
44 709 407 752 276 247 927 871 406 723 978 742 74 147 461 845 244 27 750 13 802 601 714 375 352 358 388 383 742 995 815 549 518 895 435 522 118 529 927 854 541 354 841 699 769 581 286 511 46 388 990 812 533 568 563 139 550 501 749 713 693 194 818 245 985 612 814 76 527 661 840 392 206 309 352 721 792 317 58 26 0 999 367 871 963 183 94 378 230 887 502 314 386 430 661 85 206 443 145 714 
414 923 777 187 479 836 105 552 85 88 793 479 706 509 616 859 803 193 84 929 456 498 286 644 251 768 657 338 17 295 784 870 117 756 739 906 480 192 101 736 958 394 357 991 191 228 279 960 830 926 469 954 505 213 274 64 330 949 778 648 62 413 437 317 967 243 122 469 702 304 484 333 493 525 550 981 439 561 837 339 744 846 561 539 456 15 808 866 143 356 446 292 946 782 303 73 482 148 284 425 
871 327 349 840 567 288 396 145 344 923 239 1000 988 814 506 956 159 870 96 469 850 78 167 489 593 357 294 425 184 704 350 130 516 491 159 731 283 822 680 96 742 168 444 298 110 237 964 154 580 215 632 602 997 436 645 440 905 834 786 87 329 901 762 502 741 201 688 754 951 508 451 505 299 212 181 564 339 433 367 64 774 163 397 715 194 642 821 911 898 764 102 539 624 1000 847 899 690 828 151 108 
952 872 154 985 459 494 155 105 94 791 731 787 14 764 387 80 680 297 267 450 319 676 607 820 993 421 78 19 576 845 661 527 445 131 983 19 368 257 620 473 821 899 39 989 969 833 934 920 772 610 776 207 624 440 962 390 95 165 772 142 608 829 244 441 245 447 195 214 60 135 119 186 590 699 827 747 835 299 835 455 364 28 127 46 374 218 107 287 372 11 939 915 399 502 998 103 485 443 278 228 
369 386 558 179 2 423 174 49 116 454 441 85 813 458 536 231 616 975 493 360 496 598 723 990 788 361 894 711 866 353 766 623 695 908 766 407 651 378 968 275 934 340 343 736 316 11 172 457 687 72 755 901 802 854 996 237 815 937 804 529 467 89 462 316 663 337 271 849 391 807 595 329 178 75 256 353 464 921 703 691 548 473 380 412 413 967 957 788 723 763 84 862 987 494 312 228 583 743 592 60 
819 547 461 921 173 175 964 852 731 313 279 471 585 939 688 500 872 46 796 138 522 949 531 559 407 901 463 124 387 116 760 384 218 23 785 16 16 176 346 175 246 673 914 419 230 23 380 621 507 837 309 29 835 395 420 806 64 616 446 408 541 487 829 137 537 614 0 450 560 413 919 520 407 562 417 114 969 627 570 80 604 987 661 428 633 640 527 935 585 950 110 573 597 650 17 966 244 565 465 246 
322 874 7 766 390 682 892 944 646 80 633 563 581 574 634 844 963 441 779 22 987 945 398 197 708 338 479 61 452 292 169 783 200 315 952 994 359 637 737 650 233 96 23 658 1000 213 941 845 510 843 834 906 305 29 126 441 797 919 628 811 236 861 275 103 142 805 96 312 201 915 914 68 628 652 745 166 430 575 987 496 204 686 316 802 136 646 26 410 517 396 993 199 230 184 411 268 769 135 28 988 
286 513 1 79 511 414 958 931 202 537 522 146 460 892 754 657 558 524 838 794 208 206 247 858 279 693 154 494 477 863 220 817 733 104 527 662 497 270 521 321 126 428 594 974 487 601 723 704 352 32 102 710 162 521 201 2 944 685 582 252 8 630 40 786 44 571 77 747 93 689 982 638 336 175 365 917 356 575 237 151 792 573 305 724 986 533 305 936 799 536 793 173 875 799 10 704 580 197 807 199 
682 226 195 755 374 30 745 963 805 116 413 740 105 334 579 25 617 382 397 879 449 809 655 67 617 812 174 828 294 357 699 968 48 377 819 7 974 589 326 800 836 164 989 292 119 684 134 718 860 826 977 789 974 783 960 434 520 267 22 159 419 237 918 112 864 778 682 162 246 699 25 336 764 159 567 448 249 466 641 323 192 275 976 14 392 379 671 655 859 679 990 786 486 688 672 809 371 282 552 564 
321 530 155 620 127 990 647 438 760 409 771 858 926 775 650 175 821 322 265 147 954 580 197 645 981 816 811 180 167 184 104 819 965 533 407 679 283 308 514 65 207 834 908 606 736 876 911 723 657 626 706 352 767 774 592 615 886 25 296 222 552 333 111 667 967 926 185 463 699 268 203 122 668 626 240 544 872 600 887 162 845 746 402 554 580 500 633 601 50 853 602 909 224 107 411 146 31 558 39 230 
464 965 248 625 33 210 410 308 415 520 282 97 863 273 851 901 74 491 177 833 714 906 915 610 884 55 401 413 945 479 48 366 559 239 835 358 239 366 428 790 954 100 13 109 172 338 706 600 650 813 109 714 28 822 691 868 153 929 784 765 886 489 365 111 514 859 886 70 954 681 212 371 900 798 300 400 338 805 610 435 363 366 592 268 981 253 746 419 21 737 820 423 177 849 839 920 826 828 71 331 
862 505 345 895 503 777 858 753 824 392 349 494 393 783 798 583 904 451 637 788 677 182 788 534 560 499 238 992 125 814 808 857 192 974 949 458 768 378 945 212 299 89 240 505 599 347 556 936 937 704 374 77 372 67 35 297 711 314 692 931 915 144 557 38 226 944 397 206 645 269 33 611 701 744 906 665 614 595 399 508 184 551 991 184 317 478 448 256 523 230 937 154 704 98 375 996 848 286 731 584 
177 804 118 713 151 250 175 612 586 546 574 101 8 693 673 379 274 658 516 6 739 741 824 384 565 7 12 215 37 696 151 34 757 138 34 400 337 740 246 869 610 479 246 613 906 467 957 337 325 855 532 743 481 118 859 518 989 591 937 346 820 437 492 753 973 540 642 948 45 241 981 821 766 555 331 762 981 576 918 210 601 387 867 201 48 450 644 801 75 955 692 908 641 781 995 644 146 598 709 931 
136 593 51 326 899 429 772 353 899 707 948 544 7 598 278 838 817 949 969 162 211 529 795 893 99 490 337 974 117 649 349 775 120 404 528 837 544 568 724 902 704 483 826 611 955 436 877 150 49 644 833 326 160 836 516 63 327 584 427 854 411 226 901 373 506 630 653 226 287 911 70 560 537 727 954 863 37 420 821 541 354 298 34 117 22 733 743 583 664 55 406 981 245 604 403 452 500 655 807 894 
682 600 865 498 731 946 605 580 774 314 792 12 644 301 716 818 965 776 959 34 556 718 616 799 854 498 6 222 407 247 7 582 598 673 648 285 500 310 780 587 671 527 344 194 348 609 303 879 938 759 14 31 914 600 96 418 309 191 683 961 927 118 932 252 964 896 816 177 341 246 201 904 907 623 658 226 591 935 204 599 550 751 949 706 966 114 104 681 154 583 331 669 176 108 209 641 824 806 10 39 
494 565 619 809 777 564 64 564 730 726 337 218 329 282 492 147 909 783 921 681 203 735 656 341 298 437 904 78 525 18 881 256 827 27 535 72 384 741 667 686 535 428 838 683 683 702 905 810 390 64 678 565 32 208 831 39 646 249 71 283 934 802 326 721 281 710 6 908 716 924 634 8 757 676 864 691 959 747 755 750 466 790 999 419 592 823 577 236 81 954 215 708 928 765 199 850 880 501 921 114 
152 134 602 45 677 914 888 513 728 395 857 291 579 140 886 26 905 810 267 8 312 147 945 68 938 38 352 221 105 959 272 522 434 600 607 961 238 855 841 192 971 635 225 149 465 314 115 659 966 468 666 991 622 790 464 568 415 245 119 121 568 203 715 357 763 870 178 694 593 274 856 91 469 319 793 708 227 188 764 254 523 877 61 54 826 442 391 79 18 9 458 412 84 496 290 857 56 673 158 112 
2 908 781 863 369 682 731 269 766 784 92 167 554 124 24 911 896 105 264 367 634 245 549 97 421 561 597 157 903 985 770 513 961 215 565 411 162 85 552 610 973 533 234 237 113 522 238 226 779 338 470 312 5 72 651 137 18 411 312 679 862 837 362 493 192 900 983 257 104 178 254 418 776 569 404 205 80 268 303 356 500 831 49 706 359 616 777 146 499 741 668 144 481 946 201 950 403 726 433 839 
722 133 622 886 605 400 523 732 557 215 753 425 509 468 496 771 428 823 611 90 980 55 114 946 567 263 954 309 891 845 823 639 450 304 58 801 565 969 300 229 521 252 246 929 548 749 32 322 738 310 216 611 503 564 133 739 914 920 175 358 308 704 603 728 454 830 39 297 644 161 905 99 633 783 370 49 940 584 39 118 552 198 934 690 787 608 38 808 368 178 41 618 195 109 188 117 763 70 98 408 
13 698 330 367 416 280 378 444 242 710 78 2 815 538 705 888 816 315 787 395 484 82 378 989 62 450 954 230 70 389 235 320 425 667 543 981 900 487 696 732 561 753 611 716 439 712 568 75 208 711 767 822 335 489 504 594 441 999 725 724 136 880 750 595 458 43 200 710 966 992 156 390 675 814 627 949 851 443 873 345 392 118 673 355 811 171 252 155 522 51 467 369 5 981 342 345 343 735 99 422 
966 904 520 860 692 9 967 193 97 55 348 560 143 283 572 383 519 724 486 811 473 644 99 214 546 948 982 465 912 615 795 885 625 361 891 839 164 184 215 397 430 183 614 351 176 639 924 502 876 348 410 573 721 111 386 321 512 789 858 946 598 207 765 38 714 247 328 168 22 497 457 716 362 867 673 925 275 503 929 740 907 934 734 815 477 228 483 854 91 452 411 295 437 231 361 23 674 656 979 966 
195 890 502 861 570 693 609 152 803 135 659 182 521 290 571 206 506 223 383 574 97 852 820 34 798 689 658 52 476 623 515 200 918 960 219 2 210 865 449 143 194 192 267 415 25 150 170 263 0 456 13 278 670 28 291 828 910 113 954 382 582 358 36 819 756 748 890 930 166 87 921 737 285 685 927 809 831 458 896 208 85 886 651 82 555 734 765 516 17 959 714 844 489 524 946 715 118 105 671 761 
589 777 417 162 846 412 558 441 734 847 400 692 296 968 110 425 244 129 872 482 587 465 545 601 330 227 495 869 60 702 479 334 695 345 276 264 982 91 4 75 999 733 491 342 154 690 521 962 177 309 372 19 557 737 213 607 705 629 439 425 783 451 402 373 351 186 58 262 685 88 969 129 419 270 451 530 237 605 337 713 353 653 496 768 770 360 199 103 837 31 704 239 232 769 365 840 379 466 883 240 
336 486 295 971 737 280 251 915 416 270 146 127 724 962 382 105 688 834 35 995 728 382 722 251 4 225 547 222 840 363 660 770 632 444 698 195 576 111 372 737 5 341 850 344 776 504 486 704 300 174 752 652 842 966 155 462 374 460 161 912 598 702 838 218 450 172 205 265 116 508 917 816 504 293 680 585 209 284 152 970 443 185 624 735 730 372 504 782 394 55 366 755 198 24 289 466 711 188 876 481 
859 818 418 282 836 51 438 461 681 775 959 186 216 643 183 457 313 900 552 135 708 596 608 227 793 44 50 403 69 596 437 78 196 12 912 621 673 631 942 791 478 571 641 1 428 456 275 19 261 663 137 22 564 376 607 358 319 360 565 577 817 912 731 216 207 327 923 870 71 672 343 81 700 335 643 718 90 849 92 313 944 112 441 480 171 209 755 835 442 619 230 408 132 156 906 4 198 540 56 983 
787 630 625 231 386 469 425 534 728 47 212 336 848 392 117 879 212 981 386 701 569 969 679 464 491 216 348 192 185 334 606 921 344 346 574 385 162 858 963 453 808 458 240 908 147 853 11 259 874 805 692 34 916 423 732 194 994 627 21 296 48 512 770 473 246 513 572 881 498 741 179 779 870 431 222 807 318 886 123 784 352 904 757 467 187 182 91 446 279 509 719 484 864 629 593 870 897 887 350 212 
983 753 369 230 584 399 985 711 424 501 888 439 463 632 292 663 958 62 865 476 721 939 372 59 87 387 496 205 325 432 273 963 527 899 769 106 791 474 408 633 66 47 355 74 815 455 282 159 550 321 803 138 322 294 67 285 520 297 911 619 657 687 137 649 153 816 833 942 623 65 887 691 828 651 83 892 518 416 52 25 819 750 841 37 186 982 801 121 122 639 834 633 277 828 562 956 41 405 765 11 
264 174 979 969 847 333 620 116 623 436 640 483 576 982 182 55 59 506 610 368 760 137 17 497 978 538 348 322 968 849 939 286 773 193 383 944 433 249 769 776 613 505 474 400 743 185 245 406 239 437 48 581 163 189 377 541 965 272 109 986 332 563 295 223 288 148 778 935 318 561 722 753 11 10 869 933 147 826 957 457 349 706 972 937 355 800 552 134 820 827 752 6 53 956 259 384 139 340 708 789 
225 73 41 19 897 624 719 965 964 152 788 964 77 696 902 929 307 331 348 649 779 694 429 909 804 550 434 626 160 970 595 112 536 985 430 390 400 668 589 445 595 53 259 530 984 874 808 417 861 781 550 881 263 904 10 891 156 917 911 69 236 121 711 924 238 249 719 63 99 883 822 509 487 286 261 363 949 346 284 637 139 774 983 174 901 879 543 253 192 335 895 255 682 499 638 414 829 995 114 564 
404 226 494 393 666 548 19 837 636 677 791 710 300 387 494 826 634 370 243 47 580 424 450 946 607 170 28 963 57 337 249 501 801 383 73 324 126 685 479 184 389 1 546 626 142 535 15 115 213 343 197 268 288 448 211 833 740 844 118 433 813 688 244 883 146 254 706 782 404 275 568 443 450 951 329 492 332 547 899 23 35 896 533 937 225 849 126 753 410 660 246 249 994 224 959 98 512 813 19 463 
229 962 868 477 847 692 224 942 469 740 319 404 108 833 650 760 865 536 864 288 59 31 461 367 902 593 968 822 212 397 952 94 613 591 345 378 886 556 864 192 370 519 617 856 327 322 493 484 388 860 989 722 333 665 266 19 851 580 183 264 3 935 186 489 612 790 145 798 933 293 71 42 505 395 174 973 310 555 167 309 16 407 898 497 239 939 767 405 810 875 432 760 740 855 971 246 289 85 347 446 
280 342 910 926 7 975 148 423 594 264 202 685 748 726 597 850 342 55 960 107 170 398 530 136 559 482 35 618 390 504 329 382 14 40 343 132 815 737 15 685 809 107 832 614 815 330 498 865 967 410 973 898 22 561 406 501 348 715 249 530 969 398 191 791 641 877 416 797 556 477 807 488 859 174 331 385 550 160 956 226 195 369 401 928 783 500 575 844 835 137 431 110 824 474 375 857 738 649 617 983 
964 127 454 906 342 127 229 606 472 435 838 4 519 93 773 35 140 848 320 160 489 146 149 397 63 163 913 452 416 776 317 61 66 266 759 612 558 503 607 933 869 822 870 895 270 319 28 757 941 990 133 385 420 998 932 797 725 424 749 521 549 901 239 617 836 968 387 750 932 927 361 243 553 121 697 384 339 323 409 83 379 974 620 914 786 26 54 823 989 56 757 188 634 958 638 344 447 300 399 100 
443 106 782 270 122 543 256 759 730 32 161 240 458 917 555 52 574 657 345 53 799 685 506 322 815 719 700 218 736 940 593 815 975 447 449 50 670 271 426 978 182 926 431 918 518 68 855 827 696 480 553 748 258 772 850 135 470 86 673 679 482 281 868 818 371 171 600 74 511 491 799 666 614 548 856 922 671 603 510 968 530 673 749 879 904 537 858 338 501 621 895 933 550 806 71 462 315 831 626 311 
605 255 951 662 513 877 723 79 944 236 268 991 339 274 253 67 889 416 475 630 3 444 713 276 144 785 50 148 849 683 3 306 512 152 377 699 781 355 79 120 447 449 479 651 979 282 583 458 183 519 995 519 448 301 243 62 409 294 747 39 921 863 819 769 25 747 576 407 125 937 148 857 17 185 853 279 435 356 727 747 203 0 91 547 231 861 133 433 138 130 926 41 6 301 0 355 531 414 404 795 
333 550 539 492 551 30 358 226 458 628 344 417 440 827 214 766 561 238 143 890 60 58 848 817 567 167 308 649 167 8 447 59 573 427 511 607 966 998 899 443 990 597 736 317 902 505 853 847 243 523 460 124 683 297 95 398 167 100 386 591 399 778 765 778 347 393 631 125 723 882 287 369 74 122 342 35 416 317 817 32 391 747 219 96 601 778 176 366 806 146 829 173 409 901 335 216 684 143 227 438 
280 390 192 392 923 913 336 804 792 53 504 235 805 596 198 90 247 547 262 993 57 473 393 211 794 553 737 477 358 715 706 189 549 863 40 566 886 162 405 746 248 456 614 65 210 765 593 6 631 349 867 873 498 654 722 767 550 863 450 2 142 58 57 548 856 180 221 652 285 753 654 545 451 678 471 458 87 348 180 93 792 93 568 222 201 789 926 933 817 259 407 64 711 666 101 442 618 415 912 134 
139 244 634 183 168 904 793 746 532 235 123 231 98 972 402 751 661 391 536 413 12 253 357 99 140 827 628 265 574 593 611 600 122 919 756 112 975 652 9 93 571 69 668 701 680 324 33 639 612 498 467 369 736 524 829 720 733 147 139 491 224 638 52 989 257 229 941 231 980 989 432 237 457 302 816 87 264 558 704 478 570 521 388 739 913 562 437 362 478 694 54 103 185 933 168 730 652 600 393 832 
589 117 132 985 956 937 917 144 307 221 686 500 64 829 233 242 541 455 851 497 671 751 378 418 628 363 38 258 726 237 167 328 417 202 289 382 446 769 175 478 631 809 55 356 288 95 319 381 868 96 50 356 708 56 461 449 15 263 822 820 727 535 944 156 199 686 959 950 765 418 855 742 809 200 260 1000 932 293 848 726 407 972 585 881 500 129 840 843 708 178 978 446 822 395 493 377 498 302 756 19 
329 176 966 465 172 829 536 604 250 113 4 188 767 126 212 645 456 763 421 810 950 569 692 947 114 564 400 239 134 224 505 943 169 858 714 701 301 273 928 429 553 905 520 456 413 487 282 44 421 397 244 614 412 115 109 782 502 616 869 910 874 281 23 965 481 553 122 460 729 350 660 646 486 679 181 413 241 72 13 845 130 382 403 516 310 57 659 186 861 367 281 761 174 496 514 686 11 763 199 39 
15 952 25 224 532 263 116 820 529 351 460 765 637 980 272 516 968 406 340 635 740 859 300 614 311 182 62 566 171 687 116 984 437 773 39 177 434 656 312 426 309 32 682 412 643 532 280 753 623 291 50 238 475 139 835 592 31 758 346 741 663 111 482 161 286 555 510 789 659 592 788 154 698 81 211 946 961 537 152 114 76 8 757 600 1 7 926 751 248 385 473 665 966 26 680 362 856 627 558 234 
677 180 17 305 286 759 867 463 195 377 583 147 402 741 350 87 844 897 110 533 978 37 902 882 964 40 631 167 411 56 30 694 965 232 90 364 210 754 579 549 757 819 359 978 117 535 491 723 202 485 197 665 508 236 88 108 196 493 294 234 2 941 490 938 803 179 491 377 687 260 739 693 164 203 219 485 593 776 853 944 35 462 3 183 126 241 724 469 749 885 833 708 281 96 70 392 335 845 84 206 
251 783 448 45 159 246 660 160 706 436 130 502 897 620 938 638 65 397 848 762 804 321 133 422 892 470 639 43 956 718 449 307 880 3 475 497 609 774 264 303 523 152 433 424 319 877 552 919 145 893 273 366 450 948 526 550 306 591 524 282 498 970 256 455 834 525 508 288 439 99 170 421 528 612 258 616 909 608 717 631 427 767 782 505 426 130 839 706 937 110 886 889 147 779 586 816 169 879 932 247 
139 248 790 422 614 979 948 412 256 807 534 243 904 696 362 602 816 301 230 110 998 548 531 524 555 679 646 388 502 235 618 255 347 398 666 885 446 508 968 927 41 76 890 476 179 167 700 145 66 52 477 299 91 363 303 783 818 427 952 106 966 51 411 767 226 800 468 446 161 749 311 547 162 547 100 4 988 753 689 134 929 776 760 896 367 391 218 967 364 316 520 578 514 752 918 892 900 753 25 965 
39 152 342 909 441 777 163 376 9 206 542 862 109 590 514 338 360 911 396 856 419 823 168 193 79 223 187 481 58 720 117 511 954 909 653 876 267 863 23 431 657 998 80 397 156 333 464 97 27 794 609 978 203 31 154 396 113 825 594 946 433 930 953 470 892 596 85 783 531 106 525 763 801 575 545 637 435 32 572 365 97 471 838 418 241 425 15 218 37 897 245 512 975 264 829 494 566 578 603 191 
878 199 493 11 570 662 506 29 22 210 957 811 318 681 0 380 287 868 143 283 937 220 713 891 817 938 14 691 543 163 195 224 664 707 746 421 371 885 27 926 812 499 671 2 58 98 984 766 144 649 640 740 89 606 98 775 950 434 976 645 514 727 680 646 332 855 453 485 723 316 155 540 433 680 398 737 60 354 920 306 707 748 455 407 37 107 654 451 658 586 957 39 622 527 196 145 257 231 197 66 
557 849 707 756 567 686 993 440 190 711 341 728 828 765 528 768 900 968 501 246 860 19 732 914 186 10 201 756 927 698 985 765 286 585 374 582 723 551 488 482 625 909 695 573 185 745 659 821 277 373 397 529 666 805 939 137 635 913 882 181 615 538 199 944 87 7 662 79 659 813 887 28 97 954 278 199 38 164 939 384 591 58 344 790 301 461 603 968 84 598 804 870 695 508 322 779 777 39 712 483 
402 658 421 120 773 318 809 569 522 356 881 975 61 854 422 622 520 636 243 736 872 879 76 394 2 877 640 953 67 763 477 481 403 368 726 969 120 34 789 120 680 755 350 703 656 771 545 960 24 449 98 420 475 602 279 222 502 400 261 369 249 265 952 317 930 806 972 859 543 207 9 367 490 237 117 543 810 974 808 767 726 770 596 867 617 339 930 338 798 816 996 978 979 196 172 316 706 128 552 700 
261 122 266 961 975 857 955 846 154 378 450 105 729 975 732 336 178 966 123 297 301 492 966 578 63 998 996 242 7 244 960 78 345 347 609 155 928 146 17 398 518 71 19 195 750 461 241 904 534 508 29 220 488 669 266 685 267 517 110 80 729 506 126 784 883 6 128 441 640 135 730 722 590 442 191 367 389 411 791 553 736 546 159 567 602 547 509 682 99 593 833 709 203 83 742 244 161 182 616 921 
404 118 636 75 364 783 35 123 658 56 729 961 471 394 371 85 809 961 286 333 192 75 18 328 120 629 190 860 427 787 440 739 710 798 86 528 112 124 953 360 233 988 612 271 140 855 420 434 806 8 630 144 133 825 391 225 328 95 415 44 269 95 903 749 522 464 173 7 848 778 207 592 975 515 840 335 932 214 931 325 533 238 60 113 223 43 902 32 717 121 610 157 498 698 246 978 47 364 291 831 
290 129 744 401 300 220 200 127 37 872 427 656 56 773 696 758 836 717 217 952 243 62 545 201 641 290 639 325 130 666 95 451 323 15 287 203 251 718 853 98 462 608 300 400 96 421 423 841 111 305 124 699 702 225 307 604 871 13 635 329 959 292 957 127 821 287 187 693 961 106 118 236 457 997 85 663 581 829 473 759 699 504 299 128 44 791 300 176 228 67 121 85 325 998 212 981 295 388 684 687 
928 416 571 890 603 611 67 749 719 220 522 401 581 380 268 431 584 150 258 411 334 204 65 565 492 451 571 53 574 114 669 26 365 538 453 541 732 443 478 824 329 60 656 343 738 58 331 823 328 167 889 745 251 367 533 321 10 965 744 816 453 516 950 733 594 980 241 728 602 937 408 763 300 663 131 391 520 784 418 784 347 649 200 256 190 900 749 651 583 55 900 854 455 396 465 501 962 957 388 4 
348 565 428 48 673 999 506 655 932 103 263 935 276 708 856 71 766 132 87 431 435 197 823 474 685 135 716 323 274 124 836 341 749 234 342 114 853 348 454 290 910 12 323 832 168 220 218 78 658 111 569 193 342 691 524 388 232 502 19 62 728 680 524 304 354 875 872 247 590 343 14 204 371 137 93 366 316 850 587 133 203 762 558 375 260 185 206 681 709 420 301 35 578 856 353 361 56 718 957 262 
3 503 268 267 30 970 897 62 40 380 151 202 513 795 116 817 492 119 133 707 122 123 305 48 836 200 888 852 154 600 435 322 152 920 876 939 999 682 432 747 829 237 823 318 115 340 652 415 216 70 886 621 321 72 283 87 422 558 12 163 179 353 410 290 634 516 267 296 32 57 991 886 677 847 670 333 681 106 701 645 408 54 180 986 115 635 828 727 766 346 567 128 820 991 152 963 562 366 910 172 
909 234 782 765 174 707 21 141 668 583 683 845 132 481 454 787 34 375 372 462 586 229 274 511 928 414 603 162 706 888 665 986 142 972 931 350 290 992 223 304 326 394 143 672 478 291 64 688 998 44 254 675 174 518 75 217 593 488 74 898 614 204 747 348 487 463 225 597 230 997 715 897 458 615 87 708 48 966 207 882 249 723 2 857 987 6 350 615 501 926 375 865 846 46 71 248 94 586 396 625 
538 806 599 937 2 649 252 355 680 883 998 356 763 389 672 464 145 768 364 650 150 75 767 186 494 698 482 597 738 217 39 764 624 285 855 72 107 33 815 649 653 937 192 692 694 931 674 82 759 144 770 782 82 149 871 151 921 517 377 150 508 618 202 484 383 996 350 904 986 770 46 581 933 665 784 42 472 447 80 408 419 918 928 674 986 253 406 361 280 169 648 598 230 18 297 571 974 592 262 523 
668 598 695 870 965 642 386 993 951 12 402 584 916 494 666 890 960 291 441 226 159 631 699 385 92 281 626 100 156 133 22 552 828 374 579 929 822 928 832 447 712 99 398 674 814 340 778 80 869 81 791 952 138 723 473 252 708 301 142 214 628 511 432 214 520 9 103 948 774 250 122 61 86 1000 873 319 650 619 757 716 65 984 899 642 859 204 473 142 479 309 985 978 707 958 927 629 137 140 666 838 
253 715 666 12 489 329 436 539 343 61 964 483 5 217 987 598 970 291 467 469 434 682 168 61 969 625 367 314 306 668 600 308 48 496 778 703 183 258 852 820 416 465 463 278 321 943 812 996 474 883 667 979 239 27 656 967 890 504 479 828 252 556 945 423 414 508 702 52 933 439 901 497 26 209 371 387 839 378 735 730 740 358 896 191 110 287 765 764 749 185 385 178 452 664 131 967 772 738 146 983 
924 305 158 579 87 21 719 132 500 716 438 180 587 864 574 445 74 740 693 770 864 759 222 883 195 246 275 784 51 763 312 784 73 423 546 786 974 844 162 612 527 360 624 289 820 445 23 449 517 555 249 747 913 993 49 452 743 986 229 228 817 223 82 103 173 390 688 83 754 730 400 719 985 177 579 341 583 977 232 500 472 109 378 479 741 702 625 747 719 247 291 89 43 580 267 986 148 413 421 465 
738 75 865 982 976 72 665 977 666 689 818 311 982 664 443 133 792 895 11 305 822 258 493 693 451 681 93 273 969 122 351 294 315 788 613 28 798 195 430 402 821 276 535 691 793 620 647 828 456 55 281 847 199 559 313 211 2 694 251 331 543 289 623 130 115 960 403 427 93 443 556 417 814 691 365 0 83 920 677 324 9 161 346 314 650 922 416 422 34 658 867 952 344 109 562 62 36 459 706 507 
901 821 963 153 274 394 592 620 367 714 649 76 694 217 661 222 165 178 392 853 958 101 470 10 928 69 262 625 635 181 358 163 294 690 859 327 488 631 718 724 467 544 963 680 691 155 67 985 333 507 239 355 73 66 277 411 934 24 695 885 572 821 645 899 987 795 306 867 846 585 267 157 331 82 794 511 513 628 245 106 918 862 528 392 811 59 47 242 84 569 648 921 988 7 348 57 969 240 115 67 
875 862 320 567 931 163 168 720 902 127 925 954 727 515 514 447 681 640 424 958 631 143 318 682 873 959 751 793 246 566 365 942 874 504 380 668 73 749 652 379 155 745 561 898 906 417 981 328 164 548 695 719 538 516 235 614 179 821 597 56 824 961 744 47 100 747 763 52 407 404 827 742 123 310 830 25 935 842 796 251 44 249 904 438 505 468 259 262 551 314 866 383 702 966 942 482 157 872 655 963 
224 851 234 724 205 207 1 982 308 166 385 977 902 232 819 318 71 20 47 406 252 1 866 473 760 724 162 599 164 662 968 289 428 553 402 416 73 431 749 807 702 56 6 132 873 94 251 97 826 472 231 670 249 705 551 252 316 966 250 473 413 926 648 769 338 346 532 80 894 304 168 173 915 977 190 498 793 491 675 237 498 339 452 633 535 497 445 350 757 506 208 592 278 749 214 101 902 62 311 130 
416 320 754 284 635 37 866 564 731 219 815 637 393 540 709 687 560 52 137 354 786 118 461 620 977 802 45 195 891 716 909 288 910 987 633 12 698 795 740 189 236 653 735 506 674 199 860 494 153 884 443 733 834 740 353 237 840 262 576 251 91 237 970 70 106 663 934 922 82 89 620 581 798 77 334 854 462 110 110 412 997 138 778 53 572 855 394 633 355 575 352 626 801 267 775 948 53 896 59 433 
264 459 610 156 765 680 756 272 94 819 537 251 458 584 407 404 622 287 568 975 950 907 311 540 614 871 514 750 881 142 476 309 601 906 962 22 224 263 64 828 353 744 287 190 849 449 504 906 805 226 383 358 900 327 720 358 853 288 678 73 262 836 773 307 507 436 864 497 543 168 958 25 544 17 125 114 10 157 889 720 780 276 795 791 137 217 559 616 444 90 205 42 573 269 812 122 197 979 791 225 
551 472 810 244 858 531 293 681 918 518 336 778 479 457 726 242 747 806 685 177 77 101 977 751 49 747 189 54 311 644 416 357 726 899 55 469 837 356 335 261 661 106 445 338 821 957 163 410 36 732 507 563 132 604 228 353 248 534 119 904 441 824 574 389 231 881 247 692 781 786 521 779 191 694 172 214 519 147 716 632 811 985 973 691 317 973 115 162 548 881 393 219 219 228 884 851 1000 625 876 916 
466 331 526 671 802 669 199 368 821 642 218 752 38 696 319 627 312 805 549 605 153 555 251 455 907 337 467 812 445 406 315 14 332 821 648 294 363 172 895 70 416 482 300 588 933 265 975 154 866 29 681 211 750 166 506 416 531 253 680 483 640 82 294 712 43 846 756 200 317 217 759 133 317 735 788 959 524 97 68 678 701 44 110 9 851 291 965 300 60 608 342 666 582 401 233 853 542 915 29 65 
107 142 260 538 582 455 962 1000 259 723 509 77 912 785 398 497 11 813 565 101 915 848 367 709 353 326 279 382 963 338 330 287 860 621 297 538 575 898 392 865 632 823 107 584 210 182 166 836 669 255 718 78 700 155 44 535 171 117 783 396 443 450 998 876 834 450 841 590 282 837 84 504 425 458 870 926 927 522 873 401 630 198 838 170 774 547 40 667 264 362 726 256 21 45 132 607 17 662 541 294 
744 370 431 899 999 995 416 560 633 156 794 595 559 507 109 608 551 877 204 889 45 739 534 243 225 84 501 499 551 909 507 456 618 732 199 931 798 16 709 340 864 687 459 604 179 661 116 694 36 711 529 597 418 823 318 479 589 237 990 174 549 853 62 158 888 855 689 310 210 466 533 40 549 371 159 954 475 392 867 591 251 963 8 262 43 71 258 88 178 795 806 704 85 373 777 818 929 545 4 338 
556 589 617 712 851 724 227 733 545 615 478 753 932 222 533 932 874 829 215 328 550 812 595 169 156 909 185 406 451 382 743 688 811 218 46 838 259 840 826 393 26 223 642 723 65 413 483 976 743 779 183 460 214 553 890 411 250 987 512 767 609 987 580 781 643 684 571 353 155 544 744 955 778 445 634 817 749 664 911 295 360 289 970 173 90 224 741 197 221 686 31 352 989 574 223 232 477 529 74 651 
737 576 554 313 33 598 371 742 721 756 260 716 696 791 446 509 306 22 465 755 606 997 156 195 588 104 791 724 720 302 700 127 325 312 665 62 386 452 239 461 317 295 836 933 73 249 372 137 914 963 325 907 899 936 368 528 191 513 83 646 357 587 726 873 751 101 922 112 684 286 31 180 713 283 323 254 805 30 953 928 539 912 993 260 306 254 955 373 522 438 504 217 745 198 451 836 730 318 115 614 
958 222 780 749 967 122 824 525 810 767 203 947 885 342 250 841 555 994 130 184 701 558 912 119 71 872 611 781 576 292 760 621 211 924 771 497 858 532 990 886 459 911 393 786 786 173 173 233 98 950 126 406 758 171 629 239 637 478 84 436 707 278 353 899 712 346 601 331 775 19 649 117 883 620 921 623 351 816 613 86 736 555 243 726 864 239 988 939 495 142 379 663 970 449 467 640 395 53 715 309 
871 429 437 974 644 985 396 554 94 13 565 217 399 247 674 698 203 878 423 42 418 735 812 507 712 63 988 758 516 343 173 696 887 622 763 742 189 746 176 886 295 158 491 506 579 855 9 68 132 115 686 967 740 594 703 144 937 849 368 613 651 53 42 615 872 467 214 505 343 319 481 866 100 528 206 116 857 6 259 878 0 845 728 336 817 724 257 185 63 198 744 752 494 82 926 801 339 461 980 607 
749 761 156 703 876 738 682 809 872 3 21 443 200 407 351 860 595 661 423 419 249 805 278 736 140 372 272 133 822 242 371 382 623 889 513 839 4 940 1000 536 600 637 432 110 342 352 863 103 929 430 80 252 855 673 215 373 297 577 954 7 766 377 757 965 741 76 373 103 611 589 923 218 679 169 94 442 334 207 959 790 254 20 535 331 180 423 964 882 77 0 956 313 226 357 417 31 110 874 635 384 
46 198 271 327 232 264 872 877 326 405 797 745 637 947 168 967 804 791 885 481 485 246 935 796 926 681 380 42 256 496 694 360 473 554 1 3 54 954 322 786 687 622 395 974 959 922 280 628 53 248 634 964 357 94 393 203 795 950 115 560 283 345 970 303 39 426 891 559 744 746 874 412 819 236 831 278 137 36 475 821 965 400 739 586 342 504 689 965 481 843 375 535 794 834 221 635 815 737 926 638 
487 732 114 932 298 573 905 647 559 988 594 690 103 255 949 799 230 38 79 398 719 419 671 758 53 707 608 60 848 926 498 390 561 100 523 837 604 159 149 75 93 300 976 862 939 144 326 503 300 506 429 523 794 60 754 470 655 769 744 434 868 302 324 816 612 629 321 985 709 928 940 985 5 53 206 721 196 986 171 834 102 274 42 744 991 651 517 741 801 303 238 696 162 138 691 374 974 269 116 626 
350 260 393 306 632 109 606 93 211 743 282 769 87 692 716 329 104 278 866 684 611 860 546 541 802 194 531 862 564 527 539 557 335 900 172 659 954 87 593 622 372 287 256 57 484 496 557 747 730 817 807 406 286 892 896 334 875 142 362 570 461 172 957 119 198 700 449 248 921 605 342 714 150 395 164 575 121 248 156 773 114 866 899 457 301 447 861 811 119 42 342 156 263 74 687 912 505 170 855 945 
391 581 117 216 534 705 575 196 456 648 972 535 402 632 672 639 670 886 725 808 346 511 168 654 547 20 389 64 747 190 634 816 659 896 82 196 684 178 513 450 363 624 331 208 124 980 798 607 110 405 62 822 130 53 484 701 425 708 177 854 882 939 770 914 981 1000 364 467 896 575 496 746 95 682 101 630 521 458 625 528 664 585 226 492 432 786 50 701 434 446 908 268 853 268 737 368 956 447 93 483 
772 22 10 44 981 375 763 627 395 546 962 316 354 442 35 491 420 154 996 233 202 471 289 655 943 632 912 876 26 733 10 671 254 488 452 855 816 394 737 997 361 366 15 44 303 406 593 997 770 185 889 135 802 949 3 65 982 859 962 278 742 128 606 96 750 104 790 944 278 66 649 958 236 155 469 988 997 593 888 226 449 1000 193 49 403 49 777 383 76 133 127 686 937 481 902 74 488 218 792 314 
408 570 584 713 448 703 998 356 111 811 358 611 475 839 463 354 280 463 840 533 47 103 435 445 265 398 40 380 395 154 985 687 3 209 917 30 552 268 785 1 992 922 874 548 45 550 666 934 364 721 272 863 389 736 696 742 557 185 882 608 503 332 304 697 551 132 363 896 312 369 365 853 829 986 742 418 726 846 795 836 519 367 166 664 232 932 814 245 821 639 857 883 433 700 908 184 576 673 72 329 
98 138 523 391 964 373 513 859 7 579 107 535 569 327 306 19 157 15 877 455 567 349 325 506 605 412 968 323 442 656 67 954 646 53 110 594 735 421 736 602 713 699 205 808 105 494 937 600 330 101 250 951 986 856 213 499 136 529 23 788 61 605 898 934 668 893 554 324 772 325 92 716 961 351 481 38 818 147 598 759 920 653 416 53 95 717 499 814 527 266 874 255 282 548 473 946 368 278 564 617 
828 720 72 598 645 550 569 505 218 720 560 972 214 475 285 172 312 634 346 215 880 396 867 537 375 688 486 610 861 866 90 636 584 824 342 921 94 146 391 211 177 7 669 287 986 288 328 158 974 563 870 934 874 896 822 640 35 138 508 114 583 446 809 372 883 721 80 30 642 43 827 318 494 811 65 549 644 21 557 587 416 233 877 515 555 695 777 359 871 541 320 629 250 324 994 682 334 970 188 836 
