26489029 24238449 25915781 24204361 28038193 25161369 25761120 24428410 25894947 24102270 27071450 25028388 23651178 24809689 25770882 26096126 20729139 25660205 23508424 29185769 23146559 27198379 27503208 25819415 25018384 27889310 24490272 28273198 26937594 24659185 25304669 26920881 29374804 25978326 25380656 26395317 25346699 25130995 27676121 27376216 22692706 23580851 27017143 27072032 21090301 25190269 25906098 23000621 26764518 25694914 25127755 25998184 24069580 25369996 25358968 26882418 26686354 24464936 29028296 27270500 24493063 23133585 26190749 27069860 25831117 26144636 27297786 23578449 29047039 24718654 24209578 26514724 25884988 23757568 27674838 27587306 27119137 26192703 26785065 27682554 25670478 24743937 25660882 23367993 25236518 24076104 23805735 26241654 25231732 26374402 24847060 29378717 27330241 26056463 27425341 27991189 26385887 26171666 23885712 24074209 
28198716 25382748 28914641 26616908 30025993 26237370 24178788 24842929 26577043 26560102 29095064 26862051 27127855 26958186 28405850 27382901 24949576 27909341 25306826 29653833 24791342 27898853 29101047 28062214 27693982 28243695 28024639 30169499 27136844 26411217 28174917 28580963 30495528 29347660 25518727 28934771 28898927 26292546 27982720 27947763 25907999 26307034 27724619 27755853 22593873 26164860 27161576 24897309 27970923 28298601 26719145 29134898 25014220 27065222 29420038 28116256 29014775 27805006 29382933 30132927 25384200 24520354 28374286 28286598 28997809 29819350 26840371 25785660 30016851 25411822 24648807 27929548 27929372 26314184 30048562 27944505 29736094 26921526 28842318 28956095 28647473 25100749 28873347 25872675 27521482 24871951 26062980 27937807 27265814 27960528 30334732 29885422 29720444 26013878 28057832 30040195 28421171 28312286 26507277 24896892 
25177425 23880290 27521284 24229987 26153826 23507914 22364209 22415491 24489668 24280495 28341743 25855669 24623020 24591725 26277657 23910586 23648021 27086048 23657258 27557551 23749666 27394736 25559445 25934158 23049766 24212669 25231965 27955582 27283491 23896911 25210887 25367754 27959012 26896473 23753896 26373864 25554027 24709711 25283155 26607795 24029041 25376770 25361694 25249136 19739929 23791830 25967056 24714302 26627359 25608998 25234643 25827872 22680878 24548177 24325052 26923860 25260336 23968356 26910704 25722403 25056031 23886677 26956722 26443330 26205402 27630555 25122285 25520165 28187375 24776291 22860219 25945684 26532717 25189903 26915318 26640979 26900926 24100557 26985198 25181742 25421092 23745335 27486811 22425499 24233612 23189060 24797715 25676972 24929246 24513192 26802688 26775841 27480905 23363732 25953027 25299442 24999180 23695121 24365094 23045743 
26063744 22883661 24714195 23524814 25517399 23743888 25745735 22959839 25751698 22794170 26599155 23264141 23940442 24164518 25689287 26192037 22884421 24390062 24111396 27081521 23193982 26038767 26066153 25132296 24087668 25592044 23678675 27254344 25369853 23637690 25935403 26451086 27118507 28038494 23793265 25641807 26018540 24095838 26016719 24487079 22857859 22753042 28463233 26498749 20357525 24040405 23942977 23202917 25785951 23412589 23481146 25571402 22265769 25339011 23920226 26860731 27459053 23050880 26070314 27231189 23180851 22394727 27177507 26492155 24194200 27479385 26934638 24076522 27524070 23184204 23078553 24611318 26330143 22902907 26317018 26992173 27629268 23788889 24771576 25535476 25636125 23297797 26028889 22724943 25765616 21974605 23178895 24442423 24744804 25062890 24219934 28490261 28057179 23568150 26738311 25791706 25121765 24006006 23273867 23275755 
25685546 24347758 27144302 25172173 28135942 25516258 25498517 24498560 26000858 25601318 27994718 23431297 25046126 25975675 26634942 27338496 23025802 26800688 22630245 28013370 23715713 26625112 28180123 26294662 26080707 28013258 24249651 29409416 26523153 25123407 26443294 27525245 29118782 26780986 26227553 27447379 26164685 25828390 26220492 26700199 23449298 24310654 27716903 26400598 21292695 24568525 26570456 25007364 26162151 25609300 25691257 26111116 22758329 26834831 26463047 27976316 28479375 26762932 27901667 29673196 23389656 22908106 26219048 26179399 26704725 26619183 28354629 23976018 29631445 24855177 23656851 26591181 26824508 25088042 28182486 26590477 28575206 25308863 27614606 26924602 25782699 24753327 28704204 24099701 25217210 24999354 25952974 25962046 24848077 25037671 28282550 28893579 29407820 23899441 28269010 27310078 25797326 26596063 26036431 24771558 
21331857 21610569 22736355 20689819 25332516 21904859 20889352 22457874 22560725 20833781 24797627 23331972 20655380 21959866 23383514 23839507 21122954 24467518 21277670 26723462 20683021 23028965 23874243 23543843 22833421 23362671 21654777 24906783 23274798 22001395 22315135 24311276 26222574 24443466 22244720 22666231 23842338 22700819 22742354 24233862 20167654 21113714 24398888 24495817 18740778 20926643 22609995 21887955 24381468 22568558 22294711 23940754 21449507 21973539 22050210 23745961 24198675 20914653 25341848 24289510 20020037 21247255 22655138 23544753 22532838 25358650 22991430 21925943 26233889 22038564 20240088 22826229 23262205 21224234 24536472 23995692 25791799 22071236 23384791 23861165 23473342 20009383 24607414 21191967 23184363 20277590 20532421 22006213 22527876 22248073 24465743 23901295 24807466 21775656 24012810 23816879 23907667 22270663 20760009 22346750 
23915232 22759658 24228475 22247499 23139944 22115151 22752149 20707199 22974435 22052352 26727132 23028161 21513732 20855455 23223876 23490240 21797350 24612559 21114358 24461131 21908631 24577192 24790629 22406847 24018241 25041426 23895415 25317113 22594108 21671960 23441847 25679585 26718532 25420708 20834095 24778298 23810933 24264087 23741080 25799021 23750656 23131514 24179686 24749197 19519534 24408678 24062285 20853488 24603525 23776974 22633914 22887126 22829510 22172160 22671127 24042266 23291649 22103386 25794990 25119875 20684919 21450168 24104359 24166265 23341674 26569981 24908356 22459513 25036319 21514030 20737506 24489544 24804902 22714330 25314911 26507753 24899425 23734523 23835805 24977008 23140007 21957811 23177577 22315900 22868391 22081232 21134058 25055482 21761776 23893636 25696047 25683853 26496406 22044274 25405727 22839444 24947136 22189487 23625033 21150216 
24502752 22668212 24275595 24072349 27238353 26494867 24386811 24140321 25923307 23396970 25351057 24926917 23993672 25886785 27152854 26067132 22635467 26739717 23805844 26545537 24208644 28308115 26966717 26000013 25794569 26367071 27011827 27041263 25250865 22877631 25070928 26797882 27039081 28494288 23419099 27968170 27616184 27525775 26501595 27565621 24244664 25480651 26842817 26043970 19466419 23837482 25782978 23228424 27778533 24595352 25949469 26746373 23331822 26459455 25774775 26768668 26139423 25800020 28383654 27639715 23904062 24131679 28277178 26068695 27361322 29689703 28250992 24803754 28029519 24132601 23676290 25897354 25930654 23399488 28722735 26960657 28734837 22697847 26268593 27558069 26585512 25482760 26609218 23100093 24723314 24112020 24216025 24969414 23864467 24041485 25942729 28732098 27912576 24196194 27704894 25968916 26874085 25895444 23558575 24544969 
22819597 22136593 23311830 23217671 25567924 22930748 21923058 21161850 23783833 21752965 25047260 21916607 21973458 23661777 23405420 24137620 21286649 25456439 22048586 25828630 21526985 24758932 24699592 23164077 24343512 24558855 24351480 24345576 23729347 21248483 23049733 24766623 25731814 26528215 21434200 24389755 24017746 26533240 25115373 24534247 22303573 24127170 24633007 25756079 19195909 23515727 23697279 21679769 25536491 23668513 24513871 26140832 22107584 24013224 25046265 25209542 25272768 23325277 24190322 24180618 23361133 22957772 26127925 25176587 24823574 26433179 26667086 23236496 26825625 21392719 21297651 23956728 23328818 22161667 26109741 24818820 26414234 21160286 24494897 24901069 24607207 21623619 25026085 20809866 23812836 22003127 22688173 23741444 21198430 23451353 23648750 25545515 25266097 21760439 24082507 23716629 22884129 24744923 23139988 21372902 
27737094 24981356 28003264 25627132 28971128 25348834 25482710 23934864 26584622 25315219 28962007 26559208 23973515 25669320 26047060 25885730 23401333 28956243 24136482 29276197 24596755 27796496 27544851 25833978 26367444 27512277 25556687 29620751 27800702 25023795 27990050 28730345 30628918 29280648 25016729 27436468 26579046 27106038 28072712 29533332 24912344 24851909 27594980 27359441 21351323 26347872 26006210 24123338 27194773 28000096 26484829 27496844 24767954 25708368 27355837 28769459 25163123 25572826 28098088 27766759 25375703 24810847 28190561 27719955 26863999 28414393 27292116 27534304 30689915 25548711 24137339 27362486 26032358 25987822 29292060 28110621 27841209 25621756 27449446 28115256 26932555 24613904 29058520 24574834 26701217 24410634 24640138 28921801 26886892 28610887 26421984 29433675 30883805 26358983 27744309 27954133 27274984 24687097 24194219 25004058 
26395166 23367370 23829504 23227900 25742811 24264556 24881610 23091407 25244747 24399403 25813065 24687539 25068504 23885465 23446162 25226647 21280135 24721558 22789845 27223467 22747403 24178026 26016041 25107003 24070507 26650978 26262573 27581930 24808159 22797389 24715059 25162979 27731734 27201245 23631016 25979139 24433710 25749152 26869513 25323190 22210375 24824977 24485440 26733701 19595412 25274071 24436093 24070504 26111027 25535212 24513795 26281761 22679124 23795210 25670967 25668002 27381787 24158353 25604518 25864379 24286721 22528580 25572047 25248476 24971013 26073512 26931112 24199179 28671339 21998085 24738578 25354356 24882413 22971466 25995710 26911926 25717896 25186475 26545728 25088849 25440486 23849423 25428183 22354382 26512449 23234901 21408073 25863199 25050280 25446924 24454749 27062863 27303511 22841824 26471554 26716185 23952566 25170740 24773147 23311684 
21735028 21223772 23510079 21540223 25908193 22951380 19460849 20560492 22300962 19588761 25559002 22801798 21483423 22097133 21776033 20781053 20389804 23457702 20725322 24390416 20031109 23297620 25164164 23488390 21567418 23313455 22378641 23959686 23171619 22759968 22214789 24758529 24908295 23689162 22191037 23662861 22972979 23751099 21514009 24244910 21270643 23660844 22895666 21629818 19816687 23802525 23688514 21225391 23707522 23163897 22354458 23333464 22407499 22577808 21917518 23728889 23888535 20724926 23895397 24293948 22981861 20818722 23446907 23111591 23055818 23204191 23617920 21487844 25160500 22543366 20635120 22140841 24307533 22104942 25663310 24462312 24464779 22088197 24476747 22496854 23890116 22068277 24211194 19489959 20096661 21931827 23233248 23322019 21822673 22308080 22941348 23950474 22951935 21770035 23708820 23045775 24210812 23216388 20982665 20142073 
27171958 26160214 28710484 27366332 28255293 25023804 24643903 25641969 24964001 23390957 30152243 25681998 25088810 26824719 26987843 29013010 23808660 27010876 25336205 28187879 25530288 27760406 27328926 27154355 26623755 28425698 25937264 29273176 25836907 24735576 26597606 27490344 30549998 28927707 26326744 27974929 29276954 28710080 26888904 27858554 25421554 26279258 27925120 26487284 22517109 26236074 29119096 26371468 27523366 25934371 27917690 26664664 24553589 27477464 26938873 28289401 27956959 25591885 31536199 28091109 25584126 24854030 27363293 27236450 26468496 31160773 29351830 25012086 30349552 25198758 22252205 26417965 26647030 26085767 29658162 29770921 29701256 24119917 26896806 27079904 29076326 25721261 29211477 22711051 26669830 23792341 25800576 27572559 25014403 27043040 28129232 29085370 28268286 24802969 29068132 27489506 27353930 26810489 25706857 23768412 
27768871 25557826 27453512 27460806 28881405 25893683 25133897 25514113 26842852 25481351 30018665 27572650 26535648 28441597 27977523 27069030 24286884 29601621 24035681 29409175 25171380 28964744 28696647 25631035 27235478 27681643 26755402 29410917 28776455 26683094 29102973 29361240 29890256 26987564 25794070 28464777 26976862 26736087 28192659 29708148 24657079 27382528 27153113 28386707 21887321 26454428 28355056 25798501 27951707 27503813 26466646 28961760 25137390 26782614 28335885 29345269 27867080 26359848 28416571 27943292 26371875 25079912 28410925 28144791 26773703 29097306 27705674 27897567 30387464 25067318 24212602 27753323 27843427 25774440 29618994 28722204 27679672 26714727 26859453 29406145 28584900 24529948 29225252 24759501 26863364 26925556 27007418 28338209 26625049 26615467 29052172 30190067 30788756 25132713 28464566 29861462 28134330 27850468 26632424 25418345 
25247436 23957313 25524347 23445629 26487508 24254897 23281272 24714683 24841688 22623899 27514045 24184443 25274588 24487994 25738947 25120877 23398413 26913479 23358451 26889738 22592321 26526340 27593099 24074974 25145858 25315084 25518143 25763886 25677830 24798865 26038853 26795473 28272142 25854634 23995653 26236010 25240633 25666870 26481342 28191816 23857369 26290473 24726836 25607620 21032249 24077458 24727449 22598095 26444112 23133318 24460047 27005783 24583279 25929998 25267100 27013607 25477559 24827788 26111901 27246355 24220676 22487629 25112665 25421081 25334306 25646880 27103034 25030982 28023566 22687823 23893407 24334751 26811056 23076773 26535027 27299777 26189993 23082708 26109578 26285729 25110717 24113305 26544607 22095143 23477105 24023398 23203254 24466627 24042480 24889139 23600320 27095790 28483009 23615521 25783445 24511472 25704700 25709590 24133472 24107177 
24936751 23804946 25881647 25334951 27263063 23066803 24703124 22784064 24320736 24109469 28481874 23275343 23451230 24953050 25763240 26305960 21526741 24680337 22426911 27773304 21537451 24289008 26620004 25740441 25786613 26600385 25690538 26992443 24211811 24111472 25350189 23748161 28006747 24456359 24037335 25847514 26094379 25089535 25519100 24438490 21702017 24498226 25459682 24526770 21485767 26330286 25974915 24053058 25264273 24469399 24895596 26869676 22344937 25400994 25912427 27020468 26698818 23446286 26748219 28140269 24056900 22608512 27450138 27035051 24809316 25465676 27329463 25140674 28285817 22174833 21601039 27451162 27038559 22929516 26708881 27448063 26193271 25785667 25752491 25814978 25802056 23743155 26441115 20872348 24941634 23516851 22515885 24756511 24462783 23800520 24141123 28347322 27577453 22748419 26055969 25926194 24563100 25406101 24977182 23864224 
25859179 24074975 25077065 23756138 27953126 23967976 25484237 24412967 27114458 24012734 28819662 23517456 25511873 24366410 26150132 27719897 23357063 26032426 24125925 28610586 23092760 25972533 28082868 26409389 24896729 27028350 26280043 29136019 25939030 23962217 27300132 27105390 29590311 28179049 23270524 27954796 26268949 26460948 25075449 26091477 22849545 25341034 27164084 25411946 21084091 25096139 24544234 25234217 27333942 24975565 26627872 26774037 23847611 25752453 26527900 27332493 28516148 25523206 27691553 27260180 24480969 23273232 27149024 26898098 26915647 27313407 28893810 24386889 27573179 23973966 25026730 26189034 27077226 23353598 29018113 28673095 28096636 25496707 26692435 26535324 27112055 24410358 27455039 23633317 26270853 23626205 24260047 23745156 24451344 26719435 25981593 29155084 26554683 25318568 27967024 27658901 26107081 26672428 26785662 23096466 
26077293 23567823 25672764 23383224 25751221 24521708 24272345 23994525 26071898 21666024 27856429 23929971 24544903 22711966 25331204 25593296 22314890 26078098 23675744 27765459 23210662 26097647 27560445 23586366 24510665 25635262 24331805 26943174 24803570 22251099 25989620 27386583 28461702 26941224 23208597 26656117 24495126 25200994 26075509 27749288 23053036 22982502 26108399 25546711 20914547 23657853 25376838 23554710 27405090 25516780 24138196 25634342 23347203 24250414 23413466 27440229 25499024 23944346 24657439 26462434 24112188 23611860 26315847 26198579 24342973 25049130 26704101 24706224 26417178 22378187 23888583 23873599 27279955 23633428 26844032 26005219 26283311 24903613 26659165 25581232 25724816 23391229 25011985 22873613 24482986 23807603 23361262 25852013 23411456 26088839 23864827 27723870 26832387 24569619 25408463 26494583 25604727 25601466 23453337 21799017 
24679177 24145526 24150530 21321681 25402844 25283554 23471763 22882242 25461961 24295166 25907126 23242952 23974164 22860872 25020520 25238053 22338308 24421872 22154901 26482713 21555378 23941373 24762113 22645666 23955278 25425863 24055744 27220699 25343864 23099945 25491352 25119073 25432215 26939184 22740855 25966257 25046147 24662022 26109140 24606613 23535761 24758872 25916720 26123835 18926332 22787546 24026497 22689341 26070088 22693415 23694750 26840534 22450085 24782248 24118365 25141454 26639731 25630531 24544050 26394758 24055936 22300414 25446941 24964204 25456373 25187419 24527114 24850429 26194504 21780764 22901588 26047242 25387723 22319459 25795160 25625873 25043606 24296532 25437428 24609547 25281390 23096581 25796872 22856204 23488049 22862356 23369635 24541882 22884003 24630450 25867638 26791944 26156453 23570262 25884210 24844374 24733945 25226296 24618865 23591643 
26201509 25411206 26307572 25708459 30310330 24847966 22764088 25750218 26281842 23013705 28711849 24387383 23866535 25240932 25770642 27148471 23603126 27367530 24310224 28883571 22340499 25069375 28486789 25452659 25664228 26916039 24589073 28258745 26646379 25299535 25608762 27373789 29427535 26302240 25328397 26917674 25830463 24871482 27812770 25905343 22330072 25862870 25783719 25576610 23290779 24999930 26362130 25154520 27370193 25792995 25204855 28010221 23487725 26781497 26124384 26195429 28451598 25351813 26926620 26633112 25341714 22213810 25335312 27048458 25973094 27937796 27430578 25579693 27987462 25254461 23845636 25293619 26832482 24864638 28333207 27009732 26786740 26171124 26984693 25726468 26632994 24746593 27868329 21435706 26913802 24506462 25044878 25852678 25716736 25285145 26235523 28990495 27971323 24407392 26372206 26947943 26547397 25808825 25394773 24892955 
25220457 22624984 24570472 22764500 26263804 22741744 23597917 23342234 23939440 21695299 25837102 24032654 24815791 23955552 24489722 24405975 21428202 23376269 24135179 26652736 23025476 23636826 25400439 23460507 23924027 25784942 24000774 25310903 23674489 22748879 24711167 26146785 26540015 26176810 22540516 25803429 24633914 23817014 23592728 22941226 21389117 22890273 28108506 24916026 19130223 21486721 24116695 23266586 26059773 22953799 24089812 25701628 22476836 24117274 22964203 26397397 26776817 22940681 26132522 24590529 22178416 21633277 25043048 27091736 23558190 26449535 26061101 22615206 26566008 22430970 22879484 24153328 26264084 23799631 27245174 24451863 26102917 22802131 24335499 25891164 24377624 22081236 24795381 22566449 24837892 21444576 23209800 22655930 22322928 23923191 22627914 26740063 24922518 21077550 25709292 24978182 24639948 25131940 23469468 22331312 
25689812 21173653 25016326 23196927 26616705 23837575 23582239 21565126 23907868 21538586 27424194 23847484 24640417 24229844 24165453 23641739 21521869 25087973 22302512 26486908 22685733 25223434 26228264 23534688 25326474 25540283 23865948 26677878 24990696 22598123 25489447 26015782 27101173 26077405 22215751 25501991 24818580 24063025 25567910 25223625 23908688 23954773 24867421 24297314 19819184 23574957 24982593 22329874 26075516 26455977 23708731 24568464 22610002 25261093 25567456 24879311 25832136 22023914 24999382 23029089 23006922 21610241 25786185 25009590 24046780 25566243 24943025 23776811 27359364 21266366 19873423 25960922 26683866 24751901 28007687 24519605 24604193 23967018 24785135 26379790 25547728 22954409 25494641 21679354 24864512 22912520 23648026 24380297 24729764 24560108 23626479 26744510 25919282 22096115 24332689 25450353 25045988 25963288 24141546 21408389 
26607443 25158980 27540380 25757624 28956779 25679996 25184937 24755752 26721523 25009298 28393766 25698829 25037038 25129666 27368001 27347500 23234055 27060609 24565468 29369829 25321524 27391268 27377499 27562391 25693587 26875324 26012540 29750441 25846381 23916445 27028663 26449321 30475267 28368698 24422686 27125602 28437097 27059167 26796998 27016003 25151879 24857708 27638763 27273131 20868772 24335086 27196974 26108514 27968484 25608195 27548740 27467417 22670603 25591545 25524821 28053193 28099928 26019287 28971642 28093635 23857666 24490016 29408984 28371194 26939839 29284819 28473541 25211531 29642294 24413492 22818608 27628478 26683802 25290957 29114416 29132206 28208650 25166867 27109521 29172657 27486333 25462760 28016424 25252478 25945957 22945576 26115312 26916629 24321609 27354838 26674964 29055021 28956421 24529164 29685266 28075213 27276091 27454457 26693326 22581686 
24775498 22364237 24225478 23786584 24747174 22608896 24376107 23143728 24490836 22315324 27047869 23490512 23515462 24000273 25952975 25828186 21832147 25565359 22220840 27198670 22353830 23757764 26307466 24175673 23680730 24665232 24596436 27654666 25067140 22495838 24418066 25477731 29410809 25634394 23874592 24470150 26131400 25603608 25629669 26374674 22332695 24976459 24927636 24909473 20974660 24515008 25411766 22571461 25712802 24133351 24810268 26479780 22629394 25177818 25787961 26453303 25777174 23826068 26092886 26575925 23465002 23877989 26565133 25958792 25630618 26108199 26526779 24642263 27091726 24113263 21723959 24590001 26106930 22656271 27063447 28572032 27628004 24543380 25130801 25433242 26849518 22913735 26566507 21046302 24193772 22979018 22496130 25791768 23565441 23873226 25950899 28383833 25781884 23717089 25332953 25023396 24450533 25074524 24488363 23306741 
27448735 24130214 25994996 25393993 29208111 25424005 24388130 24111683 25595500 22777859 29714347 25664942 25341268 25673210 27246621 25161319 22399112 26477117 24783567 28352863 24207819 27965341 29909075 25858126 26603740 27757754 27197464 28283407 25979848 23946088 28131835 27850486 29649431 28016478 23457380 28088786 27919032 27548758 27244313 29076813 24030640 26256671 28040380 26509355 21420236 25456096 27146241 25098750 27115767 26458744 27254792 25744340 23855564 26069482 26067919 28286162 28242048 25755273 29489659 27126449 25963421 24066643 27040482 26984770 26568782 28446053 28751822 25027187 29589323 23163764 23438821 27266633 27317580 24352639 29990160 27570651 29564815 25426563 28969535 27379018 26521459 25126341 27818427 22888454 25983144 23031433 26055304 26103309 26147585 25050225 24889992 29144584 26506382 25832623 27613485 27228190 27575322 26423668 25669296 24929109 
25622814 25167205 28837845 26953232 27465661 25867349 25645406 24239143 26235068 23164820 28414798 26093154 24938545 26420302 27169735 26279958 25317488 25472714 24008156 27673426 23205457 26393448 27668832 25753385 25599030 26109526 24358775 29905621 24586342 25802037 26626538 26676213 28168769 26211281 23934853 27581042 24987186 26780421 26676123 28428347 25031664 25885276 28101154 26541371 20245033 26060509 27190904 25408910 28763960 26933906 25588779 27436505 24826058 25634840 27842386 28041045 27243875 27028687 27486272 27868690 24258498 23204645 27702092 26459786 27545346 29063282 27021054 25781622 28155576 24467947 22876447 26686806 26968724 24782480 28986681 26720551 26685227 25522142 26769654 26780565 26880348 26438343 28116007 23856661 26550138 23993088 25162472 28562189 26022581 26541261 27881117 28158371 29069994 26264769 27592271 28521206 28123982 26484262 25897634 24663377 
22382958 21876262 25315760 22938255 27233533 22732384 21850131 22012674 24245368 23155662 25056811 22387023 23469588 24249196 24236811 23817578 22099942 24578101 21465486 26502480 21331876 25247666 24878172 25104130 23340436 23402158 25252336 25972908 25517275 23306285 23738346 24385434 24491096 26598746 22564071 25309093 25319494 25465961 23036644 25030853 21360174 24035988 25492224 24413090 17336938 23552503 25161647 22547784 25480261 24741511 24690850 23881080 22551752 24689104 24291453 25315540 25522937 22971178 24678324 22883677 21610202 23108969 25642778 24490365 24996935 25623362 23962452 24191350 27940421 21807659 22271881 24258843 24391038 21527411 25186487 25636354 26327442 22531393 23482467 24359666 25012589 22475315 25687362 23092192 23742228 23929701 23883854 23240472 22594086 22780979 24164611 23795648 26075223 21728579 25812023 25110970 23503843 23222983 21897506 21938447 
24400558 22712550 23015034 23111106 25388454 22480230 21716647 21658229 23838033 21396758 26269925 24508286 22637030 24090377 25115057 23872644 20315813 24771452 22419279 25146568 20863313 24061519 25683162 22897934 24008275 25506348 24328978 24014756 25372996 22345560 24461136 23929790 25811373 23505439 22298829 25223896 25119105 24500157 25469811 25698485 22878238 23101653 24127793 25095432 18987490 22962380 24058053 22239194 24680481 22375467 23482556 25352991 21470786 23705692 24665963 24316700 23833172 24232936 24656550 26477617 22695819 22082985 24253037 25158318 23916748 25226634 25008829 23456804 26622351 22192312 21587134 25622311 23308622 20614149 26360576 24942332 24127192 23176962 26060315 25055265 24546883 22708521 24349677 22036802 22413644 23013588 22503399 24429662 22552582 21654288 22785741 26765824 26931900 23235614 25334320 25264193 24676192 23702159 21650199 22000805 
25332965 21368020 26529397 22597432 26421994 23202582 21822661 22863971 24934736 22484166 26506851 23073396 23078505 24184541 22689631 24468015 21903121 25252134 21631425 25655411 21517687 25368127 26808251 24822516 23194783 24619096 22999468 26217617 25349473 23463546 25297394 25995693 26762875 26015106 23900770 26347077 24277495 23771654 23062890 25279387 22935222 23217777 23796799 24036860 19294571 23426870 24591392 23989958 25452167 25043526 24634730 25202821 21058391 25005157 24337778 26850596 25419639 22835813 24244625 27247303 22803198 22323870 24493009 25601031 23877883 26899497 25464855 24497937 27253940 22863567 22751177 23716849 24929845 23337762 25747664 25336125 25855742 23381889 23729727 24364256 24428230 23366206 26177674 21454995 24180543 22682182 22530136 25454806 23258705 24587631 25435863 26123024 27734977 23194871 25403380 25258019 24236284 23046661 22921693 22597243 
22643324 19366260 24750948 22567442 23957467 21420159 21475538 20781966 24043131 20517354 24861723 22522199 23480340 20952612 23872888 22890754 20863900 25563499 21388397 24753224 21753335 24179916 23230111 23168579 23493801 24169861 23613859 25318112 21440908 21558128 23487859 24826668 24531016 25871005 22478193 23712424 23473382 22108981 24173815 24704671 21681506 22824183 25670550 22410908 17432903 22050388 24826665 22653157 25564606 23642834 22972116 22928789 22575833 22686294 23336531 23675855 23782073 22034138 25018566 23056016 20680754 23394215 25391260 23240019 23998302 25316734 25377527 23236806 25057449 21726219 20465937 23226696 24535679 23976190 26019022 24500309 26751385 22667778 22429908 24310738 23385947 21813188 25529213 19606965 23419621 22672267 22745112 21469507 23944456 22958915 23783774 24689831 22927800 22294765 23119683 25274597 23412405 24219258 20511590 20893484 
25871115 26248149 26408248 25424543 29054312 24615970 25088794 24226667 26679151 23995639 30474661 26667659 25923449 25716924 27203368 27468797 24314699 27946949 25133275 29114343 24285091 25549483 28185013 26679904 27128733 28817426 27140687 28710912 26833953 25524029 26311635 27580987 29101275 28395858 25780447 29159498 28277898 28130430 27264260 27981727 24922948 26450718 27587559 27480230 21955752 26340175 26638427 25605293 28320332 27027041 26722039 28232491 26238360 25649204 26227222 27501821 27458286 25012716 26528614 28255087 24665478 25910633 28052173 27637865 26476207 26746174 27297140 27380446 29117291 24358052 24073495 27248274 26821070 25225694 29563031 29268565 27224242 26465986 29808276 27607402 28007553 24478203 27582199 24721533 26140115 25440235 25731258 28298759 25234028 25826804 27480340 28518876 28636621 25637194 28657090 28683313 27285339 26798256 25522297 23595986 
27344521 25480035 28334883 25706090 29987776 26644256 26309910 27096733 28515516 25128689 31988978 26822641 26473022 26055713 27308050 28773506 25168495 27639614 25958206 29764976 24065264 26985301 30805905 27525313 26781201 28760371 28368862 30374194 28726895 26012365 28794819 28471684 31148914 29032905 24081531 30439552 27914248 28228944 26863431 29223531 25924289 26644249 28890664 27059400 22505317 26774634 29382920 25899480 28638820 26968698 27258552 28613064 25186870 26883488 28292592 29846316 28513864 26549248 27747668 27974186 24625007 25872396 28613897 29602243 28693775 28626242 29078455 27864420 29358660 24906830 24874364 28025173 29692163 24998851 29816260 30013940 27868795 27910166 27441929 27306610 29060795 26502123 28878385 24978667 28097765 26393029 26232533 27017384 26377882 28645827 27094086 29765609 30509021 25827165 27835800 29665464 28454477 27860342 26422686 24619772 
25594513 22928850 26144447 23771467 27158602 24772220 24758840 24748651 26719720 24057445 27962020 22960412 25885853 26406130 25649950 27279888 23601725 26921383 23164569 26249029 22693953 26546332 27616478 24935739 25754779 26177814 24299007 28627991 25485718 24295129 25569429 27319857 28800168 27250517 25460786 26174066 25670925 25855036 25704134 27690348 24163137 25417695 24518594 26923688 19737103 26492725 24240707 24923757 27649939 24680158 24518808 26137494 23855905 25648557 24683686 28018362 26963530 25061953 25944447 27129993 23361775 22439012 25398744 27169896 26181710 26746515 25955218 25613165 27034276 23248388 23093674 24798622 25579790 24498971 27349481 27167552 26982591 23534471 27585229 26063376 25880943 23231319 26509573 23825150 25304528 23230639 25970138 24918832 24854377 25437501 26709759 27277157 28987765 25392739 26770263 26025733 26917998 25860060 25196947 23110037 
27060160 24792241 26541271 25115821 29164951 23788132 24983972 25181569 25382706 25072335 29144084 25333079 25395367 25634606 27289096 27243573 22335287 26587339 24551017 28669245 23582007 25356635 28456288 27410867 24720507 28040814 25187572 27924782 26368304 25656008 27793258 27785889 31087603 27141181 27169581 25580018 27014400 25820152 27014992 28229413 23413242 24293995 25383521 26434924 20956731 24908112 26798849 24636187 27575299 27827899 24612270 27515381 22917243 26726842 27633348 27751814 28071878 26034417 28788519 28475964 24376625 23110204 27808681 26522912 28330900 27783616 26882583 24684154 27951197 25782938 23077400 25868680 26218512 24681664 29825794 27688640 27452072 24714632 26370693 26343896 27080207 25000360 27387387 24302800 24225505 23588306 24427434 26146600 25529808 25352020 28508748 28949492 27704176 24955009 27177921 26636741 26697419 26886449 26095025 24203622 
24430892 22163208 26605228 23117555 26882224 23939793 24607665 22789807 23730110 23795944 26403453 21705347 24155727 24180732 24762676 25616726 21593686 25623253 21652349 26995891 21116940 25207606 25678818 23630421 22675159 25757774 21408743 27247893 24382980 23743430 25772505 24850005 27403243 25003471 22961438 24450900 23758026 23505127 23699163 25282333 21879156 22584809 25507989 25047152 19382509 23968511 22863970 21427160 23998425 25190293 23524087 25469780 22314849 24403779 24998008 25933974 25100924 23967141 25721194 26280399 23169249 21754872 25483858 25208186 24047711 23582543 24345222 22746832 27434898 24005925 21413096 24082026 24045874 23382969 27354433 24579679 25558472 22775864 24320735 24613924 24718913 23143301 25795651 22999639 22702374 22149407 23009032 24095717 24027371 25820565 24643745 25484334 27230947 22494990 23799773 24798810 25283103 24820521 23116608 21695433 
26466843 24927737 26953503 26185156 28783127 25269120 27470727 25297704 26658854 24880364 28578202 23993936 26651106 24908238 25128013 27753543 22716355 27241972 23139442 28136699 23418979 26998873 28327073 25861240 26228023 26160515 27526865 29524078 26041656 25306006 25182765 27741601 29401801 28211610 25751445 26917512 25857264 26809252 27335230 27204703 23212216 26448811 27052251 28482326 21327291 26126510 27167599 25353805 27977506 27435913 25303861 27704288 24948615 26989485 26354012 27713889 28507795 25715359 27691372 27561426 26790080 25116660 28464811 27159597 27022028 27277344 28340867 25923011 27889850 24752890 25206673 26888463 26376223 25827016 29033228 29024761 27736699 25103451 27378554 27630027 28115834 24110142 27938725 23715971 26822869 24009436 25315218 25540260 24812886 27388040 26809523 29426182 26866893 24277908 28883516 28421752 26321035 28535193 26434846 24009360 
24190974 24557361 28619217 23912048 26977176 24301814 23431375 23188826 25197564 23565598 29638334 25545941 24527425 24289556 25976915 25705043 24306362 24481087 23753364 27397443 22404660 25518415 26772156 25430929 24499437 25159698 25638326 28250393 24742453 23752942 25302549 26082533 27469507 25919406 24299049 27213569 25022653 26268157 25818944 26986307 23764368 26385974 25762320 25285515 19701471 24671254 26278783 24703596 27957901 25793288 25207679 25773521 24267184 25120975 24837219 27518944 25789200 23579346 27536844 27976388 23673905 23345330 29081845 26251139 26235999 27464140 27372943 23924876 28171610 24005751 22642455 27223833 26621125 24747534 27598212 28209745 26747152 24567114 26739571 26684248 27217434 25636582 28301815 23032431 24652117 23546425 23480636 26917546 24025929 23994867 25988007 27901454 26683185 24334496 26629093 27838454 25407045 25511916 24999216 23027955 
26738789 25126073 26618794 26446966 29098124 28132995 24937588 24943438 26434319 24784941 30109855 26075595 24689156 27064516 28843687 26972951 23944122 28037567 25736489 29484793 23762302 27885008 28584304 24989472 27838499 28326564 27173338 28850058 26734333 25557206 28830680 28138099 30861282 29067710 25067056 29910509 28050288 28243834 28348635 30473240 25146495 27016850 27807541 27793353 22748403 28135201 27410670 25047252 29566862 27806255 25753851 27332931 26399075 26169395 28511579 28589131 26114175 25380357 28644753 28243606 25065963 24014091 28490020 28598049 26588235 30850699 28756979 26205877 28457753 24157754 22434224 27839258 27872020 26142719 29934815 29326494 29672106 25718559 27752703 28096447 27892538 25575094 26797160 24709346 28102229 23965286 25627285 27739856 26600921 26710204 27279018 29219253 28315860 24128112 27332864 28153091 28001587 26770597 26319660 24403399 
24015453 23410205 25293381 24861810 25038502 21900311 22955045 21699601 24563528 22248784 24276854 22920110 22886359 23958483 23356395 23811415 20586041 25230688 21851439 26458115 22049058 23271300 25618141 24586182 23401028 22823990 25015278 25510292 24768741 23975316 25016571 26246222 26157888 24458223 23650595 23953182 24614247 24667773 24954048 25163235 19890232 22807766 23806079 25492049 18897251 23881764 23831663 22218124 25440588 23147610 23528073 25636717 21530393 25374534 23598602 25557318 25074396 23452082 24277628 24697403 22994037 21861792 26358169 25631393 23743025 24982169 24888620 24762588 25530464 22102555 22534513 23748503 24272013 22637491 25288159 24958875 25985109 22269309 23493710 24608811 24888671 22707577 24953301 21933657 22865151 22748789 22931160 23914615 22587803 23060600 24352794 25931764 26587709 22533608 26027342 23768327 22939432 24224631 23600856 23383881 
23221363 21415228 24272467 23530911 25876987 22403730 22983919 22528929 24442576 21171920 24699797 22168483 22458863 23823918 24142441 23969368 20440501 24208461 19422943 25257687 22909136 25106986 25303609 24799857 24119538 24248002 23597998 26252457 24262953 23347266 22855375 24092720 24685669 25560596 22570951 25596333 25726358 24003674 26114891 26961906 21433134 23330698 25197939 24621093 19396096 23514242 25017200 20661155 23622927 23991019 23030969 23870541 21887434 24495074 24806690 25737585 25178990 22700119 25488663 24888817 23848854 23495807 24863777 25013312 23026441 25073413 25170430 23354688 24597489 20955228 21960894 23213663 24153840 22905094 26209855 25994176 25477623 22609671 25786481 25589143 25199833 22249053 25133885 20538194 23263449 22349135 24456251 23339380 22381712 23386174 22780739 26833211 25714719 22237219 24332744 25818293 23625473 23462073 22308268 21991371 
22567881 21894601 25572613 22331646 25856542 24493023 23671654 21997186 24660205 22688422 25874003 23111996 23169381 24700145 23799028 24970850 21579531 24486134 21757978 25868331 21410600 25933176 26191996 24308859 23584816 23348847 23907150 27410956 23791099 21668517 24101123 24418286 25874487 26671653 22547642 26292702 24290093 26585359 24051521 25788644 22004801 23198385 25282606 24915781 18275478 23604513 25473866 21811052 25143861 24706810 23334940 25438367 22308832 23512244 24590636 25863306 24344406 22981016 25249816 24486549 22237567 21917318 26774836 25639762 24925461 25136733 25174626 23741551 27702506 21525249 20640847 26104270 25137325 23022031 26340893 26554428 26258660 22727784 25639962 25295490 24974411 21855276 25783125 21985135 23924925 21440879 24142314 24721786 23026353 22814034 25451273 25578595 26867820 23383661 24820158 24788004 23932979 23915206 23112686 22630392 
25081849 24118390 27487731 23925973 27267097 25871303 25969093 23540283 25543804 23803092 30629027 23797389 24632504 24370548 26830615 27595372 24258523 26776778 21795499 26172232 22794633 26134013 27653094 23581620 24446194 26186047 25524250 28994936 25169411 25318719 26274594 25699559 29767292 27489122 23820592 28535616 27080877 26888031 27148448 28129259 24870361 25891545 26228792 27232833 22475642 26185375 25009990 23670998 26607539 26740248 25283717 27093548 24737261 25473280 26672294 26708173 27108488 26330631 27224135 28104406 24819886 24487291 26772330 26608289 26772442 27990856 26810793 24684476 27013671 24798280 23866876 25861780 26709234 23774835 27783422 28577752 27506693 25096549 27640299 28734843 26254989 24062124 27000530 23728921 24816014 24242539 26201729 25358737 25604726 25518810 26263905 29579739 27235784 24827645 26904656 27665466 27118493 26178461 25059328 22145389 
24462572 23192153 24767114 22231508 24651415 24321837 22570320 22727768 24524164 21437200 25750115 23711813 23437920 21597412 25382672 23381156 21314530 24264636 23905261 27325624 21997560 25217247 25576659 21916525 24770973 25411629 23896159 25730141 23638189 21428542 24990397 25490846 26226700 25600421 22899944 24275937 24291110 24539791 25423526 26761008 22208342 23812426 25592868 25751417 19451358 23608588 22343120 22019532 24866176 23154162 25081155 24722097 22892393 23628187 23900968 25872550 24701902 24121053 25258208 26818905 22730847 21485747 24205661 23619607 24718328 25540083 25484753 22675571 26887000 22261788 22698480 24175842 24595132 22275443 25469904 25221405 25795972 22485952 25436976 24388646 23569963 22639812 25814290 22905258 23810913 21181768 22695979 24566131 22691568 25327169 24580738 26038359 26028408 23457150 25539441 25629911 25211182 24592558 23010195 22530263 
23804062 22154419 23266559 23430593 25819051 19394068 20123918 21544841 22510661 19916491 24964343 20842730 21720746 23037050 25120316 23784700 20973377 23528388 20458000 24635809 20723937 23590533 24207013 22685726 22270673 23401027 22859351 24349448 23981220 20856196 20412956 23861120 26730937 23050317 20428863 23239072 24456454 23048406 23786756 24921491 21262699 21977381 24094716 23405968 19246179 23780548 23112529 21772674 24805186 23910123 21494355 24675833 22754481 21973726 23285121 24693366 23834552 23691424 25704070 25428311 21770001 20834139 24287433 23825483 23767838 25046139 23145006 21987385 24731861 22350015 22022362 22465536 23206255 21926123 24776423 23378155 23555997 23236689 25379871 24261103 24073403 21770351 22466612 21455008 23017418 21426184 21737002 22596222 22110766 22710471 23453070 25119718 23929124 22551385 24878638 23685724 23298467 24117339 21796125 20218789 
24513530 22553766 25864088 23518775 26440531 23049679 22260783 22705289 25364319 21852781 26057430 24363058 23895279 23623602 23823799 23841006 21441016 25247610 22716984 26793790 22805163 25375744 26044831 25493223 24153942 25436053 24362764 25795809 24345458 23851643 25139023 26162427 26596958 26585515 24244224 26338480 26058148 23723697 25134301 26302748 23505895 23510842 25499415 24832757 20174149 23414936 25371448 23105993 26474034 24499709 23654854 24905727 22462225 25108430 25001132 26040303 26274037 22937661 26896113 26101351 23245566 23542475 26253976 26803843 24337017 26439913 25815623 23301203 26300678 24169208 21993057 25149259 26070130 23760033 27315841 24739686 27176337 23415736 25932077 24838803 24951239 22515602 26219503 20945884 24026770 22408311 23374666 23885707 24739148 24918367 24112614 27733349 25211809 23451549 25531476 25269943 27070229 24388955 21505266 23168905 
25953808 22219483 25169270 23847085 28241846 25638055 23530827 23191617 25411011 23905891 26674973 25165131 24583838 26393882 25898745 25420285 22263836 26572001 23736056 28001934 24153507 27785036 27401923 25482789 25696656 27344941 25182902 27171716 25200878 24577595 26312838 26661940 28492391 28110239 24855618 26954128 25315498 25314968 26872516 27467795 23533125 25990517 27196881 24868723 21010362 24530632 24436984 23496913 27553051 26693358 25044286 27148609 24874086 26453816 27425322 26371293 25511262 25412587 27006832 28256817 24323125 23475899 25430973 27393776 25865979 28441609 28084219 24843392 29164100 23629258 23024411 25673792 26246803 26014298 29698599 25092562 29090567 24988083 27449600 26823332 24658838 24164769 27142536 20438190 25056932 24029152 24323791 25247334 26547819 24914149 25412261 28119013 28990681 23301071 26763598 25168905 26326981 26445721 23881603 24633549 
23713009 21919876 23447829 22504706 26707140 22802824 21716268 22237297 24730164 20559394 26126080 21818153 22431667 23674509 22862111 25328763 22066415 24489680 21903051 26362727 21239267 22885770 25186899 23641653 24405041 24710261 22122875 25009273 23413004 22349315 23570834 25099314 27877320 25967141 23143949 25664914 24727723 24534104 25286773 26243128 22401974 24611798 23295547 24902730 20755427 24287009 23556618 22918017 26468994 24092978 23780378 25213045 22601540 24185724 25154055 26138095 25171168 24091767 25215090 26222701 22990828 21372266 24045065 25197588 24700544 26663976 26632173 22790192 25936919 21543981 22482781 23570178 23890516 21970632 26111613 24977815 26061258 22971880 24542742 24757678 25059843 21848029 24991488 21561791 23786033 21889974 23204881 24333797 23508249 23595263 23820941 26722984 25144564 22991825 24690301 24810120 24949091 25085712 22611191 21465461 
26518043 21356866 25339266 23114973 27047841 22181629 22187912 22101207 24062360 23030276 26358121 23261904 23290386 23986028 24041582 24033537 21544816 25064409 22647787 27696068 21583506 24580687 26703035 24310020 23298023 24241540 23458421 25635470 25393448 23160351 25337276 26465818 26934747 25931524 23673393 24164287 25432071 23600728 24731108 25361273 22400289 23012134 24946901 23388333 21278525 23948477 24670236 23690445 25200569 25269491 23295521 25548234 22722132 23893080 24085874 26239571 25436439 23694136 24726726 27004163 23015917 22534098 24272922 26061974 25037946 25603858 24462245 23038125 27963989 22720308 23003045 23877096 25503179 23114718 26500734 25475506 25321302 24110934 23240112 25374350 25977546 21938511 25319741 22467833 24943882 22457814 24190149 25919448 23381444 24011650 25851193 26917100 26429669 22184974 26026143 25447913 24530473 26266898 24591949 22759764 
24787695 23007165 25049528 22498630 25674188 24604310 22399785 23301607 24924060 22359910 25944515 24445525 22683058 24297716 24564193 24573592 22003982 25703613 23101662 27094488 24246749 26053285 25174217 25004264 24160677 24636500 23854986 26705973 26298924 22621362 24569714 25672933 27629390 26787927 23361430 26016477 24946866 25098721 25825938 25820314 22253953 23071770 24793219 26346019 19226509 24703125 25613273 21973111 24090235 23205037 23947148 24497017 22237366 22720523 23390408 26016602 24598552 23613409 26029225 26163167 22576771 20552115 25182620 24914827 25273545 27465741 25647716 22349887 26786702 23390043 21462187 23696763 24360544 22587170 25848091 25753450 26130522 22900501 25607193 25198685 26001664 22633408 25601596 23848524 25798522 23054065 24477286 24776777 23806674 26097894 25749791 26714218 27333445 24655089 25465590 25824625 25428215 22696093 22576115 21369447 
23238383 22596704 24685316 25603262 27758155 24032935 23646988 24362489 23878263 21173430 26134960 24136796 23876465 25060746 25755209 25799381 21725444 26289221 22903237 26898220 22072091 26250516 26445351 24640488 24254581 26372076 23807124 26009472 25358879 24115670 25231851 26025613 27712821 25130099 24119732 25034506 26756934 25465395 24170576 27405369 22298701 23513260 25513244 24873315 19945866 23250614 25493263 22550122 24998982 24497852 24648672 25925394 21792186 25980449 25167500 25944098 25079890 23169316 26398120 25265831 23763200 22758141 25032448 24787755 24322114 27589022 25793673 25253265 26332028 24689054 20664658 24185158 24669900 23695550 26865932 26442319 25989331 23036482 25631860 24631645 25481322 23223379 25460066 19653748 22840402 23166276 22736119 24230997 24594183 24596256 24803999 26364738 26252857 21670017 25371297 24887196 26919541 24814144 20465205 22699863 
24866812 22507610 24518311 24656496 26242524 22219517 22141180 23836691 25595893 22487947 25621863 23168845 23256736 24306197 24263429 24073080 21950998 25808760 21972393 26044018 23588839 25543411 25346333 23172404 22706398 24988950 22178512 26043783 25083736 23421269 25301524 26238469 26036291 25762791 23068437 23966263 23761394 24330450 24051872 26632033 21664436 23407629 25592526 24856043 18385656 24904879 25033985 21666418 25637908 24549660 22348834 24458578 22052642 24350314 24731442 25748150 25251531 22842329 25861513 23796898 22687612 20937605 25292187 25554656 24424365 27202227 26012558 24918362 26252772 23907217 21204507 24823353 24088253 22136754 26651237 25990476 24443191 23668005 23553000 25645915 24559538 21884281 25232180 21890684 21709904 23329978 22035806 25078686 22763906 24159782 25204347 27244882 27052315 21986475 25023624 23709382 24578570 23791255 22255090 22685596 
24013789 22677467 24133089 23178230 26558299 23219383 22297572 23573716 25271003 21301011 25822172 24004233 23283020 24116618 23777033 24066138 20862763 25030298 22919398 26201250 23240422 25750310 26333905 25692702 23913987 25067701 24902502 26068354 24145498 22599188 23194543 25820889 26497819 26276882 23654352 25167828 25171308 24747243 25166734 25935468 22674293 24096394 23932788 23939691 19564321 25203613 24515997 23849988 25747911 24340857 24946085 25777849 22576758 24103095 24749964 25213161 25906247 23911760 24312003 25309710 23828999 23800296 24957871 24608070 25143656 24632313 25650132 24877731 26687705 21925798 22650114 24061401 25013887 23650187 26354260 25102716 24755430 24659423 26129718 26104292 24809052 22327148 24909462 22357257 21707192 23914114 24729302 23176779 24020645 23271592 24415694 26125207 26606247 22821875 26040591 24728932 25112281 25212177 23224330 22218753 
24044969 22929579 24415564 23445874 27259215 21749565 22325710 22907060 24224622 21812910 26443930 23418305 22761665 22538881 24591473 22959478 21505782 25190447 22094237 26479283 21809191 26282444 26000225 24697766 23822095 25085598 22800049 25745311 23902013 23186270 25526913 24898134 27917041 24903542 22086395 25253017 26126180 23744367 22723873 24710661 22304662 21981369 24512469 24224560 20888609 22910524 23845710 22053656 26346559 23913285 24170769 25355942 21171376 24566152 25470096 26166395 25522149 23441707 26097081 25377779 22939205 22723470 25284264 24600650 24082547 25683323 25288971 23496802 27786245 23459018 21345574 24523960 26428751 23159494 25975909 24563974 28097218 23669841 24838280 25887698 24564583 23393651 25269620 21780290 23949014 22126524 22131976 24149094 23245447 22985595 24343395 28424487 25362777 23868687 25243905 25803957 25479379 22452034 23409645 22658045 
26039531 22520478 22966212 22537561 25756095 22643004 23592042 22984560 24390519 23167208 26056948 23907025 23727122 24194287 23633413 24278310 20697669 25378342 22195171 25706352 22611364 25326677 25527026 24389162 23205608 25051952 24068680 26340063 24193381 22349843 24977638 26098561 26898032 26482403 22869832 25297780 24679944 24205795 24644228 26256242 22503758 23322826 24529408 25513130 18322056 22937321 23662039 22742191 25849550 22623266 23153818 24501052 22807854 25948460 23503779 26000984 25233481 23178014 25109424 26114909 21770071 21904782 25765391 25152887 23123130 26333093 27400428 23585027 26895976 22041622 21931879 24903436 24476995 22550154 27307667 24851576 25554660 24145874 26105223 24763430 25027600 22334055 25373250 22228959 24199762 23640414 20768233 25626543 22859018 23986031 25299175 28403010 26820819 23215072 26275764 25740148 24565613 24327987 22757972 22998787 
23297750 21974700 25009895 22266429 24814868 23594918 22709353 21794182 23202252 21868600 26183482 22324905 22794659 22038443 24033835 23918764 20650829 25586422 20933433 25038006 22339414 26355087 24557761 23427435 23398195 23910113 25820169 25879266 23952552 22670140 23573926 23514212 25887147 26119669 22654124 24830193 24471944 25018758 24644426 25253909 22182452 25149295 24404851 25140751 19637714 23428812 23443002 22122332 25654866 24913925 23570333 24397020 22675712 24966634 24949713 24565570 25912128 22097980 26091923 25887072 23141153 22698194 26455836 23972033 24419347 26185251 25533545 21691707 25646203 22706106 21893229 24927092 23647919 22170315 25006327 25943152 26472055 22829988 25716187 25141105 24836179 22889594 27273579 20117038 24046344 21781788 20698041 22290137 22883401 23317687 24410964 27059451 25282660 22812554 23051747 24968667 24361521 24079620 24621914 22132403 
25163853 24407285 26925556 25463608 26631761 23292502 23586954 23338297 26377161 23915631 26870618 24356342 23384052 23846461 26896476 23667163 23159223 26300567 22492135 27430409 23531592 27009116 25789826 25277520 24104364 25720953 25432906 28191900 24647851 24487582 24893137 26954184 27104241 26222533 24238053 24645093 25287162 25281570 26282348 27432533 24261204 25201890 26036092 26675222 21407281 24866757 26713822 23689909 26219020 25017803 24692114 26829893 24049855 24841929 25170250 26625283 26117629 24316002 28385234 27339912 23764413 24300901 27291179 25714959 25464720 27587069 26433663 24645837 27359163 24087082 24183853 25449166 26566846 23607252 27162467 27929910 27569952 24762846 26701643 27588650 27101738 22934705 27662187 22818842 24077457 23766222 24421519 24821269 25038851 25028169 26948998 28062940 26113683 23827445 27434788 26480010 25597387 26685617 22414750 22973223 
26149027 22496511 25572549 21248178 29007728 25385386 22973901 24014166 26393882 24149499 26917482 24773152 23826376 24404173 24466579 25399707 22354983 26656837 21086134 28623871 23563313 25668638 27655797 25119642 23938385 26552052 24421835 28500337 26407730 24032009 25257448 25508098 28076483 26057958 25067461 24672723 25409203 26111480 26055863 26479573 24697214 24676257 25368880 27063585 21079612 23782682 26058767 23122855 26251675 24304090 26319734 28315585 24271423 25727717 26764772 26898138 27791495 24748948 27645782 28256810 23790091 23646083 26620337 26648315 24420624 26304886 26704726 23612557 28517479 24472895 23547240 25097834 27637604 23005590 28253980 27969465 27225040 25317475 26114596 27486104 27529276 23580308 26824458 23141043 24520401 24929415 25175088 25896615 24056357 26062980 25370964 27243619 28991789 25204857 26279595 27076060 25493699 27175519 23113844 22334710 
23828540 20708694 25221454 22385456 25533999 23892556 23735372 21208244 25784086 22474968 25523324 23529746 24321080 24520956 24221404 24128359 22291175 25129785 22742340 26482677 21999518 25553745 26436976 23828282 24301971 24252954 24219785 26269664 23487525 22124627 25311954 24100366 24779291 25994584 22650032 25741201 24277771 25307520 25000681 25536036 23138557 23841316 24626524 24899991 18720159 25997151 22560041 22876760 26009079 23772100 24537757 23678522 22584981 22553587 24042686 25059064 24288523 22975098 25333821 25646004 21703468 21118344 25106826 25494584 24481527 26921924 25089307 22161417 27156869 21685560 21141926 26471658 25897468 24136510 26213686 25463555 25717721 23944160 25723163 26679372 23369478 21727263 26550132 22338657 23618937 22888992 24754457 23026180 23897504 24057533 24947038 26444130 26757597 23614369 24832636 25770170 25704623 24876838 22619935 21537641 
23831198 22158934 24139480 22213241 23321024 21495482 22022476 20982149 23117046 21879526 24199772 22339983 22969476 21925098 23321461 25865281 22767866 23633882 21900913 25092599 21345874 21850741 23701828 21652373 22927528 23494944 23418826 26126281 23505480 21363043 25268735 25627878 26660784 25827477 22240666 25079844 23653817 22946411 23647952 23310717 22050598 21772290 24398572 24620343 18736013 20881662 23466338 24303389 25671702 21746292 22501797 23761396 21002220 21887511 21346949 24103838 24997642 22602449 25242107 24821858 22075629 20707857 25711143 24124165 22348319 24283721 24692011 22552474 25343313 20830829 20630532 24168590 24171607 23309598 25137556 25600939 25782571 21675536 23873722 24961360 25013596 21602461 24796658 22636262 22877598 19706192 23105295 23386121 22699295 22968803 24965368 24472427 24123847 21750502 25687331 24385788 23020979 24257953 22239860 20888862 
27459654 26944752 29615444 27872975 29110604 28452012 26974087 26079244 29359126 26518832 30336243 27699228 25704400 27705565 27393635 27908325 25310768 29086571 25243236 30956685 24253804 26770376 29458615 27766922 27270481 27988048 27123258 31456163 29094316 26065025 27887234 29218260 30925771 29062431 26590762 30697782 28061108 28616260 28553061 27304153 24680140 25801908 28960276 30337967 23276815 26052662 29699961 27267573 29679502 27573454 27556096 29651439 23488156 27197784 26478644 28103252 30086292 26325854 29749880 28243242 26461381 26071114 31155951 29801825 27336556 28549065 28754106 28204298 31123018 26591917 24358992 28436723 29240996 27016856 31002260 30460068 29684322 27551721 28838404 29819122 29449174 27858202 29079560 25992457 28591267 25153383 27443668 29180400 27262695 27991741 28836444 31138389 28360646 27653196 30458348 30830578 28045584 28885147 26557681 25097788 
24710689 23802841 25724328 24660624 28778450 23044746 22496479 25495689 23500836 23258116 28273051 24961750 23736487 24263237 25693376 26248630 24110701 26471874 23223721 26356761 22960540 26415770 26972686 26446718 25759459 25545288 25494575 27110353 25738409 23410487 25705248 26976681 29379177 28631419 23958831 26647718 27559202 27181145 24627867 27741756 23901884 24526514 26445304 25565642 21351326 22129274 26033085 23894650 26051252 24918019 25567332 26915013 23706807 25540870 26786831 26604557 25847083 24295278 27127096 27145396 23922713 24135947 26219672 26842959 25880251 28797831 26383937 24433274 28723616 23181978 23424768 24145555 26331296 24779580 27302616 27523736 28740694 22723550 26200034 26530479 26936828 23499552 27649045 22340925 25129467 22410977 23319176 25561728 23362385 24832923 27159733 26739741 26942549 22780296 27283974 26154300 24801034 24658871 24705312 22900084 
25317198 22197389 23887955 22009671 24742000 21729246 22191057 21185954 23813494 23588212 26693078 23997283 23250974 24207988 23995954 23994527 22055173 25416907 22530380 26896672 23096040 24761249 25073809 24297105 24307701 24531467 23165318 27018763 23928416 22552730 23884803 24728459 25939158 26203659 23691769 23265742 23188125 24107120 26267087 25208304 22398430 24592047 24506207 25246689 18571872 24679230 23925999 23143693 25971468 23932006 23958132 23935801 22875491 23559200 23688021 25019199 25287245 22990583 26508326 25395184 25937062 22217915 25039586 25725510 24161231 25105058 25465761 23553184 28872038 21350154 21447502 25119113 25131049 24099706 27044417 25540468 25788481 22713976 25009486 25392913 25848076 22782309 26405261 21578685 23566177 21969881 23801349 25357419 23245674 23152461 24014964 25579318 27495733 22968729 24803599 24297689 24253513 24429485 24594655 23791012 
23398562 21830006 25653021 22482588 27396150 23769721 22955732 23618746 23549527 22953162 28109334 22702215 22567515 22782526 24942776 25291172 20784385 25571954 21275312 26616583 21444596 25262093 26093662 24401756 22896789 25662650 23500942 25317108 23823096 22646572 23485617 25225039 26335586 26996145 23000662 26236958 26272287 23856151 24247716 25396635 21271877 22705630 25077110 24443628 19519999 22547562 25203675 22940487 26098426 25551634 24105403 24588287 23050077 24301180 24603958 25246642 25246603 22148146 26002767 24749964 22002830 24053622 25280340 25923207 23814049 24817013 24696161 23114147 26450636 22621195 22606803 23973926 24767977 22261018 26851731 25480771 25985911 23947346 25304478 24617321 25179209 22854511 25362798 22309029 23431962 23827066 21922745 22543882 23048209 23226716 24888606 25192760 25167376 22249300 25236090 25797939 24543282 24423923 22146558 22097903 
22785171 21713299 22559338 21235680 23340998 21366781 21492953 21220565 22643701 20123046 24468063 21116335 21162287 20306057 22297861 21574927 19777345 22339462 20012657 24610764 20607222 22767823 22546610 21866994 21779625 23847730 20116648 24354842 23285485 21533262 21576292 23995490 25953636 22661020 21752087 22562954 21006551 20197748 23166848 21943438 20079900 20201220 23117662 22750403 18910580 19235022 23572390 20588357 24473225 22621270 20544921 22954326 20306468 22588781 22928831 22384967 23200683 20353742 25060101 22943023 20781559 20312552 21941917 22309101 21151852 24502981 23587774 22753370 24398907 21167000 20194445 21626754 23522297 21688040 23473104 23631012 22592417 21480851 21869399 22717622 23284669 21391231 22672211 19674095 23460452 20723072 19267219 22846762 22960274 23571213 22463744 24757576 24764920 20729875 22259728 23314889 22274279 21813000 21012986 19827653 
25249522 23208093 25888938 24581112 27707021 25654670 22933829 24060132 24395062 23556383 25842707 23734549 23053616 23673139 25145839 25551942 21712127 25829430 21282775 26115486 22534779 25930949 27895683 23108209 24183690 25594456 24893306 27306896 25233058 22904361 25344296 25542516 27016774 26754163 23184183 25403249 24728445 26166594 26171756 25839246 22071153 24961117 26162575 25125334 20683809 23536706 25522430 23215566 25851378 26939979 22825486 26360433 23059767 24291302 24605448 25727968 26064990 24396105 25793016 27099123 24621704 23444357 25917751 25826846 25129319 26085092 25411426 23686803 27841689 23179347 22675204 24446851 26126706 23269899 26109767 26276030 27489026 23605082 24795438 28037162 25966044 24319175 25825490 22873729 24858721 22854964 24357277 26876964 23523952 24502909 25967375 27855176 27524462 24462860 25340288 26614230 25196514 25794674 24057168 23057002 
24753053 21873337 25302815 22112278 26582937 24803813 22308726 24195073 23778639 23307574 27276308 25031570 23637629 23809263 24330612 24092706 22452611 24972087 22063062 26580408 22506046 26173570 26060774 24280587 23953645 25644263 25822552 26797546 25940596 22416850 23844755 25896734 27147566 28280599 23496278 26623342 25932048 25847266 26094831 26650454 23183972 24853404 25018474 25426030 20254084 22938211 25491752 23423150 25634865 24484065 23188397 24974173 22882348 24406257 23309256 27273043 25279722 22163604 26304425 27220782 23874896 23956727 25729210 24703298 25232242 25171314 25964286 23573532 27555789 23344304 23320553 23934427 25691964 24258461 25956489 26554119 26276277 23332768 26471290 25932531 24690955 23447904 25788006 22862946 23774429 22507070 24194080 25272383 24711804 22975898 25710180 26290966 27206098 22242139 25358323 25874438 23592195 24246651 23028266 22512599 
25663164 23744800 25737815 23984606 26269410 23289015 23169175 23879876 26197491 23902529 26438072 25264894 22784303 24281590 25775718 25187528 23005597 27370919 25002935 28413935 23326869 26213951 27263211 25484780 24258520 25721795 24596875 27972026 27462171 22317386 25934010 26124948 27758850 28241043 24849056 25190586 25844884 26185863 25958292 27161416 23007543 24440047 26452158 25379300 19623164 23743451 25962288 24435973 26302642 24818692 25257217 24838875 22343634 25794336 24051828 26819667 24864866 24180807 27854163 25909400 23822320 24139429 26830352 26110686 25824958 27474365 26611145 26218309 26966221 24194888 21927683 24873682 26982760 24370265 27035892 26814297 28757741 24305300 24811633 25864871 24544510 23498231 26952578 21745623 24734190 21693391 24500419 24838531 24944117 24786911 25353362 27090619 27474006 24347182 25695064 25912107 24327456 24393702 22836910 25412192 
23743020 21462344 25266585 22739547 24926557 23217739 23819042 21667839 24922339 21653537 26012325 22548459 24088152 22547751 24634971 23866652 21866677 24432439 22837087 25443422 20729216 26084552 25773494 22278469 25467088 25335854 24951266 26880620 23160281 22602384 26149209 26573387 26297334 26463059 22420071 23614689 24265142 25055828 24165471 25159552 23573801 23503253 26557696 24048560 19413886 22671489 24790304 23391722 25749470 24203995 23270628 24533589 21219346 24017680 24589180 26785779 26434345 23028667 26338728 24493214 23323564 23490865 25142159 24451870 25532704 25698024 25737557 23609596 26348933 22375153 21663308 26042886 24278368 22153750 27083655 25259472 26426301 21821056 25496731 24713941 24397799 21466701 27167434 21500102 24876664 20541014 22545559 23031353 23886464 24903638 23592933 27495006 25643266 24908534 23932373 25090240 25624136 24041372 22825279 22885707 
25254353 23986064 25946173 24688706 28440825 24458975 23406530 23812180 24699766 24079420 28498623 24356518 24914592 25164504 26130694 26310227 22352569 26696906 24546727 27960891 22150082 26295199 26509686 25487171 25568466 27138917 26757475 25801497 25794931 23944696 26497022 27223977 29930972 27682218 24489412 27582403 26188476 24794708 27094938 28434770 24048744 25279212 27050625 25919816 21410354 24129945 24946971 23589743 28075714 26391994 24920401 27319745 23566804 25693117 25866744 27790490 26622034 24811923 27414567 27263793 23340222 23728680 26495976 26673938 27171845 28229519 27557667 24073492 27541079 24331883 23068980 26623533 25496672 24087365 27199796 27265435 27176157 25708538 26537537 26145160 24686863 24295795 27040513 22186406 24269202 23647929 24078619 24535360 25034336 25518633 25709394 27774092 26810790 22439579 27676857 24941637 25471501 26902082 25024163 23355765 
23956809 20465127 24123241 23275985 25822880 24223933 22623897 22946739 24935889 20680231 24592024 22867131 23653849 22617682 25694557 22221548 20839127 24764938 21813051 25188760 22607753 24793281 25297010 23201479 24226781 24433134 22166888 26990387 23316890 22880843 23850068 24779056 26072810 26718682 21757630 25845033 23830386 23927069 23749526 25675974 23265414 24059797 25861508 23127948 20023819 22082387 26019403 22158395 25310124 23080474 23310783 25134964 21585798 24977180 24596503 26200681 24411213 24047787 25912815 24458497 22130914 22623594 25343514 24108445 25224988 25584245 26508493 23082137 27501641 22906466 21836003 24048148 24984846 23474211 27618761 25153517 26085091 22166773 24090077 24633592 24586966 22855000 26404321 20877362 23810064 22644901 24654133 24451469 23141887 23854352 23115770 27115818 25337647 22650999 23985278 26571357 23715711 23315172 21713225 21018987 
23804018 22010564 23678693 24026394 24605223 21264665 23857754 20288244 22639009 21413959 24420899 21529177 22719977 21936191 24306302 23661079 20675326 23664639 22365015 25384281 20420291 23055260 23846398 22033819 22846837 24219126 23586705 24137752 23234792 20764962 26357220 24261724 27029896 24225174 21292613 23779929 24288607 24057049 23151460 24587891 21593636 22616653 23782532 24810891 17579770 23233560 23588076 19951594 24641748 21595562 22096989 23924145 21520869 22860331 23641384 26146955 24536980 22232550 24007892 23229353 20064528 19898414 25613895 23997461 22904286 25557160 25419354 22852663 24991340 21006771 18761014 23932469 23106383 22419637 24915587 25379735 26053303 23039955 22591798 23128480 23374658 22046442 23663656 20153842 24087681 21801610 21722168 23807636 22212335 22954272 24491203 25109603 24400077 21681011 23773938 23504720 23051491 23224412 22520958 20623378 
21805346 21497876 23663536 20255435 23667752 23063465 21420152 20567929 21819913 20272112 24164583 21767208 21852205 23213625 22153635 23711545 19900864 22921997 21576279 23669529 19758180 23491866 21720485 21923677 21830932 22750598 23163289 24199313 23138076 20486622 23309210 23781672 25561273 24024654 22271965 24082957 23516607 22758756 24871613 22813681 21243862 22315545 22009052 23084863 17067075 19739947 22995452 21634566 24715476 23412607 21992998 23901849 20475484 23063307 24223037 23555328 23818079 22470346 22323756 22870620 20890099 22375159 24797587 23649738 22898803 23137041 22572576 21690061 24618541 21269733 20008293 23170594 20951366 21349683 24738557 22887734 22999505 21258222 24613901 22170884 23951410 21922249 25304604 20915392 22227783 21689752 20035266 22324696 22267005 22543227 22169803 25170296 24930482 22383474 23629663 24888646 24124212 22612157 21675480 20900464 
25838513 22669355 27006792 24316251 27211344 25412299 23995782 24121505 26431232 23955663 27658172 23689618 24129885 22898901 24952801 25331382 22408898 25231158 22761323 27520499 23895968 26068834 28376143 25329094 24342420 26077606 25911708 27570472 25767192 23347859 25958280 27215243 27875006 28439740 24775525 27599193 25653044 26207240 25874940 27444059 24163207 25066480 25496248 26951192 19611673 24389089 26494555 25238384 26962606 26851064 24888249 24518888 22845215 26003949 24932208 25456637 26187322 24737879 25910510 26158105 22428231 22883716 26531269 26135794 25475149 27440788 26744115 25212012 28755039 22631387 22473342 26205145 26153258 24764866 28576056 25647727 27588046 25133741 27198546 26770707 24296983 23989533 27167358 23356952 25704863 24488830 24912062 25337348 25579340 24741575 25966237 27806789 26890891 23821305 26856099 28337713 26629094 25165122 24080654 23926829 
26355464 23540627 24082010 25321411 27135232 22970442 23075580 24371820 23751439 23844212 27098794 23288006 24982169 25414375 25859683 26635388 24990413 26689796 23139788 26526022 22618046 27363599 26447291 24967102 25682284 25287622 24438925 28348649 24346956 23231469 25587342 25108527 28098548 26510679 22850837 26988083 25903336 24841342 25089296 26661873 23504746 23461780 26543353 25132522 20503771 24113659 24716352 25060104 26791509 25101190 24107215 24796911 23862261 25870419 25733863 27134925 26224569 25232876 27161376 27188404 24204768 23622573 26363010 25473427 25746154 27724153 25564687 24109567 26334710 23457973 22769214 24958750 27510908 24229816 26508489 25710910 26769920 24814886 25830700 25547077 26610974 23421243 25485553 23320757 25186321 21412258 22358965 25364863 23815067 25070033 26904673 28891294 27522106 22589108 25821605 26906565 25415574 26060798 24848031 23635898 
24856633 22152688 25893337 23894162 28064692 25295448 23513672 23434142 24752608 25028352 26461272 23648340 22275090 24102750 24964408 24631833 23333825 27095735 21738452 27085770 22466262 25365525 25578150 23947810 24816842 26666208 23778190 26777791 24556201 24651718 25621313 25540430 27111357 25733710 22739840 26358004 23830256 23903929 26260673 26430189 23169810 23972613 25327337 25440791 21862616 24799673 25544208 22843249 25884224 26192227 23728228 25909732 23590452 24073904 25238237 25443725 25470858 24413254 26953479 26659533 24115238 22141214 25947121 26007495 24904745 26086282 26356183 22989961 26899868 22919193 23165028 24321716 25601976 23615386 27500467 25699580 25884092 24468204 25692202 26593924 27015022 23351755 26713078 23072571 24390700 23559282 23525344 24708791 24784717 24824050 24559100 26914273 26880052 21400931 25340025 24529110 25951998 25537575 22995195 21976336 
25568164 25466302 26623136 24697183 28533242 24656855 22306577 24222330 25935317 24476968 28647152 25462949 23178904 24542793 25849743 25119276 23150697 26841318 23605830 28577041 22146335 25902482 26196668 24540827 25564198 26894160 24743610 28291076 26255325 25187905 25640894 25955218 26986098 25759632 25629925 26618984 25524087 25425152 26446904 25466359 24416437 25893761 25565556 26296272 21057855 25497314 27148519 25913186 27123768 25813910 25181879 27481772 22799451 24004084 26367255 26704547 27178962 25184243 27197194 27703127 25406827 24041855 26827879 25734648 25880324 26862239 26183454 25223198 28941113 25164502 22639398 27050294 24667003 25020181 28380076 26966265 26457037 25540911 26068247 26692554 26113073 24749511 28209309 23334143 25568294 23046202 24887946 26623365 25236131 25826295 26109242 28843181 28307036 25245860 27911975 27241851 25329718 24708337 24752495 24997483 
25883932 22845010 25781868 23752450 25076075 22777354 23117625 20544442 24384144 22196172 26075473 23907594 24452828 22990618 24263902 24919144 22766501 25531758 22326453 25759588 22870663 25523253 25899722 23661867 23232910 24721965 24794893 28015123 25530221 23503930 25774244 25674180 26804544 25650451 22618213 26281235 25809887 25323001 23567610 25461734 23325745 23369540 26589501 25548171 19480417 24424619 25830481 24206365 26174901 25145559 25175823 25546400 23619850 23727098 24517492 24902797 26261420 25646979 26206014 27307815 22849611 22190867 25131836 24439680 23147486 26255983 24944426 25317180 27447246 21941630 24247873 25567983 26463251 22820069 26909138 27054383 26197753 24313618 26190366 25508425 25863066 24240738 25586721 22944094 25275763 22746681 23781100 25994785 23834525 25184505 25137596 26807025 26966825 24209759 27525843 26652975 25401641 25964370 24149991 22591826 
25515939 23130839 27573867 24506600 26680784 25004798 24799114 23410400 26630678 25958225 26805817 25317874 24221720 26034982 25296284 25071722 22819122 27141327 22659128 28153029 22748799 26213006 26269571 24892083 25551833 25969169 25616184 27137676 26263345 24843450 25493953 27688146 27618189 28963925 24367948 27495436 24758977 25098416 26338762 27246770 22510031 25877807 28268330 27501033 20814565 25352574 26257688 24877952 27132893 26239227 24810572 28740156 24003096 24458870 24524716 28273444 26300150 24918271 27165360 26536058 25117978 25651140 26708603 26953344 26540065 26169915 26981324 25887714 30134123 24006654 24876866 26762605 25907139 23872571 28150400 26628120 27584527 25724780 26761264 26885589 26241131 23147512 27422439 24466495 25298925 24869929 24633778 25776162 25870025 25399772 26349031 27998388 27077199 24149893 25857409 27339051 26608264 26407134 22919523 24541089 
22606001 22382363 23642548 21491191 23254508 21274794 22550131 22373371 22403875 20857446 26322268 21489619 22362067 20382630 24013808 24349618 19837520 23336869 20269109 24963150 20103687 22127076 24108635 22719636 20842349 22427119 25128444 25176482 22748553 21282025 22514008 24253408 25362587 24533529 20835977 24850965 23490516 24857049 22087582 24044073 20049739 21923561 22382099 24731265 17453401 21210019 23723063 21653204 24916573 21149726 23234968 23308116 20843860 22293060 21302169 22594479 24647582 22336535 25725606 24202556 21196488 21291473 23874408 23885678 23112870 24108095 22987417 21899181 24189183 22078521 21772590 22826244 23465694 20875362 24074566 24677296 24260438 22979502 23270346 24364631 24246727 21826048 23628104 22278161 22796833 22275673 22417800 22750345 21803370 23038580 23237284 24230962 23224188 21715435 25599940 23156060 24112528 23899041 23400941 20632984 
28222482 24626277 27028436 26139025 28877815 26610059 26027637 25255700 26805820 24852778 28255230 25191543 25679736 25483528 28958932 27773968 22984637 26478865 25208656 30782132 23202276 26245861 29469395 25988289 26832012 26973011 25653419 30441633 26177827 24153416 27815351 29261703 30538812 29458250 25363602 27740280 27146338 25694812 27837736 30201391 23536828 26101580 27600939 27158485 22297145 26959268 26727581 26207827 28233466 27171344 26473603 28364146 24936576 27162227 27565276 28204456 27633414 27059956 28409630 28465990 24299645 23489202 26735209 27550172 28006952 28035279 28441724 27798142 31227953 23383519 25449494 27811951 27577311 24594487 30547136 28472048 27152690 26997661 28369014 25782292 27440535 24141068 28679301 25138587 26553514 25056009 24979838 27922000 26766181 26823264 27803600 29224531 29835060 25225565 29660271 27737384 28299934 28503315 25430457 26339597 
25199782 23733600 25986381 23630768 27791885 24964952 22887062 23539893 25503647 23893214 25811943 23312187 21437726 23207777 24475442 23891594 20425071 27111693 22059290 26603662 21112467 25715704 26581061 24199629 25572243 25717453 25011356 28671648 24314331 22386473 24592698 26065144 27139018 27659058 21667873 25960431 25222961 25673018 24444083 26941545 22228582 25134130 25787703 23758068 20908930 26137706 25366724 23077926 24855147 26025006 25138662 25723057 22688441 23796656 24361305 25147952 26162599 24834935 26275259 25533595 23009850 22490995 24498760 25932997 25351340 25873301 25230429 24142398 28635315 23036717 22806931 25929796 24294961 22405884 27297037 27082706 25525742 24228679 26269258 25607312 26346357 23757227 26498307 22687627 26124878 22883925 23958896 25744854 22864955 25328078 26523385 26861468 26832564 24475100 25938320 25041921 26526129 25248924 23533234 23248604 
25365121 22276721 22576783 22984944 26076474 23983647 24050652 23127342 23753797 22608643 25672245 23852113 24410408 24967685 23900246 24598505 20078217 23908189 22094615 26301036 20718423 24102072 25236756 24267335 24236123 25632935 23752487 26957501 24354476 21422811 23633199 24079078 26522465 25059786 23139526 26525841 24362679 23242614 25125209 24915202 20894273 23061145 25320507 24635360 19250470 23627605 23741753 23124865 24786395 23437580 24267334 26479366 21679094 24092959 25635240 26300794 27170593 24678940 25884431 25290733 24000654 22411440 25679275 26399121 24290842 24397831 25087504 23050446 25652746 22566354 22573604 24638087 24965479 23092904 25487821 25494658 24247036 24345563 26017036 23465187 24598475 23025466 24772702 20736218 24863419 22238888 22877495 23774043 22925612 23660149 23045915 26616691 25610378 22271359 26188095 25277002 23616672 24810307 22537475 23374903 
24908430 25098464 27207841 25552429 28116348 26039277 25338920 25369021 26036581 24532777 29681471 26097518 24732144 25599231 27730978 26085946 24574053 27691902 25257110 30122668 23735835 26600861 27729069 25964488 26928401 27017950 27220199 28190300 26613025 24779763 27780643 27850806 28004698 28659120 25491104 29546209 27625779 28421096 27087578 27170449 25330170 26880770 26465574 28292102 21140965 25880922 27344225 25173798 28222792 26750757 26445267 26668551 24352232 25829658 25274264 27310944 26197871 24705424 28759783 27507377 24136457 24100996 29344744 28083550 26708274 28263268 28622123 26078191 30235273 25067435 22345491 26764189 26381314 25304704 28837005 28143335 29301496 24879868 27755567 27117745 27603056 26311859 29209027 24274061 27696646 24282052 25454702 27854754 26036998 26763469 26962492 28745681 27922476 23987025 27409269 27064759 26832170 26047683 25497679 25562318 
24696778 22293933 24702140 22220069 25779232 24322607 22530399 22216465 23749291 22133077 27513695 23447021 23122931 23860104 25137868 24890208 21167134 23982665 21349414 25137812 21916013 22768018 26370223 23043731 23234992 24912558 23028619 26023721 23994074 22632281 24008519 23892074 27191915 25311364 22135158 25868076 25908263 23805573 24672553 25174328 21395625 22990529 25635908 23573254 21592485 23843374 22764121 21127870 25105211 23765320 24285247 25175283 22173938 24156492 24355929 24172519 25201589 23413557 25899052 27051385 22217304 20342354 23511766 26164480 24443538 26393742 24265726 21407883 26008236 22945029 22138810 24860917 25604460 23160978 26281935 25221620 25749188 24398410 26145535 24877813 25331677 23932086 25788384 20410897 23612771 22198940 22798071 24028162 23561679 23563308 23691753 25901469 24881410 21072834 25868594 23107995 25245671 25110889 23290310 21439020 
25542829 23609102 25144448 22838477 28018944 25067028 23243136 23520370 25824721 24405776 27895668 24352159 24630241 23087852 25151357 25288735 23290769 26658558 21924686 27319268 23228892 26230737 27764063 24400722 25490804 27481294 24671457 26607080 26649612 24602937 25577735 27120007 28061508 27024865 24161674 26006093 25038860 25765669 24449378 26512921 22818237 24955732 25999526 27165341 21687784 23061991 25940761 22899762 25466310 25999381 24492663 26741470 23109319 25886398 25973387 25804641 27008642 24302476 27044782 26462936 24771519 23423159 24696035 26138255 25404797 27684353 25779629 24639416 27424436 23383978 23611189 24695518 26629717 23633324 27640812 26243105 27912650 24119788 25981235 26264673 25585714 22921244 26347425 22801720 25424196 24015898 24094964 24934709 24071676 25486399 26365623 27221352 27624296 22986884 25436898 26653826 25572040 24102818 25290378 23359159 
23247663 22060604 25244866 24320529 26897972 23285748 22804043 22600807 24150452 22143532 27317175 23104218 23161510 24214063 25149046 24244553 21560899 24348680 21429033 26241447 21375961 25754536 25656991 24086681 24494652 25015421 24818724 26079225 25451996 23508134 22363846 25487397 26688598 25618662 22665689 25273491 24755111 24899714 24916983 26929925 22757753 24496492 24995873 24738982 20960961 25343013 25299942 22668542 25231082 24739067 21860874 25729537 23960051 24723172 25110955 25485563 24721199 22291101 25274798 24677370 23154769 23038615 25167613 23967892 24641004 23708871 24593037 24980871 26312395 22580688 21648697 24900909 24856061 22815175 26714583 25705612 23724405 23859148 26883410 24798139 25121892 21187225 24428221 21238816 22623541 23643830 23622824 23361688 24356180 22414909 25818111 25644226 26384773 21996217 25024837 24867765 23480169 24123267 23347939 21961334 
22760509 21871881 21668903 21868519 23586710 22186324 21366563 21086629 22917761 20851572 23852871 20629995 20202174 21568512 24659668 21565436 22021493 23692450 21531733 23720801 21163614 22952212 22402047 22260882 22411817 23564508 22155516 25081806 23262497 20964482 24019728 23240630 23940466 24592892 21855922 23364437 22615438 25999356 21274032 22913868 22494274 22009762 23835426 24094973 16768644 22157095 24567054 21184727 23637676 20168567 22648120 22462053 21062129 23836710 22698784 24267217 24527116 21887115 23763868 23984086 20636396 20222362 24053527 23634949 22961298 25662072 23212720 22415755 25966813 20969689 19022254 22282754 24745687 19831097 24249136 24340092 25434078 21298081 22585798 22354971 25745530 22243451 25124549 21791876 23413654 22187066 23103881 24112554 20432173 22507429 23755379 24894660 25472314 22444418 23397906 23532721 23903527 21875937 21502950 20594397 
28189222 25522737 30054919 26138523 30282871 30118197 26305383 25116597 29493320 25896671 30230647 26413730 26682814 27003488 27309844 28034280 23178756 28295850 27007480 30739861 24925732 29662495 30503540 27647039 28580927 30405428 27540359 30704124 27211901 26932589 30016298 29595194 29913563 29755673 26167150 30053746 27834539 27162517 29067998 28317605 26946761 25491592 29766115 27406267 23187831 27204976 28530109 25791468 30015919 28765891 27021044 28141167 23991437 28450352 27703344 31075510 29217520 25516873 29172893 29431007 25072185 25767476 30425680 29169141 28699683 29159620 29727452 26611687 30338575 25450506 23734155 30220121 29770606 25991058 29261697 29661002 28948321 26407078 26725532 29847280 28035004 27021290 29892882 25237770 26854341 24525592 27041733 28182451 26289617 28969823 26755516 31298950 32336430 25811453 28117367 29527601 28783615 28231592 26667139 26439887 
23393132 19615774 23104005 22789767 23219341 20729196 21722176 19702349 21776919 20408550 24449643 22148533 22578780 22665335 23037430 23352502 20082695 22691340 19665898 23669798 20564564 22422373 24626015 21475205 20072191 22411709 22718605 23720118 21980318 21651925 24033758 21508804 23480935 22598261 22362001 23682385 23666086 22949551 22725421 23966688 19947981 21830671 23341371 23810845 16912277 23198638 21939482 21730284 24127958 23542370 21831315 22291775 21358585 23297119 23448858 23280703 23810249 21483646 22979040 24127513 20631478 19158429 23417866 23561359 21530764 23339914 22841230 22054701 24871596 19870719 20910738 22470635 23870644 21545056 24978946 23434810 24869641 22418234 23457856 22803272 22041002 22677182 23045907 18898468 22659427 21326366 21061958 22804100 23836403 20970465 21856296 24733954 23933015 20948575 22993490 24827850 22403813 24336559 20294272 20511471 
23587032 22992335 24241202 24364766 25823398 24761162 22988013 23882418 23690023 22657022 27074721 23192944 23763234 23268664 24637253 25138945 20652401 22976992 21893365 25923875 22050867 24797590 25481802 24459780 23283168 26631608 23981940 26985358 23917324 21555255 25017287 25569874 26436897 25694155 23448822 24912993 26565919 24870317 24849888 25251375 22625689 23235156 25813322 24193056 19714665 22915131 24369854 22534578 24263208 22904419 23993878 24172494 21474333 25014762 26061583 25504943 27569089 23673675 26604292 26813662 23226210 22887742 24555000 25781507 24085972 26404225 24495161 22476781 24719033 23823564 21937115 24494407 24560038 22721403 25982139 24674391 25893493 24352670 26401211 23223203 26007764 21618849 26737032 20706603 23363024 22291564 23293695 22978787 23478677 23721140 26842953 26573247 24905539 22719697 25155222 26644623 26362418 24565327 23451374 22180186 
25184885 22189628 25409421 23358023 26185003 23513769 21837760 24979088 23718090 21259626 25940208 22504890 22730963 24246686 24351957 25529876 21645380 24893789 22037975 26104279 22153455 25710351 27036557 22572591 24285227 25268746 25375412 27364185 25810169 22100924 25052710 25252963 27114651 26607128 23663966 25792253 26531362 26937171 25623009 27158553 24669419 24737808 24336365 24115820 20623130 24161320 24785142 24109400 25777879 25639011 24895264 25429549 22166387 24976511 26485897 25786730 25693336 25781578 26810159 25783979 25183977 23855046 24888409 24762445 25586137 25689421 25068218 24321501 26583820 24100023 21023558 24712709 24454999 22911380 25626900 26235210 24938583 22405520 25482743 25954701 25778397 23891040 26570171 21620947 24220041 22494790 23432269 25139020 22652826 24607396 24478957 27003158 25923232 24274063 24704300 25923512 24415663 24556170 23641443 23357314 
25754199 24854717 27565194 25915049 27827951 24724781 25636970 24156255 26262611 23975762 25985169 24660740 24168682 25438387 24332548 25219593 22099500 26404233 22896479 28140937 22898514 25996147 27298361 24638648 23258925 25799923 23680682 25869349 27245766 23432894 25867297 25910878 27227145 25944757 24326447 25811651 24847968 25123452 26355842 26479063 22567168 25099567 26515693 26513806 20901823 24627410 25438872 23470374 25759602 25967176 24109322 26999614 23600459 25515337 25540565 26873108 24884084 24038102 26684532 26044156 25447917 23030068 25913716 27571592 24839004 26181644 26878776 25337735 28422955 25721509 23915083 26145176 25495215 23582218 27250613 25318171 25754867 25516771 26222929 25422857 26762620 24705264 26878066 22506308 25880500 24248673 23441164 26413196 25785272 25059398 26768691 27217830 27680932 21977762 24120955 26759494 26533633 26259338 22840539 24249285 
28868256 27068796 29677693 27614640 31079507 27086255 27728034 26711828 30856972 25951461 29986144 28419964 28571199 27433252 29100359 28147072 24809171 28078222 25375980 32023623 24647758 28144986 30977262 30063129 28193074 29524406 28332467 31410421 28528664 28145091 27621146 30185641 31674315 29664499 26871456 29284076 28611203 28064611 28926792 31364680 25142677 26956399 28626483 31213903 22253318 27208522 31103664 25929004 28399367 28118996 28257076 30948779 24856517 28748940 29210569 30086816 31259707 27575804 30845028 29791765 26444370 26110095 29184358 29164305 29115355 30409252 30575989 28371851 30803891 26306562 27401158 28492596 28602546 26547984 31983765 30586261 29074999 28511209 29586056 28598199 27889270 26533890 28926844 27373943 28299767 27194577 28561740 28236380 27242536 29269409 30366408 28661764 30124697 26779416 31715596 30539581 28550453 28992611 26134121 25410373 
24894929 23793516 25424685 24313071 27185830 22539316 23086155 23830241 23807305 22341198 26611424 24081449 24638480 23718895 24806963 25706356 21863627 25161770 23256588 26971902 23885810 25171765 26471534 23635991 23570683 25298555 22424350 27092889 24789118 22909772 25999345 26740938 26586974 25220315 24081585 25167367 25423254 23691297 24909550 25702431 21450300 23298660 27187078 25744982 18875230 22432905 25548708 23908735 25941610 25757573 23816718 24037730 21607459 24542038 23833376 25943275 25930170 23194842 25945503 24229060 22389680 22086087 25290253 25929305 24591971 26072775 25084308 25272725 26789564 22801568 22093358 24931381 24700666 23682586 27839904 25785844 26800400 23336293 24559250 26236296 25477738 22891050 25751456 22147953 23257985 20958096 23488311 24898409 24299932 24067633 23102786 27604635 26652639 21887423 25881500 25829951 25339502 25708761 23483350 23667754 
26260763 23988690 23794873 24539512 26455520 22915768 23816092 23545245 26024619 22325079 26576237 23614918 23501643 24244796 27196000 24925916 22116236 26457855 23310250 27752127 21576451 23746907 27299311 24056783 25072025 25365015 24131656 28196155 25820335 24592088 25327908 25671036 27597433 25626188 23762259 25898808 26815206 26217809 24865985 26429544 22734407 24039262 26437590 24409244 20385636 24129575 27507664 24139212 25979697 24324183 24776706 24624049 22144377 25932301 24605625 25871643 26360300 25764530 25428494 26545036 23430834 23265993 24767256 26715640 25807772 25374628 26059723 25582748 27382591 23023366 23076832 25467419 25283163 22231754 28393541 26454945 26281035 23586994 25943240 25074502 27342268 23806834 27014671 23528776 25858961 22926296 23792161 26203786 22426996 25060198 23984178 27916134 26135407 24315345 25879531 26620203 26434256 25832987 23930941 24688772 
22684523 20993345 24110398 19584442 25216338 22862118 22188859 21718117 24156283 21791425 25093601 22375942 20909750 21975124 22854698 21607497 20371375 24190880 21274676 25617272 20580794 24098941 23430272 22393185 23397242 24204179 23028860 24076612 24192068 21831617 23390494 24915356 26073738 26420958 21300904 24538479 21424205 22485970 24369759 24511575 22294321 23396475 24294375 23745679 19533559 21160725 22194306 19381186 24219485 23299036 23734455 24475911 22164358 24073527 23533439 24453965 22375844 20483292 21983672 22830868 20868196 21931424 23771620 23964686 23998449 24697760 24304794 23656573 25963351 21903114 20623835 21275830 24487817 20771691 24263877 23761480 24037022 22768711 22896472 24084583 23750695 21743734 24527277 20573795 23511434 23008374 21973601 24031756 22001238 23975573 23367934 24888939 26284319 21333481 24079964 23111617 23711887 23093978 21520266 19897491 
25781336 24696400 26142845 22915969 29305972 24142181 22425691 24687780 25926774 23230687 28311444 25303301 25265009 23820711 27654090 25636872 23453304 25066477 24686140 28064575 23538244 26254284 27802474 25991730 24530548 27280887 26537264 25401325 26493905 24695162 26633645 26262383 27886811 27721527 24418895 27966225 28180107 26526670 25598733 26855172 22894891 24815129 25668521 25417866 22082933 23045232 26470829 22082312 26942415 25756556 24888620 26724808 23737303 26180239 27091140 26548916 26692429 24951868 28205565 27276922 21969278 23224865 26054299 26709443 26737467 27894807 25748138 22957481 27422366 23973396 24864830 24794063 26806135 22963947 28082949 27410166 28560964 24316939 26359974 25768183 26305381 25242801 26006135 23107158 24557147 24009777 23060687 24230160 25541272 25020103 25045238 28047358 27623562 24031493 27033197 25482097 25168783 24913280 23724720 22846970 
23649473 20713502 24672400 19593084 24797704 23359836 23734063 22336222 25471755 21232404 26220483 23178712 21768796 22938797 22354992 23659037 19867968 24546947 20123739 25040487 19688745 24140476 26141251 22419019 21840888 25026202 22814544 25773620 23047184 22771080 22404066 25356335 26877063 24190624 22687150 23620265 22748519 23173126 23578356 26038956 21147691 21546146 23417296 23017900 20118263 22406149 23560879 21676722 24105557 23891729 23183546 24493945 21393407 23139431 22884516 24881595 24722872 20524485 25567542 25304206 21209670 23008486 22888430 25270549 22699089 24045840 25749345 21940557 23667006 22355158 24120654 22344906 24159120 20641257 26297696 25972291 24468775 22908715 24666595 24926065 22499097 21067694 23466446 21034075 22118184 21290670 21692570 21967090 22417932 24512463 21971840 25209431 25015742 23142031 25390396 23101395 23686731 24462561 21317738 20767992 
27514820 24612255 27340036 26026144 28720089 26335972 26385430 25418512 26181945 24696776 30022687 26124457 25115868 26193135 27473659 26639971 22370437 26634078 23937623 29513283 24368960 28548852 27099762 25701367 25242120 27267997 24905808 30585706 25774635 25102204 27685245 26146097 30420484 26124578 25665941 27436894 26705519 26108289 27442920 28606162 23958527 26262838 29132784 26724177 21725469 26585108 27157745 26160188 27294582 26360360 27215033 27590216 25068990 26194640 27535340 29106921 27002595 25712522 29117476 28324470 26306194 24515581 28363443 28368091 26007151 27203012 28076260 25033179 29588860 25164047 23240272 27701646 27479651 25220892 29265157 28871514 28710580 27641644 28243753 28506816 27890275 26070371 28640426 23149125 26181777 25361939 25235229 27480509 26525433 26752048 25171557 29557680 27039846 26548671 28812991 28936966 27166753 25964358 24305732 23695675 
25516324 25478700 27865630 25149438 28450950 26415395 24864352 23791103 27080839 24646933 29330012 25668437 25964720 25926695 27508919 27195730 24821576 28272638 24530417 27543710 23640680 27545520 27728223 26546857 26454385 28348225 27064803 28691003 25923473 25565287 27527716 28507954 28886771 27251850 24236640 28168091 28333139 26947073 27091055 28704289 25031869 27386108 28198678 29025452 21909622 25788767 26946589 24423620 28568325 26042328 25442369 29303429 24940190 26689429 27673005 28393903 28484074 26035752 28651767 30149489 24613788 25217715 29437563 27022423 26059784 30134598 28267153 26822352 28460133 23810727 24639848 27440837 27827469 23160414 28553896 29670370 30412060 26331652 28067206 28462180 27917437 25919917 27942152 23364147 25306329 24487295 24585363 26450411 26701939 26696605 27274081 30111209 29862742 25939026 28748738 27472394 26178544 26937962 26364223 25289989 
