2393789 1349688 2526032 2290949 1525454 2847912 2215444 2103319 2563992 1843126 
2529370 2225221 2571495 2075965 2188202 2228699 2439889 2503312 1796075 2336118 
3749211 2397441 3739770 3347222 2799962 4053592 2987717 3477616 2908356 2969871 
3504474 2242592 3511529 3212734 2669865 3504806 2710254 2924880 2679785 3154052 
3236120 2109856 2987125 2518036 2734243 2845744 2386281 2798062 2082434 2421647 
3367544 1881959 3058530 2679248 2753861 3116113 2426543 2542059 2699450 2684169 
3220944 2018502 3133407 3246976 2345154 3487148 2889958 2525806 2779038 2597443 
3081869 2087533 3407380 2658777 1964946 2923191 2547977 2370618 2516661 3045568 
3440266 1184879 3423622 2693299 2302596 3624151 2684713 2082179 2453325 2943794 
3741687 2670143 3765736 3210592 2877754 3555142 3054346 3293034 2799552 3233851 
