572 337 212 769 916 938 140 134 686 65 253 367 889 681 600 785 973 666 205 821 883 153 473 775 294 713 174 590 22 42 930 757 182 671 424 809 109 794 58 787 86 659 252 970 992 357 372 882 833 644 472 400 892 278 426 661 786 270 278 292 755 367 587 789 897 58 475 947 376 812 636 608 322 776 776 112 82 396 338 839 267 581 424 498 53 859 876 607 673 949 200 213 859 525 633 71 469 851 812 323 
936 190 460 821 933 804 966 128 797 33 558 74 638 409 162 830 418 555 305 308 50 410 549 426 70 812 27 204 256 316 898 115 406 906 950 440 950 855 572 820 718 7 789 690 441 913 964 418 283 41 255 863 400 792 184 661 918 975 325 338 688 587 610 623 966 674 151 1 622 977 129 932 867 545 614 982 732 198 201 409 793 554 276 366 543 249 688 607 87 129 90 695 150 85 904 682 202 507 168 744 
400 558 834 595 103 676 552 241 891 769 15 385 890 868 323 260 448 191 141 442 950 322 677 476 230 426 749 69 120 882 294 591 650 649 655 132 841 579 196 671 765 917 960 426 413 74 508 518 14 255 953 972 452 8 115 424 155 552 453 630 236 411 121 459 618 110 749 146 635 821 352 893 281 705 395 249 50 847 109 604 889 321 7 614 565 92 136 775 820 31 573 310 37 708 7 336 798 435 227 412 
927 327 256 400 25 143 785 524 922 741 733 328 825 387 335 13 750 722 930 895 4 554 696 783 297 77 650 394 517 155 115 801 143 908 299 436 795 608 761 86 781 455 936 576 549 162 527 205 1000 294 152 739 629 21 235 737 729 976 901 573 653 521 331 28 705 49 303 464 826 948 408 501 270 375 422 390 753 82 349 237 242 542 976 571 666 257 182 411 591 596 668 82 182 109 478 340 579 948 495 386 
96 461 346 268 109 942 603 946 334 526 613 789 376 85 647 659 749 491 98 103 909 673 545 464 37 573 341 524 114 53 283 138 253 458 54 394 666 147 320 105 203 32 990 998 677 538 534 985 185 258 456 685 692 498 399 15 524 645 775 577 590 327 705 912 48 879 917 14 449 848 601 910 862 320 923 52 286 884 112 980 793 43 285 790 785 469 426 357 955 332 791 221 597 897 746 142 43 268 466 82 
688 90 443 737 943 195 571 502 55 297 462 57 208 511 591 801 500 298 45 945 652 99 446 843 543 620 980 582 237 144 832 615 599 685 106 375 113 435 126 613 279 238 586 200 16 87 403 750 816 38 707 440 843 797 396 630 90 476 763 706 441 674 396 185 237 754 779 957 764 36 315 643 888 959 594 154 852 1 305 760 581 679 994 678 333 320 834 300 961 35 867 662 537 206 506 16 276 387 891 319 
819 959 643 715 276 692 679 779 886 200 463 282 191 38 490 665 425 704 430 714 320 80 159 1 767 447 929 158 952 256 85 603 581 234 295 41 348 800 829 873 663 805 981 621 925 277 577 830 316 815 697 382 138 271 329 405 23 228 495 287 657 607 393 242 815 344 622 274 112 375 445 904 618 828 134 623 630 599 982 374 714 765 709 563 892 530 943 45 416 661 387 290 237 818 78 430 575 4 509 611 
7 73 419 196 225 944 954 788 68 883 236 431 319 505 222 997 994 403 197 597 778 206 338 601 427 668 10 15 470 943 133 129 419 289 770 120 606 296 163 848 827 182 121 180 946 979 378 640 78 272 204 273 929 341 161 764 333 838 519 861 235 738 52 30 679 145 914 27 886 855 186 504 839 714 873 750 475 992 637 60 697 810 496 675 202 258 892 8 57 415 311 783 678 47 746 984 362 5 871 698 
965 611 550 717 630 103 750 646 486 786 585 306 96 828 346 898 761 983 126 297 392 748 769 386 672 902 129 968 958 774 32 186 471 130 859 7 399 115 844 292 419 229 525 718 850 642 682 294 670 324 560 678 373 313 994 358 400 616 981 638 651 125 622 146 510 57 957 41 945 112 515 426 512 73 598 964 487 843 27 535 646 419 561 916 988 533 941 777 428 322 651 1 430 125 858 418 883 986 354 567 
155 290 30 593 976 480 470 734 145 175 650 635 382 882 831 313 492 565 460 782 394 663 912 511 638 640 197 273 391 325 245 98 928 115 738 515 205 304 481 951 554 34 401 476 193 794 447 784 42 364 738 9 612 513 857 108 101 855 723 739 69 140 183 289 558 85 686 254 771 413 868 603 531 4 789 724 296 340 874 178 553 867 312 412 13 171 741 972 440 568 818 896 732 816 94 963 952 834 113 11 
938 74 525 360 472 147 915 220 126 688 709 249 774 741 669 883 328 490 1000 995 935 424 138 669 222 83 46 511 960 637 133 399 65 42 223 643 989 548 678 536 747 843 101 594 229 861 283 363 11 542 519 648 986 591 178 87 6 606 476 266 868 471 553 495 644 974 35 631 665 493 975 175 835 14 985 293 573 498 579 67 360 303 502 251 678 235 521 282 258 620 559 639 135 119 135 152 361 863 11 231 
376 330 913 250 365 894 1 435 381 535 985 115 704 128 232 724 264 808 209 294 257 556 655 175 861 50 36 526 303 861 169 637 37 176 470 782 508 127 454 675 0 540 222 592 153 555 294 554 592 608 599 159 567 843 198 750 91 602 346 756 435 0 1000 37 667 280 247 685 458 9 937 536 684 922 747 968 49 259 774 347 552 83 586 975 215 679 466 160 376 827 130 994 612 866 607 36 66 586 966 122 
994 331 574 499 595 874 871 430 394 527 658 838 710 543 412 390 24 274 130 106 935 117 760 802 345 419 639 107 425 778 109 999 350 537 61 806 588 687 470 363 500 122 379 880 618 634 904 371 974 41 296 493 912 568 394 364 288 278 371 375 805 619 587 141 762 110 201 855 692 973 757 86 739 567 102 879 640 484 373 695 443 106 325 64 724 443 735 106 31 439 149 600 887 504 271 752 974 714 90 266 
621 17 579 139 776 925 267 87 130 817 80 406 478 816 874 26 43 296 703 50 793 601 637 930 854 632 879 954 562 115 487 953 803 569 172 845 919 520 545 804 923 439 407 41 858 180 954 210 411 769 840 105 862 46 226 715 147 380 280 868 246 801 248 483 170 322 892 469 452 206 487 551 595 493 808 908 452 477 988 467 858 948 814 815 208 224 559 989 13 275 191 487 638 179 831 218 688 448 732 570 
994 530 343 66 686 129 896 813 90 887 410 407 64 705 334 573 889 617 407 863 153 239 641 506 585 783 482 266 904 133 299 168 57 555 42 724 420 976 42 347 565 681 842 998 429 645 194 646 810 115 47 201 106 459 612 686 218 24 606 73 229 210 428 106 639 550 770 312 62 590 884 277 751 820 433 811 943 44 554 275 883 354 667 182 63 476 447 552 815 224 684 556 641 290 67 485 870 865 38 49 
230 570 317 627 674 3 293 580 345 574 737 940 446 387 976 372 184 772 953 145 716 40 662 638 889 545 774 703 567 447 152 673 433 521 912 676 863 188 158 555 736 161 923 168 91 205 935 673 535 964 262 305 136 504 838 114 363 848 931 2 646 622 0 277 951 246 822 512 654 877 415 765 670 110 289 636 162 960 64 144 870 94 67 777 244 877 613 511 29 842 852 312 974 992 858 416 172 792 830 159 
786 435 18 553 741 730 745 15 553 28 244 636 54 753 254 364 5 75 381 389 159 321 25 237 975 666 860 697 915 662 965 733 901 286 857 210 685 342 114 972 303 581 355 454 176 873 99 672 74 948 505 434 328 447 705 204 510 845 360 71 172 318 573 102 793 141 659 118 937 753 527 536 950 48 849 672 2 971 816 350 130 847 602 977 530 833 680 480 613 218 293 449 848 750 608 358 52 359 37 366 
530 281 89 771 361 605 158 974 679 854 666 961 400 436 8 34 570 91 531 448 483 953 147 838 408 867 456 827 156 94 659 39 953 775 918 136 315 117 966 504 905 112 604 658 850 523 268 213 0 179 542 541 229 938 323 629 746 141 23 70 60 575 952 305 148 4 261 129 683 227 712 524 742 898 424 686 272 612 3 454 336 571 32 774 229 344 442 585 250 118 297 606 541 97 84 733 829 733 403 382 
907 818 535 886 336 267 985 272 262 297 669 476 461 780 520 64 949 941 51 914 523 721 93 123 753 693 54 277 73 579 141 563 392 30 882 520 258 481 878 529 342 120 996 674 708 360 716 966 315 38 623 229 383 458 199 254 411 976 730 707 659 795 682 504 336 315 458 541 452 89 789 759 38 519 457 446 208 707 709 695 447 53 613 756 161 929 385 65 456 37 385 906 232 75 526 472 626 866 945 748 
699 456 524 75 365 698 331 572 320 469 286 8 166 473 979 517 722 546 62 8 173 458 761 922 307 358 608 596 930 348 194 833 887 769 214 820 167 421 966 438 20 608 892 838 641 279 926 481 335 634 958 467 929 909 407 518 455 348 531 477 40 244 406 457 661 79 979 385 162 544 342 681 173 750 383 213 362 800 2 507 690 100 411 229 398 555 577 904 581 545 995 677 523 802 235 321 353 212 628 482 
932 623 952 401 303 628 530 375 271 145 460 861 138 893 660 848 947 240 675 86 224 207 679 567 264 659 683 834 649 889 601 590 573 132 63 609 405 632 225 760 895 155 320 871 248 194 282 343 565 425 684 161 95 378 866 943 805 44 881 758 214 518 421 326 168 913 992 210 232 110 605 433 104 413 322 24 68 557 553 135 37 755 2 998 348 716 896 599 829 161 723 515 720 597 418 502 853 927 232 247 
563 955 349 309 953 380 513 611 343 273 354 417 461 658 829 334 880 167 213 830 929 699 124 685 914 830 305 404 657 937 331 266 136 290 660 929 964 249 734 202 814 466 589 343 69 518 173 766 802 149 812 482 594 720 724 843 102 91 86 980 819 17 603 197 537 215 634 368 270 182 701 328 255 445 679 526 625 636 466 468 386 238 682 949 969 507 206 226 937 974 842 646 233 313 666 878 758 527 364 214 
127 650 773 678 54 438 539 866 513 231 79 430 380 55 400 361 569 191 589 450 126 758 728 61 19 143 730 410 794 631 914 471 204 793 609 216 593 910 411 796 745 349 933 293 763 463 898 159 772 571 690 244 813 766 914 106 395 79 754 111 460 575 49 341 687 812 879 639 672 625 244 635 152 838 27 580 863 748 41 577 428 952 762 204 455 264 197 871 659 293 361 737 294 10 473 349 403 794 555 80 
911 440 771 970 630 139 657 830 326 842 923 347 587 883 47 573 86 472 700 160 157 619 912 338 767 430 148 575 201 869 537 275 70 509 549 978 773 81 322 796 412 92 176 725 69 186 909 994 68 549 354 462 875 363 706 945 76 985 906 196 513 47 176 954 151 663 637 807 727 662 644 447 526 398 204 351 649 759 93 742 769 922 253 787 61 53 915 688 277 5 132 282 23 166 351 12 713 926 244 803 
783 518 464 55 17 290 253 172 886 147 714 632 47 762 968 688 647 891 276 192 935 346 106 566 604 23 753 690 817 932 351 179 832 244 914 294 480 368 127 214 982 794 695 496 188 926 260 590 734 824 714 302 233 850 720 917 995 181 4 188 520 442 727 938 160 391 371 712 626 989 273 943 15 63 26 275 156 655 335 285 894 454 275 223 755 203 74 737 587 808 69 544 859 14 236 399 657 497 872 48 
248 299 423 483 427 328 611 384 1 464 656 87 506 314 702 219 880 697 507 527 100 202 674 444 944 772 630 161 856 4 691 808 718 181 288 102 781 158 660 964 441 77 651 732 455 12 870 839 196 157 482 989 248 894 260 271 736 888 655 297 161 729 904 379 595 772 621 180 429 358 691 36 756 107 136 842 13 0 920 748 228 633 124 962 684 465 145 457 921 53 852 720 450 262 758 567 933 127 674 888 
856 624 598 248 789 662 123 556 286 53 915 445 409 632 826 645 82 772 972 584 588 415 300 344 623 289 589 971 359 175 567 925 908 199 953 752 770 75 503 80 128 65 943 221 588 388 1000 386 431 447 466 103 726 558 487 162 328 634 162 442 874 392 43 353 920 134 78 44 336 440 893 126 364 104 242 936 228 996 69 713 194 686 968 198 564 302 186 311 816 937 752 84 554 616 735 964 224 739 956 942 
396 700 619 947 745 530 814 231 256 681 634 603 139 796 961 461 270 604 895 327 449 973 485 737 785 738 344 298 215 763 148 47 409 676 144 219 726 734 350 193 239 749 630 548 277 975 586 834 778 100 812 504 373 20 725 870 745 122 202 285 85 254 905 905 774 89 43 964 492 668 138 556 192 736 961 70 149 189 172 654 733 355 412 756 703 961 9 637 854 901 247 706 996 163 865 313 983 630 833 833 
721 580 535 584 517 458 218 587 434 283 468 305 630 10 819 850 10 306 364 728 707 710 115 387 844 314 77 79 62 896 203 75 629 488 700 964 93 178 516 909 512 931 44 403 780 909 499 343 626 71 985 497 748 455 599 22 608 458 367 929 147 872 982 793 814 514 539 400 917 103 947 347 774 550 947 335 973 740 672 848 59 420 411 899 972 516 852 883 315 89 5 952 35 128 654 820 52 869 639 205 
778 530 881 657 813 475 134 873 288 283 724 578 225 835 308 758 343 784 502 218 674 48 799 863 634 385 844 677 390 142 419 884 503 741 530 677 248 207 408 296 299 28 483 448 789 930 959 839 410 538 86 332 579 51 435 122 164 410 141 588 48 910 977 520 690 619 680 458 19 310 147 215 185 952 310 210 856 482 829 85 928 276 757 635 85 523 543 945 853 791 465 618 707 90 137 654 647 862 499 855 
707 758 31 195 960 202 823 852 982 183 605 354 818 60 126 254 843 722 460 541 186 439 491 148 235 70 542 199 488 232 967 448 939 646 536 827 127 173 534 784 762 338 348 767 877 582 102 657 172 702 112 955 138 141 207 774 229 113 330 598 470 572 757 883 975 343 678 188 277 799 302 372 347 549 925 865 271 968 539 608 34 899 129 597 194 530 210 820 607 562 468 608 921 297 351 609 56 325 659 46 
647 55 420 154 200 879 900 836 357 548 61 0 748 714 716 338 474 600 654 540 94 96 439 452 923 75 147 23 200 485 774 682 710 141 661 150 772 387 511 853 30 350 457 478 348 135 716 100 959 25 332 76 152 901 612 972 529 82 668 416 430 326 556 449 393 157 61 858 774 460 30 555 484 139 799 766 504 218 613 13 597 899 675 552 466 472 392 541 614 270 13 815 859 520 632 821 43 1 707 808 
715 713 634 829 534 903 988 391 306 506 2 922 598 165 292 50 945 15 468 176 462 582 301 16 454 117 575 38 199 6 498 393 43 578 769 282 522 987 246 952 473 676 67 589 641 831 518 952 63 957 819 47 395 380 922 238 703 484 827 266 346 535 155 940 109 227 145 246 592 229 942 117 436 650 945 191 841 739 449 580 533 16 480 247 296 590 118 224 450 186 734 552 21 396 296 630 462 148 882 339 
986 729 995 682 243 980 690 426 822 104 1000 705 116 647 459 38 833 392 339 9 797 688 63 764 812 68 60 749 522 545 349 966 915 615 39 450 629 445 212 865 732 591 551 264 37 1 573 94 446 964 239 524 338 275 8 918 598 649 653 560 537 262 911 418 63 42 677 273 62 868 245 514 773 157 594 430 929 535 945 405 143 453 966 151 223 299 396 686 97 400 82 473 645 763 319 672 581 103 484 834 
91 647 125 287 42 489 932 799 675 729 755 293 626 62 551 34 227 293 412 88 807 554 264 788 296 563 248 922 475 448 6 203 209 686 228 28 725 814 552 938 943 337 289 561 517 647 840 830 280 194 54 739 173 844 635 205 696 694 844 461 527 299 630 34 810 60 839 131 353 126 501 999 743 564 44 162 318 286 810 145 297 473 0 235 249 704 304 376 51 463 643 665 379 299 690 942 33 839 633 881 
545 26 827 380 188 164 49 952 58 779 850 853 667 365 692 825 570 282 23 794 57 370 750 631 80 856 880 522 149 170 329 141 142 97 309 862 463 747 886 364 63 674 828 520 792 688 985 172 269 936 476 642 938 834 297 876 104 772 102 725 782 879 774 960 618 362 473 264 374 16 254 669 362 103 718 145 546 297 820 774 848 442 686 950 99 282 893 796 369 27 393 824 638 419 804 742 352 903 256 23 
504 406 801 479 146 254 776 255 416 157 229 146 827 291 969 782 773 442 356 695 535 496 85 55 300 288 680 887 188 544 594 19 991 509 191 687 184 224 752 259 37 30 830 245 777 128 7 76 659 263 367 201 519 180 17 465 519 0 874 872 414 861 290 130 85 820 214 889 406 690 873 208 721 809 714 887 509 331 863 928 839 921 532 69 96 554 984 431 777 582 960 296 527 706 208 903 100 57 181 188 
871 777 357 249 738 341 762 880 670 233 281 579 867 935 687 970 183 552 555 263 300 258 662 405 133 194 404 994 133 997 872 337 631 82 699 576 568 138 968 59 912 128 75 235 132 567 511 63 872 58 528 859 346 56 756 952 558 411 214 459 241 690 827 592 893 837 865 877 39 240 830 868 524 631 365 412 973 231 686 268 167 680 420 124 646 990 504 943 921 945 674 568 780 458 384 551 678 435 387 91 
533 139 651 962 309 418 129 395 946 589 607 782 147 249 709 630 876 152 800 226 792 808 852 655 338 559 613 341 702 99 330 3 213 279 966 319 165 160 101 431 428 924 454 159 763 581 428 436 491 498 560 875 16 499 923 910 919 400 616 102 948 750 92 516 471 973 391 684 97 403 139 143 325 825 73 873 532 269 322 403 618 869 893 422 673 473 259 522 569 972 128 801 671 438 795 359 89 186 676 753 
744 63 439 9 310 640 890 889 320 789 189 567 717 719 998 64 770 825 907 951 297 384 393 857 355 992 349 379 97 894 733 998 196 358 794 989 388 103 270 203 183 447 316 469 442 161 137 614 464 984 493 362 697 418 584 810 948 994 514 752 118 828 203 971 975 928 88 952 920 498 984 133 326 773 339 687 499 928 804 77 978 673 497 524 916 160 370 230 195 651 860 179 67 798 331 992 409 894 214 20 
800 593 572 741 621 657 623 890 93 198 734 918 792 335 867 47 815 945 904 377 25 751 269 457 165 992 818 103 631 793 354 986 207 626 574 940 976 344 806 763 785 370 99 519 251 453 220 864 879 329 774 419 208 90 886 643 311 803 220 587 728 563 565 791 638 133 412 794 446 515 256 644 9 547 426 39 416 504 436 156 537 613 294 323 453 312 567 329 820 331 997 709 595 270 198 574 72 923 857 826 
706 518 641 25 653 893 695 116 820 189 425 46 647 366 970 497 795 408 892 335 953 4 576 142 658 878 601 181 661 656 711 716 144 616 636 57 368 790 354 738 69 743 557 395 609 40 779 78 374 468 83 809 567 472 3 676 471 398 482 728 381 485 76 149 307 290 632 769 679 138 412 189 671 736 962 194 499 631 689 525 934 624 937 317 182 565 920 753 243 350 961 132 113 80 62 345 136 535 783 208 
386 293 924 542 259 694 765 702 751 881 443 807 58 506 835 282 695 790 986 417 387 315 354 171 690 438 447 941 594 497 545 989 444 136 489 933 162 822 582 147 429 962 893 645 433 80 356 206 909 59 258 974 642 673 56 336 811 612 821 587 730 68 386 166 763 25 953 876 928 912 855 734 63 936 555 379 214 477 975 173 158 344 683 652 644 774 52 559 369 620 916 9 862 633 808 486 863 272 118 616 
964 262 57 384 644 55 649 81 425 22 696 855 760 594 273 202 364 351 456 381 576 46 116 905 123 129 348 965 916 290 392 727 62 872 519 158 915 953 171 106 198 238 655 833 791 127 542 712 268 168 235 887 869 801 105 25 83 572 479 587 488 462 634 808 194 468 155 391 981 148 227 229 772 452 533 610 322 380 554 65 678 48 851 752 753 697 618 377 465 348 723 905 967 58 93 404 457 705 61 392 
506 191 149 233 109 585 931 828 468 665 623 945 206 270 20 742 394 347 250 426 232 448 522 971 582 229 696 759 118 301 701 230 770 452 362 200 530 520 98 55 10 767 582 558 416 426 167 582 438 583 452 108 860 514 268 765 536 159 658 324 776 65 518 94 859 564 669 736 575 480 628 372 388 803 694 467 843 936 549 670 15 843 287 69 973 337 724 61 991 205 557 517 117 441 893 350 615 822 603 574 
144 403 617 903 811 841 437 216 406 801 545 106 846 549 84 156 692 712 310 906 689 853 683 665 971 451 422 860 990 942 415 488 741 540 126 152 846 28 790 878 680 646 74 368 825 606 933 392 368 707 837 429 364 646 665 392 877 607 266 713 591 86 600 259 8 749 754 228 340 941 252 762 48 241 165 294 408 158 721 168 591 607 596 987 606 548 629 259 316 170 581 42 470 321 436 941 431 458 923 177 
449 354 52 730 276 813 396 853 179 800 24 512 927 331 136 499 462 928 109 953 544 783 113 310 780 225 415 698 190 457 252 666 278 254 982 517 250 38 58 233 34 739 668 94 999 788 564 127 404 47 216 67 490 90 312 776 753 901 626 356 350 237 984 193 458 205 919 178 177 4 398 955 865 135 927 326 613 206 121 7 185 672 612 447 663 576 29 134 958 121 487 669 919 285 305 632 252 916 754 231 
929 69 665 391 302 960 670 911 417 478 518 391 355 650 61 580 715 405 153 841 625 112 755 866 283 666 661 592 679 146 429 918 441 322 164 663 332 241 807 416 360 606 335 943 237 647 208 897 248 550 553 833 621 182 110 557 915 627 401 888 470 587 766 828 238 49 401 924 398 372 852 333 487 526 969 303 113 840 711 147 221 346 628 26 703 345 175 104 791 479 408 785 388 67 46 154 625 670 711 238 
912 762 694 285 390 519 297 974 475 655 948 314 289 822 707 183 996 71 388 757 483 257 115 515 610 600 8 739 297 367 130 827 495 17 91 973 174 817 946 805 597 549 847 36 826 347 704 422 811 610 827 129 897 889 195 101 514 765 635 407 135 396 675 632 107 84 274 199 279 954 171 951 904 482 804 180 190 417 408 484 588 3 451 875 141 170 366 878 206 876 644 450 112 333 564 949 346 207 457 896 
764 873 271 381 258 724 797 549 982 596 738 510 534 780 46 762 941 978 693 149 708 38 883 547 43 983 722 960 154 0 175 474 922 130 634 493 556 917 425 734 960 934 751 421 31 319 18 723 110 181 537 777 831 294 220 730 804 98 693 543 728 30 294 7 25 391 831 33 853 259 379 333 606 99 600 968 647 832 849 320 694 722 620 955 182 68 46 275 849 524 255 268 916 443 91 97 837 627 591 778 
475 206 947 401 282 102 32 172 649 57 81 846 890 958 443 571 906 547 190 938 842 804 567 94 473 730 104 896 801 473 808 28 778 19 169 883 261 102 35 723 272 431 895 284 134 448 401 671 580 885 623 489 581 859 887 892 133 919 975 539 333 979 202 362 112 564 724 398 206 976 879 461 862 976 96 658 77 891 902 648 978 11 111 98 320 195 675 944 74 174 253 626 570 220 339 509 861 813 935 830 
585 512 652 266 285 773 89 937 146 372 306 144 526 621 784 948 106 498 743 282 737 641 311 56 210 739 567 740 734 620 594 678 964 35 16 811 692 661 862 211 805 628 474 445 91 33 178 719 101 625 746 854 363 609 971 796 799 100 588 305 728 447 224 139 556 140 948 560 243 114 659 153 373 972 751 926 60 525 403 452 911 200 395 768 836 264 909 452 442 7 144 567 142 714 281 125 98 141 146 840 
333 868 934 150 288 679 281 614 361 296 464 362 411 57 678 970 513 825 121 302 246 390 855 944 44 931 107 34 574 879 624 594 18 76 373 810 193 920 179 708 822 777 832 448 748 913 381 940 922 425 406 918 971 922 32 751 405 505 429 171 725 669 0 568 667 562 380 854 485 931 881 740 772 449 179 364 728 847 360 474 87 286 834 566 259 975 482 928 283 488 994 482 340 91 994 793 93 596 686 176 
404 607 287 494 270 472 367 389 642 482 838 434 565 539 755 501 926 92 796 418 119 466 938 630 28 574 749 254 626 974 382 107 80 4 630 802 903 9 414 544 904 9 978 64 235 883 619 748 994 275 15 19 494 53 550 337 28 221 325 387 389 953 509 301 327 425 748 329 762 689 270 55 717 605 45 357 481 942 221 25 711 836 311 76 171 399 850 458 250 99 868 970 771 750 877 676 977 843 98 653 
265 955 237 535 476 687 6 611 800 499 783 551 126 612 463 565 817 301 987 639 949 134 887 848 1000 693 758 197 614 477 735 153 13 742 920 538 224 736 660 611 547 79 630 973 541 585 346 917 519 375 168 389 343 901 1 161 607 961 971 926 309 265 400 440 959 616 350 673 999 636 226 541 514 767 653 337 53 768 336 771 346 850 46 247 962 413 688 633 128 175 342 520 463 45 466 342 661 774 39 289 
34 500 542 637 440 50 219 506 750 601 108 222 422 73 32 153 137 679 716 256 349 456 667 160 69 838 118 191 775 915 10 903 166 662 833 301 813 355 810 800 217 524 895 783 759 941 996 44 747 283 510 274 970 530 453 34 695 167 54 57 899 397 35 126 718 144 183 301 941 619 222 144 721 903 883 550 189 75 709 63 553 573 184 29 39 361 961 304 18 300 391 113 428 143 811 305 72 912 569 979 
710 116 486 882 194 58 831 29 279 803 351 663 123 327 494 195 257 482 829 757 239 435 212 778 893 99 594 712 219 491 804 79 642 176 777 258 636 562 821 4 708 477 533 884 3 996 577 443 329 852 386 596 597 332 108 632 931 533 684 124 942 265 623 519 257 101 41 240 965 247 240 189 493 645 536 778 659 676 903 933 453 695 30 799 195 603 242 365 369 938 829 662 473 796 32 506 990 694 164 707 
202 575 446 205 510 417 869 539 74 752 954 975 243 44 862 650 128 699 143 219 993 370 643 555 199 308 371 337 375 631 871 832 822 143 972 328 394 801 68 604 713 291 766 500 827 157 165 761 694 881 81 568 423 256 452 82 3 286 835 933 14 476 881 890 789 641 268 155 513 885 664 357 990 496 506 187 236 513 436 619 740 411 155 213 317 370 104 433 977 973 278 444 165 79 191 79 670 599 705 346 
145 451 288 577 480 200 687 615 416 43 556 397 963 477 780 990 26 276 42 554 771 518 591 331 335 107 878 329 417 689 860 553 123 574 873 776 419 946 977 407 923 2 213 588 97 382 501 912 817 900 738 607 544 190 839 827 661 2 112 906 506 41 975 976 350 553 727 914 578 969 691 348 484 477 114 445 287 124 792 632 127 257 935 851 367 869 53 316 199 757 938 933 625 246 305 332 92 574 74 498 
564 678 812 806 94 36 739 225 888 380 990 324 359 236 197 446 403 96 727 243 34 72 821 487 655 616 535 801 243 20 388 895 376 541 598 922 526 592 770 863 914 736 185 344 979 458 642 938 383 924 567 258 194 80 562 610 560 759 975 183 332 973 100 722 550 140 337 471 399 624 702 934 801 372 15 123 26 165 43 176 604 569 491 720 120 861 200 15 858 326 584 12 296 508 129 744 555 848 630 563 
559 185 213 773 538 382 626 283 19 460 641 547 340 902 155 605 559 421 110 186 873 572 108 639 335 300 470 545 944 422 389 309 630 894 444 744 9 916 805 648 375 532 263 94 953 530 227 54 352 434 551 370 527 824 105 650 700 624 614 584 603 536 617 794 494 219 209 495 444 443 493 129 418 225 112 785 591 9 24 65 500 174 919 360 661 569 542 603 805 119 603 884 770 429 491 824 106 957 614 29 
759 787 712 118 715 930 217 578 995 976 718 383 920 408 313 580 10 982 576 989 869 850 640 710 594 212 327 195 614 313 58 356 760 824 6 786 948 282 235 695 917 132 548 498 8 114 705 648 416 275 414 25 235 140 273 597 11 851 497 472 353 156 61 200 233 159 892 658 878 570 970 73 936 787 32 195 975 372 73 244 387 129 359 389 158 879 361 103 586 487 314 341 604 325 716 820 794 692 754 579 
167 705 162 768 440 444 679 617 305 126 110 319 34 690 76 73 545 860 780 815 961 65 693 383 776 463 558 465 809 883 213 245 126 450 779 338 762 605 794 509 213 40 983 816 682 980 867 642 171 977 532 602 165 676 822 668 20 503 919 378 182 49 279 156 881 940 388 895 214 43 65 262 550 757 819 271 320 587 235 481 592 723 942 586 101 696 288 146 842 800 987 337 370 97 238 144 392 227 583 181 
822 554 408 647 3 982 574 187 43 23 136 112 549 292 228 951 145 249 149 580 475 610 605 26 937 758 459 684 760 203 71 632 267 517 915 112 896 915 6 6 392 429 384 215 50 803 138 836 925 292 997 594 747 402 846 548 999 953 816 353 292 808 21 38 3 827 767 479 477 659 694 579 72 30 608 769 305 960 309 866 95 95 386 100 568 325 687 517 855 336 85 588 137 423 296 664 604 406 733 69 
556 440 370 959 849 407 753 729 656 539 646 560 777 945 646 780 927 854 556 730 384 521 585 442 272 742 541 423 525 24 338 236 91 201 849 438 4 156 179 334 810 175 758 113 835 139 161 128 944 907 3 499 45 608 3 864 982 997 113 858 629 378 918 324 291 184 668 259 285 647 436 558 218 898 315 766 486 96 691 571 567 469 371 289 561 146 332 518 254 368 833 512 537 475 613 941 635 503 606 267 
573 42 570 754 183 375 885 283 614 247 604 16 384 321 962 693 797 59 507 533 809 535 698 420 257 89 785 250 181 317 373 947 171 232 646 996 616 272 467 813 286 318 301 271 957 852 155 566 799 550 114 682 190 836 594 127 87 723 519 208 493 482 699 149 19 113 385 308 116 27 692 387 41 247 964 846 962 216 264 46 336 807 818 528 70 290 746 228 332 831 746 267 735 699 874 354 764 190 409 507 
636 912 499 489 656 605 105 291 908 216 523 595 131 434 97 44 79 832 504 491 221 281 820 392 708 145 826 97 564 712 980 863 603 364 977 910 136 256 513 988 110 730 3 577 371 52 40 637 160 536 667 468 955 316 862 22 278 958 328 550 348 882 621 740 440 124 923 124 173 520 554 36 791 575 58 96 163 623 504 94 118 932 167 51 475 639 221 267 742 222 670 159 506 621 49 805 713 981 521 95 
115 479 33 513 416 430 935 621 694 33 101 883 824 924 147 402 258 976 55 215 621 497 14 255 494 380 411 178 836 566 514 44 134 112 847 567 577 351 580 177 749 155 459 473 385 565 339 975 54 942 986 781 626 154 927 742 888 100 243 221 182 939 796 209 833 987 793 503 772 44 466 919 997 661 547 91 157 672 811 301 823 318 626 737 533 222 5 791 760 144 318 860 373 587 778 461 741 369 379 479 
491 460 25 335 465 530 196 837 826 957 224 324 459 53 769 604 617 414 735 73 121 368 630 298 872 746 764 790 839 453 271 970 224 4 503 634 953 656 326 964 1 926 834 466 387 100 365 48 65 43 336 531 934 471 467 400 368 162 782 537 146 108 505 167 659 505 101 547 400 125 274 275 22 426 310 887 935 916 638 700 610 937 516 734 304 654 799 703 775 988 660 131 283 253 464 360 546 154 302 994 
596 657 870 203 774 658 52 267 488 303 742 69 518 446 428 286 85 438 249 520 684 396 246 598 307 380 869 218 634 815 943 597 768 832 768 46 821 429 550 210 815 11 257 403 852 239 536 138 711 679 636 758 447 876 571 644 233 921 811 382 537 212 704 738 504 637 737 511 735 503 845 792 835 157 331 547 456 823 48 646 1 551 911 833 186 190 433 512 257 966 239 338 835 588 829 634 453 904 605 679 
52 148 65 763 271 320 218 227 320 83 8 304 435 295 178 94 530 520 475 83 636 824 112 151 514 736 743 651 685 333 904 102 55 547 168 365 424 812 446 807 775 999 205 484 814 667 713 552 695 702 572 346 181 992 532 319 927 192 815 33 991 96 192 86 523 236 829 938 199 942 530 99 183 97 444 4 688 227 156 248 162 13 693 645 242 989 178 149 973 1 252 921 112 897 447 153 593 77 181 790 
723 782 875 34 535 255 349 967 27 290 946 183 95 926 763 912 992 31 620 377 891 742 874 909 867 887 312 751 651 4 631 969 546 740 577 1 217 972 942 705 257 12 266 937 79 562 528 403 45 425 12 423 318 292 780 959 702 216 508 154 941 884 661 197 816 989 272 93 976 165 47 586 694 666 143 840 139 115 831 92 967 163 912 360 597 481 872 547 214 294 915 896 512 967 149 651 720 883 144 566 
169 463 218 681 374 768 357 451 659 993 63 75 842 109 730 699 270 531 546 700 73 51 264 416 432 670 429 454 786 330 958 731 724 406 848 110 145 521 981 865 689 191 763 878 885 967 583 577 470 359 913 671 234 106 497 177 192 933 958 388 972 835 792 784 175 302 127 599 648 502 734 71 471 841 603 265 591 432 931 954 993 896 619 482 886 928 103 813 281 381 19 511 662 80 50 641 198 928 56 301 
793 672 468 464 765 498 723 249 24 899 37 260 620 34 677 578 676 351 545 650 813 232 681 545 223 588 562 862 3 260 949 257 303 585 965 160 610 193 451 752 695 234 217 181 927 957 72 995 735 839 880 569 899 325 744 362 735 291 954 862 207 905 956 382 545 151 544 438 561 95 64 529 17 313 399 652 130 755 977 759 813 385 870 960 585 906 447 87 762 208 955 640 196 988 729 749 889 212 736 640 
345 893 728 859 989 961 772 431 797 57 448 859 316 341 542 918 503 514 481 591 656 531 717 536 684 171 402 807 173 663 854 571 619 901 965 881 541 953 495 745 820 959 291 501 930 992 667 877 107 429 112 986 369 98 366 960 390 220 557 250 6 1000 603 183 526 305 141 645 399 662 10 476 348 204 891 972 476 32 141 304 151 546 715 983 104 598 435 973 35 876 75 267 791 392 472 387 319 867 893 488 
561 391 594 549 407 394 510 231 878 134 561 247 483 770 240 173 377 721 944 564 316 357 521 454 831 801 793 399 715 674 669 44 341 502 65 11 327 57 126 722 361 446 22 14 141 804 684 39 620 268 121 544 38 953 946 496 825 694 559 391 887 863 338 988 456 761 570 563 467 556 191 501 876 437 870 629 826 783 533 272 401 952 505 454 414 396 673 288 670 385 203 896 578 693 245 156 473 730 518 865 
361 741 825 533 281 830 932 142 711 508 769 354 6 146 79 226 615 785 212 422 195 101 454 177 689 953 96 577 252 10 900 824 539 980 21 849 225 986 482 428 499 342 490 836 299 851 552 663 403 389 974 928 814 603 469 492 149 519 986 932 557 655 164 94 335 420 986 153 334 280 369 21 607 445 78 153 885 621 157 856 131 796 136 740 761 558 822 245 239 724 809 261 35 597 153 158 925 251 728 526 
682 622 228 984 835 246 483 344 423 281 835 927 877 143 27 769 950 224 404 252 992 867 386 551 932 977 8 189 598 649 51 668 690 670 35 949 615 357 815 272 129 592 691 124 367 884 910 116 148 162 79 785 51 728 273 392 562 461 154 788 540 480 862 286 488 980 761 348 232 436 178 118 274 441 845 755 343 110 846 357 110 121 18 361 509 97 748 615 119 671 666 675 158 594 241 113 713 828 468 632 
762 10 756 102 745 671 850 530 954 878 114 760 297 708 303 902 524 987 270 185 864 478 879 64 665 758 277 283 767 93 467 617 24 842 226 602 295 298 296 125 946 961 569 260 403 661 210 7 217 178 769 864 874 963 425 166 274 455 33 753 634 299 926 875 752 683 633 73 791 574 574 953 573 394 98 907 808 298 872 204 113 911 569 556 652 360 604 905 298 192 910 668 100 82 670 593 116 496 186 484 
232 393 735 55 349 968 628 489 290 710 390 719 495 994 835 840 856 246 61 146 681 769 52 47 505 576 651 590 635 768 728 91 479 885 926 955 732 768 836 280 190 147 870 677 353 276 699 907 325 196 703 442 250 613 857 621 127 873 296 564 175 635 35 78 611 221 118 841 586 602 528 789 619 856 790 388 946 507 3 824 247 948 524 540 791 231 35 576 676 427 758 410 196 850 963 786 437 121 843 573 
413 795 712 991 622 937 782 933 195 790 854 417 311 523 585 228 148 42 11 171 541 386 773 29 189 405 609 201 970 952 72 388 735 213 429 975 281 92 94 102 222 815 714 168 141 531 43 564 770 953 53 834 306 764 566 368 421 805 614 244 460 761 864 756 238 550 601 217 81 522 295 353 505 673 867 570 164 692 598 15 921 867 526 46 852 956 329 558 452 882 84 274 387 299 345 953 252 59 482 298 
94 272 387 620 135 163 637 915 976 29 201 213 702 573 816 544 785 95 182 475 404 119 621 243 991 840 216 302 505 660 955 837 554 523 180 89 48 170 220 29 741 510 532 352 904 924 676 725 998 686 327 405 638 940 222 646 64 847 473 889 624 376 743 641 361 502 56 688 268 993 829 106 838 383 54 713 243 404 420 460 610 515 735 382 811 917 557 283 928 563 693 323 428 140 326 465 628 17 767 75 
775 653 273 977 258 844 87 115 20 39 539 979 30 369 627 50 107 871 940 106 415 679 942 505 729 250 215 583 621 434 512 265 24 314 421 200 542 626 303 759 468 508 452 596 334 752 772 766 979 471 958 62 131 134 347 429 776 915 449 674 203 13 447 784 930 580 466 525 831 526 0 410 575 662 777 526 787 58 180 866 637 472 93 162 898 424 54 912 127 545 998 439 883 104 575 132 959 586 374 241 
484 997 794 647 891 599 244 475 256 183 722 214 217 154 621 273 111 332 496 862 580 746 264 101 764 183 239 834 756 550 85 41 26 27 434 968 991 2 783 95 387 18 448 765 936 482 196 890 450 50 530 466 284 728 518 844 495 659 179 208 351 626 535 567 391 74 883 623 619 409 796 611 554 951 263 63 796 175 76 145 985 43 679 696 352 395 7 770 329 160 36 601 493 175 971 485 194 184 359 178 
535 742 412 312 598 377 947 536 34 768 134 446 371 143 281 298 64 31 565 635 169 273 521 24 610 310 522 185 491 396 491 826 322 336 635 324 282 912 183 754 750 115 592 570 894 124 616 480 457 138 811 46 439 86 99 299 567 464 854 344 740 903 620 289 37 814 436 308 523 86 58 428 570 859 569 356 561 858 128 74 887 626 83 39 199 270 571 42 81 793 844 960 885 319 287 633 184 776 54 530 
44 226 237 387 839 141 647 936 40 961 421 459 695 603 869 740 384 409 481 995 205 722 563 214 463 896 254 966 688 460 754 602 823 328 791 715 490 73 831 317 679 454 773 438 786 967 864 480 232 211 1000 882 634 293 227 406 289 363 991 510 409 197 270 44 895 295 479 377 135 386 696 93 192 35 526 177 361 812 961 180 661 639 483 103 353 609 4 256 212 36 224 758 186 486 957 552 822 35 215 24 
1 564 432 945 309 730 293 487 232 601 262 653 878 800 864 675 350 529 192 297 910 253 229 83 896 169 281 885 125 370 67 854 756 145 185 137 550 750 502 180 498 796 401 634 615 20 319 189 26 196 520 483 133 741 949 335 872 228 704 182 828 271 1000 846 169 593 334 143 148 996 280 184 282 886 175 704 880 341 241 487 19 109 869 454 601 282 127 138 110 134 438 665 605 913 46 700 343 176 239 693 
303 554 838 871 176 798 602 866 314 773 198 464 216 647 279 835 39 911 325 542 563 864 812 942 22 765 972 513 63 228 795 245 923 277 142 374 673 251 463 195 317 317 1000 790 792 586 748 837 368 406 514 160 312 523 851 130 487 928 175 227 42 663 877 426 111 703 643 746 20 588 993 326 399 669 359 217 486 144 15 3 321 43 431 163 440 261 317 484 404 912 252 993 135 950 672 862 245 613 76 101 
393 618 439 783 251 870 16 358 458 677 88 384 434 3 446 778 939 726 800 507 467 844 361 817 956 174 701 36 655 983 244 518 434 728 526 167 299 112 621 249 586 82 374 335 454 629 49 102 787 623 367 451 666 292 372 274 369 274 945 550 820 36 332 990 840 124 780 475 25 794 967 987 34 714 460 735 597 718 645 486 280 193 928 192 419 956 598 726 919 970 175 785 539 167 665 290 60 830 560 914 
484 191 562 124 202 43 537 165 831 805 198 322 653 179 769 382 92 523 642 807 752 355 347 312 695 471 855 482 651 512 868 764 776 93 548 662 91 164 114 394 752 457 358 423 221 637 145 67 704 77 346 285 607 346 718 244 686 214 157 627 124 409 177 319 913 704 894 656 299 34 694 765 484 478 474 391 718 360 901 299 346 897 562 695 50 526 876 688 225 874 182 22 639 800 731 406 718 185 577 183 
391 19 405 739 575 583 439 761 845 870 728 249 727 444 635 288 270 818 516 841 167 923 682 894 480 906 793 529 74 134 347 327 218 467 529 317 543 374 946 685 219 950 669 263 382 650 430 561 340 469 530 220 925 220 332 209 34 673 748 101 453 470 189 561 92 821 277 228 971 690 873 284 325 126 852 107 827 840 723 164 512 827 577 846 532 392 729 426 111 994 254 252 149 175 483 714 666 984 376 925 
254 50 131 745 28 252 180 678 415 109 792 449 503 235 127 190 457 22 511 165 507 55 915 721 234 750 572 310 90 791 641 461 407 411 186 207 347 110 271 750 375 147 347 786 963 66 820 378 670 890 486 554 474 775 890 664 420 810 992 375 16 985 686 66 852 862 640 90 8 469 982 57 826 261 897 51 556 111 416 947 350 368 144 648 394 690 291 313 976 962 317 402 568 403 705 205 394 358 564 882 
213 953 616 754 900 210 188 357 424 289 969 565 848 220 286 350 929 763 16 670 144 713 93 503 974 171 678 494 872 686 171 538 117 702 999 785 78 320 256 71 922 735 590 140 520 785 868 425 640 713 127 230 840 312 543 622 329 220 559 986 422 94 713 255 827 186 965 890 299 446 401 61 480 366 11 243 787 950 621 510 560 768 761 346 815 847 248 30 367 109 937 69 649 963 538 192 675 905 112 550 
993 967 263 512 328 668 669 33 337 529 378 191 53 998 630 199 501 271 210 578 197 919 775 808 990 158 575 498 715 172 968 334 755 936 825 567 829 706 174 919 433 773 222 960 372 58 90 500 931 646 918 881 34 513 480 812 996 579 411 172 341 627 840 235 172 574 596 750 139 460 589 835 183 743 215 15 742 226 175 625 947 72 741 506 750 341 16 9 713 618 763 649 964 783 588 757 6 758 211 927 
319 808 315 409 148 526 362 104 135 150 866 898 831 317 5 712 85 407 671 575 931 204 929 438 286 553 231 1 76 860 529 561 135 158 1 89 233 589 168 489 339 885 828 998 459 179 859 490 361 890 7 562 891 760 583 48 329 190 372 759 676 622 924 797 225 771 244 667 500 531 457 190 0 62 829 950 930 500 98 979 74 368 639 148 543 398 613 132 525 267 889 192 138 69 232 412 96 154 404 324 
219 819 583 551 795 225 799 313 164 117 13 80 575 721 278 947 818 254 246 810 556 374 980 9 114 906 260 867 922 984 175 786 711 629 17 647 630 196 633 795 713 796 576 563 605 440 745 199 666 415 737 633 545 32 351 845 283 144 35 152 170 574 933 91 927 106 736 505 523 954 318 257 357 413 862 796 816 344 339 850 339 13 135 714 683 183 480 797 133 668 687 241 141 127 880 88 364 172 214 226 
750 226 243 48 643 469 481 468 862 952 294 150 895 9 925 93 382 486 572 781 420 151 506 661 125 60 805 837 655 386 165 514 439 175 273 330 734 931 336 766 521 693 197 688 869 994 737 296 134 795 247 475 82 716 115 231 420 237 601 856 739 592 563 3 220 470 931 735 849 993 828 959 328 47 307 414 558 953 912 683 340 457 699 634 259 814 796 736 595 339 942 839 938 330 457 391 349 361 357 532 
395 407 505 0 396 1000 910 399 194 857 444 417 203 640 988 562 801 966 232 571 775 866 917 160 431 298 250 140 950 909 454 609 157 780 504 223 526 85 88 795 719 605 33 522 922 626 635 869 110 374 69 94 770 268 712 162 79 964 955 412 495 262 356 346 381 583 630 454 734 220 934 8 973 866 292 896 739 416 4 120 509 672 983 890 802 837 845 948 861 246 876 631 105 146 696 757 62 985 114 440 
872 369 485 154 280 115 682 701 949 431 981 980 66 200 954 652 517 361 182 150 251 17 604 711 715 736 489 481 712 750 158 824 164 7 516 527 616 84 507 213 154 717 27 591 772 868 450 386 987 960 846 167 267 878 108 992 731 640 164 293 19 157 130 579 530 970 124 666 305 748 113 512 441 702 31 944 86 769 150 72 432 176 986 731 637 979 648 369 473 699 700 831 835 366 269 572 900 214 531 848 
273 949 75 836 955 763 695 977 447 882 421 580 820 991 67 25 586 112 254 886 834 774 618 994 428 726 841 364 668 289 993 554 862 972 431 604 681 863 195 542 151 858 528 913 496 182 721 275 49 461 86 941 745 56 550 905 41 117 785 855 521 911 389 77 122 816 927 258 655 224 612 852 414 25 450 258 604 175 716 932 150 181 667 376 775 967 539 534 813 977 617 991 625 175 459 359 378 929 684 932 
