674 333 677 97 669 993 504 805 640 444 160 557 183 674 895 131 161 535 282 67 10 19 516 149 816 156 231 13 638 900 423 596 860 597 241 556 687 487 760 762 205 759 307 307 401 59 410 32 422 201 673 973 57 332 495 810 299 358 156 32 619 872 521 508 722 708 436 207 539 166 805 41 824 771 266 144 290 979 247 683 186 931 535 762 77 628 175 957 734 847 211 693 253 692 430 875 308 188 935 163 
168 221 480 30 724 503 142 57 888 868 551 546 397 74 889 995 960 896 260 274 842 116 498 60 177 440 688 957 611 533 36 272 250 856 248 214 909 800 328 475 29 978 333 206 99 221 180 404 596 256 665 106 125 601 375 578 243 696 948 516 434 308 525 921 871 163 473 137 16 968 98 445 363 656 952 17 700 335 316 184 928 119 148 387 753 951 108 844 596 286 318 954 81 951 385 251 956 361 945 526 
521 472 561 286 146 462 595 876 223 241 799 864 490 177 115 620 402 205 48 913 67 900 90 545 428 559 103 74 979 853 167 171 805 443 722 76 744 621 649 203 77 429 888 527 711 715 212 730 918 34 781 163 112 652 49 699 132 139 870 323 724 467 237 342 951 276 383 273 132 684 619 830 957 267 732 629 857 737 758 871 756 402 631 759 859 476 765 600 460 637 124 550 770 992 596 305 885 475 207 235 
385 449 356 567 854 469 437 641 298 109 680 950 726 80 295 789 927 522 797 433 586 233 691 521 890 156 132 514 743 358 703 919 828 158 909 683 119 126 178 260 394 0 347 829 142 899 515 2 425 954 52 799 225 381 76 990 342 155 583 741 536 190 593 800 696 669 564 708 987 868 813 389 517 735 721 792 984 515 821 377 201 107 601 806 492 626 914 932 131 612 693 997 344 982 28 170 435 909 178 637 
991 307 489 547 297 55 181 216 111 740 427 595 209 726 274 203 296 398 547 997 427 977 89 859 490 129 717 35 503 85 811 689 965 3 902 788 256 592 689 891 821 907 798 102 815 454 346 394 774 897 948 849 46 799 594 607 557 760 371 497 105 921 59 79 732 862 78 305 612 941 979 748 879 254 909 321 574 929 500 21 198 20 539 238 230 422 129 215 758 661 259 838 711 78 832 335 466 762 943 165 
803 815 16 198 738 307 314 371 639 993 613 574 759 700 98 432 508 568 500 934 0 142 675 7 75 305 88 730 554 68 337 751 9 299 971 137 659 521 116 154 178 316 40 332 987 605 774 667 267 83 84 66 687 746 778 392 363 621 242 359 646 92 962 893 765 749 459 563 384 22 661 140 540 355 184 168 527 547 631 156 317 368 682 659 527 969 565 446 831 66 626 959 20 937 554 726 393 568 644 862 
670 518 470 73 474 96 558 424 818 37 350 348 833 412 218 568 809 587 455 344 287 581 501 517 718 647 404 194 725 872 736 877 837 252 593 609 237 93 108 277 737 572 617 627 562 396 942 674 961 353 65 278 22 146 59 24 596 907 451 870 110 99 192 451 520 397 771 63 242 905 247 836 889 181 984 939 298 321 632 621 305 807 742 705 400 938 316 661 745 49 900 413 449 758 592 700 544 200 707 15 
405 149 507 846 972 839 365 327 365 839 280 107 286 38 943 660 227 492 6 460 930 527 844 128 165 469 17 513 245 765 536 902 708 66 245 16 9 893 604 800 303 849 130 194 436 253 308 656 733 109 863 454 213 499 512 955 848 331 747 20 131 180 537 446 668 968 690 71 497 80 744 298 311 732 328 822 824 469 247 781 428 184 301 889 326 772 129 891 294 20 897 17 723 767 505 612 286 646 684 88 
293 224 254 239 508 777 567 100 852 556 443 475 213 312 426 644 430 773 240 151 769 163 282 174 57 805 1000 123 550 795 5 440 920 828 403 407 908 325 373 35 473 848 35 318 956 772 454 468 85 490 316 704 598 778 411 930 602 246 741 792 143 489 834 668 7 732 641 714 186 544 793 709 212 939 559 749 484 141 97 741 243 412 985 200 274 28 927 968 692 249 392 581 81 702 771 190 381 489 236 659 
336 766 100 639 166 757 210 810 544 126 593 494 523 539 236 316 699 394 464 42 658 184 923 618 357 12 126 677 573 282 878 9 398 498 478 245 592 970 501 467 440 425 749 279 902 615 559 586 824 474 411 17 346 765 731 197 518 309 782 724 905 841 692 669 523 949 392 475 711 675 757 749 85 913 250 724 180 761 583 127 355 544 935 174 993 405 623 448 846 864 111 709 269 620 673 417 610 158 505 706 
816 472 411 638 205 637 226 533 470 790 123 465 559 731 484 467 691 540 166 683 936 664 266 282 951 863 293 853 952 630 797 835 788 307 908 442 981 259 817 747 220 980 187 733 921 680 246 452 47 569 690 839 248 519 260 88 116 333 525 844 191 184 809 181 413 927 122 360 119 855 667 796 68 689 182 258 683 867 314 298 393 502 653 566 580 161 493 140 474 300 343 846 610 662 126 418 593 487 890 406 
630 242 899 585 826 127 166 614 183 251 222 128 229 34 541 69 968 391 279 933 2 72 874 40 821 663 320 849 128 956 472 621 365 216 221 351 899 627 806 403 678 866 680 400 404 332 794 247 296 393 694 218 552 653 844 507 454 12 870 403 726 354 672 304 468 604 280 59 880 936 386 104 368 44 249 722 834 808 868 669 845 936 65 101 529 196 266 742 992 281 421 682 627 780 241 979 294 119 340 643 
406 525 156 999 220 461 57 288 539 157 433 828 805 242 974 482 774 509 238 228 584 32 738 103 156 231 539 66 969 356 315 74 244 284 425 801 218 218 807 588 673 352 835 483 794 498 128 44 14 342 484 888 905 381 722 772 362 741 905 676 744 240 423 345 80 595 1000 497 107 32 323 433 322 884 735 59 169 807 697 365 39 665 832 714 780 688 99 717 430 877 98 792 58 474 479 161 591 1000 138 230 
735 782 863 742 805 400 81 326 757 778 987 445 304 619 515 875 965 823 345 396 12 361 351 291 532 19 476 21 422 740 338 902 829 630 138 593 659 514 669 80 384 16 458 330 102 582 611 336 624 876 215 902 960 928 281 613 794 811 318 638 79 580 845 720 482 718 376 123 56 937 187 636 597 614 872 600 831 495 573 900 573 499 38 291 37 509 347 754 995 306 397 991 657 829 646 495 763 725 186 808 
890 767 482 555 902 215 573 643 666 124 478 645 693 130 362 305 676 589 490 140 929 425 563 227 125 804 244 673 202 444 600 647 373 501 682 503 132 768 704 651 988 870 3 669 787 960 634 350 175 395 561 557 779 110 78 828 269 600 395 35 143 146 137 301 117 702 5 486 267 1000 683 77 47 947 436 674 798 609 420 924 763 323 616 344 609 682 332 919 569 922 84 99 100 461 166 312 627 761 765 609 
601 108 92 956 471 333 574 738 787 882 317 132 337 314 988 396 959 886 52 774 922 713 245 766 974 363 448 878 644 753 85 311 348 586 187 143 888 446 767 623 267 793 397 500 178 655 301 531 112 597 251 144 930 429 299 368 841 940 454 594 203 649 691 288 207 621 635 587 99 255 713 964 739 867 617 457 159 734 368 149 131 63 35 539 61 640 362 42 859 241 665 882 4 230 553 283 543 432 57 557 
352 193 622 931 419 528 86 663 285 937 960 375 530 479 680 943 110 107 136 203 646 679 803 444 324 357 925 250 415 418 921 737 964 451 427 656 190 898 287 409 254 698 616 235 678 995 188 795 20 846 270 659 755 272 33 98 758 21 35 281 41 701 611 847 360 446 148 66 658 185 983 939 514 797 765 329 121 753 3 989 344 653 761 357 310 965 83 758 867 974 796 405 352 334 948 230 639 993 814 357 
203 421 165 532 345 802 127 577 520 536 805 990 189 279 760 475 245 389 81 775 709 967 484 813 527 685 523 115 62 843 234 356 782 252 729 59 103 917 156 797 292 262 965 621 519 398 472 97 220 384 192 235 997 508 138 163 36 337 597 83 55 591 910 437 195 909 259 989 649 671 837 333 957 869 624 790 43 624 253 544 582 124 779 676 84 71 554 153 420 688 225 877 994 162 757 326 750 28 559 645 
671 577 393 211 853 19 118 921 549 89 490 395 458 416 205 616 183 508 245 410 791 618 85 111 48 789 703 629 250 109 243 347 206 407 584 238 923 458 804 238 935 952 143 289 464 197 962 729 627 371 391 29 178 838 183 74 219 165 749 210 26 937 140 655 746 874 200 551 163 45 273 452 435 72 619 625 331 112 479 955 743 809 479 114 210 23 15 656 481 947 546 652 625 654 358 10 524 341 579 91 
459 533 508 977 603 141 265 582 541 974 804 398 778 476 998 242 9 459 708 537 363 981 761 373 254 162 31 964 123 261 161 744 205 656 947 770 202 476 29 708 674 817 44 755 69 228 463 597 839 147 133 209 699 180 780 702 968 416 67 787 720 95 739 189 642 983 62 753 795 995 387 948 366 384 260 137 214 766 279 47 286 415 19 137 517 178 3 903 343 291 933 823 932 639 746 190 489 158 537 629 
698 782 900 147 72 975 212 28 340 851 132 116 970 307 441 996 865 56 681 687 968 445 859 63 1 615 728 36 682 335 987 201 282 891 710 483 214 761 490 972 720 165 391 534 364 570 937 498 959 69 843 31 623 435 538 124 768 204 866 960 22 677 504 268 685 446 157 5 319 365 865 693 819 993 293 311 437 72 255 856 928 244 783 833 685 902 681 757 27 391 523 822 497 268 529 345 957 786 852 243 
707 130 961 262 701 312 819 92 538 712 67 39 338 793 795 477 593 757 950 751 394 364 8 764 437 585 893 380 768 276 359 949 700 52 725 620 121 663 511 604 441 536 402 351 508 235 630 652 556 897 735 650 971 525 848 801 480 204 983 508 445 332 868 804 964 220 954 614 914 4 299 555 792 284 537 322 724 194 929 690 532 401 442 458 980 673 219 925 815 886 464 573 892 698 849 779 335 146 261 100 
493 733 252 525 476 125 675 85 621 912 555 751 932 955 389 490 223 475 93 448 131 824 429 794 825 632 883 415 886 506 612 383 209 363 982 882 101 952 889 0 87 841 867 612 940 327 153 242 294 431 233 225 198 5 434 678 573 120 228 531 619 897 623 56 846 216 360 104 658 362 763 975 885 330 498 112 547 971 955 283 754 972 709 646 231 890 356 558 81 635 675 832 203 520 347 485 89 144 427 997 
413 494 404 685 524 22 43 439 261 880 24 740 757 187 947 268 776 958 873 40 56 591 635 202 567 981 109 467 333 19 805 555 108 69 352 593 896 412 919 235 841 347 858 498 639 132 261 253 360 824 153 493 271 298 275 421 664 360 147 797 750 905 962 244 416 889 769 181 778 501 422 217 941 129 360 327 966 324 693 821 166 410 346 42 115 775 582 969 105 124 952 110 750 238 497 45 323 353 237 539 
699 208 975 753 796 51 720 962 392 137 239 948 322 729 919 16 64 169 857 457 595 487 911 417 82 386 488 934 124 723 149 154 334 755 196 252 490 273 746 294 979 681 334 20 844 57 154 206 805 589 84 547 440 237 703 177 438 221 543 27 673 47 349 32 255 645 369 366 177 882 505 82 674 43 258 946 789 855 355 274 108 769 546 758 537 530 600 922 820 742 305 55 274 105 426 461 632 510 113 966 
877 648 534 293 998 570 867 578 313 898 447 684 923 332 506 450 706 159 173 261 987 752 776 142 344 516 831 511 366 679 241 527 565 842 857 850 42 1000 578 32 879 331 728 110 110 317 281 704 42 215 411 32 677 508 333 678 112 805 288 76 623 371 503 653 172 929 941 425 426 681 325 454 687 162 978 238 727 403 493 31 935 395 746 184 36 280 866 894 788 29 672 427 678 764 300 306 455 637 727 861 
6 235 138 75 294 199 176 519 124 893 283 769 757 750 920 300 366 653 304 442 154 316 39 504 639 691 983 219 270 184 822 867 520 77 575 29 880 314 364 636 466 84 552 873 619 1 749 928 749 83 367 190 942 282 526 36 251 708 432 189 427 402 973 642 971 749 26 973 613 858 893 705 101 577 829 415 747 718 624 686 841 281 292 966 922 220 551 281 344 407 322 356 471 8 492 662 510 852 836 832 
346 147 162 738 846 978 647 610 547 41 501 156 560 504 207 853 243 508 333 894 275 637 685 261 793 766 19 816 326 901 174 673 982 565 1000 119 604 853 355 840 651 7 789 270 713 116 498 759 716 350 694 707 851 152 215 31 213 973 784 805 338 534 798 137 472 893 153 669 684 812 714 589 683 252 538 973 328 673 992 939 974 175 721 389 477 762 773 233 30 487 243 209 274 136 86 594 458 281 487 310 
164 897 672 257 303 623 211 212 281 769 206 934 924 62 449 955 831 122 637 674 593 837 35 291 275 507 800 169 715 754 563 978 146 417 498 8 644 114 440 770 598 183 207 719 217 299 716 303 334 212 140 516 114 513 892 232 855 912 532 730 837 518 135 622 204 149 329 695 46 806 316 762 80 487 397 822 723 205 113 486 775 492 968 876 847 620 544 785 446 177 15 2 885 446 450 519 330 952 186 152 
922 981 950 511 876 199 538 950 310 710 800 60 1000 812 447 580 351 175 482 390 734 404 633 425 241 707 227 694 696 460 740 43 160 920 402 288 970 138 878 178 994 715 969 468 493 466 855 42 70 951 863 473 56 693 152 543 341 75 168 183 276 527 243 850 282 259 488 519 447 139 449 672 675 639 814 446 448 263 337 131 208 24 821 335 48 700 427 769 294 912 426 139 972 686 318 757 94 703 358 203 
618 155 434 659 33 74 803 275 34 107 493 215 406 908 612 686 276 367 766 413 959 903 620 312 992 334 850 498 660 3 359 562 294 11 252 281 895 784 990 375 22 847 428 208 68 163 53 682 635 610 312 96 174 798 563 640 139 669 948 141 311 104 899 195 904 348 773 993 316 5 270 538 882 688 84 102 950 60 312 92 760 362 101 28 290 758 982 249 727 485 914 194 257 619 419 371 740 940 317 319 
237 267 485 899 432 887 502 291 851 243 387 248 384 327 375 655 864 695 495 598 109 463 80 346 564 365 713 459 586 800 647 475 915 856 425 49 783 808 674 60 939 616 404 853 245 290 246 330 775 490 521 757 625 431 589 555 712 627 169 172 212 140 60 215 602 68 396 373 257 401 846 535 882 761 10 180 775 441 787 16 930 370 958 758 719 687 246 801 567 941 908 738 355 41 623 86 310 54 10 283 
337 671 731 694 52 887 134 434 872 515 778 493 569 918 513 349 457 100 193 244 323 898 965 892 599 981 159 569 561 65 436 861 461 861 337 537 545 631 29 477 713 884 774 709 902 709 468 334 280 659 683 185 990 211 859 863 128 618 189 76 199 598 280 650 197 132 82 168 742 527 223 404 316 581 429 655 114 719 804 788 224 518 82 118 443 888 426 363 831 377 606 207 959 248 12 430 959 849 214 44 
605 359 133 679 586 259 573 215 843 441 672 149 700 874 689 74 681 300 856 499 475 684 275 843 720 355 278 705 59 516 888 513 544 481 745 840 494 333 600 491 381 33 244 73 150 470 749 391 244 659 141 606 781 272 257 332 442 164 86 534 583 286 723 206 78 900 931 692 764 583 78 714 632 986 756 405 455 629 519 281 180 944 417 567 216 928 646 765 245 229 837 376 396 3 439 50 466 994 932 515 
214 191 935 918 420 427 866 232 286 528 210 487 46 195 170 754 22 572 684 164 569 963 382 229 831 860 761 181 56 166 185 729 366 571 513 41 695 418 354 462 821 14 393 161 799 158 675 53 404 34 208 916 712 441 326 440 53 189 94 154 770 331 974 99 794 9 926 494 405 646 77 659 152 487 691 987 76 498 717 929 101 92 496 791 858 44 554 257 350 26 261 362 869 107 21 185 416 977 625 624 
23 393 729 664 101 898 615 402 171 247 212 765 800 237 992 704 503 537 178 731 559 757 451 957 786 18 147 989 910 493 999 56 675 545 207 600 878 154 250 910 311 156 222 76 659 988 222 248 903 178 620 640 525 823 357 486 806 904 57 876 357 122 53 970 931 97 328 439 652 95 153 18 884 561 261 714 340 870 205 35 578 242 323 918 429 631 981 712 734 555 5 136 38 530 13 228 794 261 47 127 
537 943 730 321 688 312 333 260 851 703 222 766 964 793 945 226 194 378 958 635 107 460 853 84 954 683 819 581 520 327 475 873 345 968 41 99 138 540 771 98 615 515 116 770 678 615 71 488 568 37 769 5 819 220 754 560 899 449 580 693 995 820 277 248 93 123 576 131 735 891 850 583 29 816 198 103 533 684 448 462 248 118 255 638 290 985 803 657 20 206 998 822 699 510 145 364 605 557 472 332 
914 907 933 604 388 841 933 139 70 551 92 152 573 225 815 373 384 812 231 354 873 57 607 507 272 288 607 630 117 652 549 716 375 353 269 143 4 404 61 574 815 770 408 131 225 520 51 165 47 494 615 874 729 942 208 733 237 580 686 735 230 331 207 835 110 267 153 437 250 749 557 184 355 48 122 328 277 826 207 976 978 664 22 580 928 546 400 113 397 106 178 714 417 738 709 993 374 480 116 67 
798 572 600 245 174 12 43 71 372 785 263 335 821 717 874 987 57 175 530 30 75 137 381 397 880 794 921 883 684 806 323 146 183 480 253 104 400 668 546 456 626 170 255 156 851 276 617 930 908 410 385 843 763 434 811 840 31 583 307 541 607 24 589 626 970 478 847 198 727 302 924 502 503 192 933 910 675 123 92 9 532 799 159 287 332 275 441 913 470 52 83 46 496 960 227 997 746 788 196 817 
407 689 735 674 38 325 667 372 818 664 543 431 809 609 220 945 536 52 849 622 878 287 331 627 494 431 29 503 500 939 639 903 420 840 57 478 637 618 526 707 470 854 758 976 776 168 490 189 634 399 896 596 217 851 952 322 2 713 643 370 589 240 749 639 471 298 675 648 790 963 137 658 754 371 693 689 553 300 175 853 453 120 290 219 229 251 750 65 923 977 828 849 656 598 296 343 5 967 485 756 
236 743 135 113 959 683 8 401 492 730 748 880 58 863 607 779 367 169 595 119 474 234 47 880 370 203 681 606 552 660 564 111 268 348 541 137 895 805 884 82 253 829 265 984 924 511 280 889 5 396 766 115 626 53 906 127 252 837 553 685 980 404 916 496 544 585 801 345 387 276 675 415 836 885 847 281 99 236 46 993 157 363 175 808 783 659 257 999 238 568 192 488 608 218 208 781 608 695 545 593 
63 654 416 929 149 281 513 949 433 789 748 40 162 470 884 403 215 440 892 440 837 126 60 188 659 686 118 652 359 233 153 564 673 3 909 289 731 797 508 787 424 948 954 805 337 89 381 689 566 750 282 768 861 342 938 210 660 240 590 64 242 599 688 104 485 862 504 198 25 755 396 339 567 136 664 431 823 456 542 651 14 70 838 450 796 606 984 13 712 172 112 487 890 70 982 696 31 451 664 482 
884 180 957 237 311 927 194 481 235 331 710 407 629 275 85 579 32 480 966 674 847 342 327 531 390 222 782 72 401 524 311 193 104 577 962 662 795 110 511 770 370 376 516 634 821 146 95 791 416 36 648 586 319 425 72 342 64 716 47 441 485 870 311 737 322 813 966 421 804 29 256 394 94 85 400 134 736 878 381 490 687 939 69 416 458 713 765 398 844 387 223 546 63 957 661 677 641 586 874 575 
566 799 430 398 202 716 794 277 731 664 131 60 613 777 878 648 789 5 615 195 94 555 475 403 536 652 906 964 893 970 567 743 572 787 644 239 653 913 67 325 547 120 176 585 717 725 693 431 919 671 222 753 250 785 35 857 304 972 547 28 70 231 280 758 752 659 79 132 318 142 530 35 998 577 12 427 260 643 73 498 911 167 986 713 403 43 583 350 248 267 771 923 398 1000 213 707 182 484 495 946 
654 313 186 238 739 445 118 450 391 538 973 424 760 117 853 217 562 488 304 14 231 445 737 569 820 326 617 326 744 707 860 735 429 363 621 604 9 711 654 828 638 213 173 959 352 687 939 874 831 987 548 989 508 442 876 61 494 348 580 92 855 782 491 831 815 167 694 569 649 360 891 761 981 822 593 675 942 374 686 285 339 828 660 668 61 940 606 659 36 973 539 731 609 109 913 623 29 415 935 406 
55 597 835 404 876 32 3 249 209 472 72 855 595 248 300 859 320 802 26 762 874 755 713 261 164 154 872 800 291 677 100 699 618 476 425 327 505 489 73 557 505 164 795 793 638 677 100 574 884 529 293 631 89 45 495 246 216 829 132 944 458 227 383 7 391 932 578 822 760 833 540 605 497 145 799 715 246 616 177 752 296 736 873 415 634 390 489 322 611 402 715 665 1 315 301 288 617 54 798 113 
413 591 217 254 515 130 223 857 364 262 873 369 407 795 538 960 401 187 323 374 159 192 619 735 89 531 487 692 961 514 85 977 889 268 109 478 27 694 84 599 94 461 151 34 690 752 203 108 717 531 466 622 24 204 785 843 947 861 561 8 932 518 311 340 576 720 27 156 447 196 617 512 898 951 837 49 219 572 392 17 158 723 588 733 939 366 149 203 879 222 39 296 121 217 968 746 882 410 537 14 
616 623 584 728 28 606 920 378 801 821 386 66 643 135 448 95 394 76 997 397 485 424 354 258 807 462 302 714 891 17 268 440 811 763 787 418 633 115 892 30 768 213 131 972 867 18 783 624 114 523 127 476 642 766 17 855 205 910 183 687 99 42 867 90 768 746 371 105 373 143 19 560 959 702 78 44 591 467 437 874 783 680 354 889 994 6 755 955 381 999 394 700 175 311 955 457 853 604 874 722 
671 330 351 960 9 585 353 23 936 388 720 39 655 84 293 582 242 907 361 432 493 719 64 28 654 998 575 164 345 293 914 478 736 157 393 163 535 21 47 511 746 189 599 371 32 993 498 764 9 831 782 95 701 944 957 768 751 28 369 658 823 694 403 731 765 323 484 187 260 232 293 285 447 299 848 776 953 683 123 648 66 741 379 818 13 943 755 471 355 867 412 444 436 226 155 233 220 293 344 647 
540 968 28 492 822 613 292 529 266 352 398 543 606 33 701 495 315 792 742 590 745 719 69 497 176 458 663 844 983 531 713 621 235 254 368 752 593 829 612 879 371 164 339 794 668 760 940 865 29 488 28 698 69 7 289 806 820 951 952 909 660 835 816 81 741 772 610 696 687 635 313 154 211 389 856 704 355 491 954 806 928 69 339 268 25 271 696 901 626 874 627 573 39 644 882 305 418 128 713 5 
821 906 172 163 640 556 239 67 939 425 403 976 749 521 636 452 462 786 160 827 390 971 135 142 293 783 311 877 60 309 491 852 957 854 556 36 133 524 293 756 637 430 891 26 866 637 760 250 265 537 744 827 427 385 948 530 303 459 863 198 253 313 834 878 884 313 530 118 351 544 229 729 33 74 249 834 488 809 363 942 71 909 685 400 793 420 506 586 904 200 729 772 529 922 385 57 434 337 677 615 
250 197 411 655 123 175 285 395 2 778 684 935 477 646 633 958 977 368 429 784 774 227 52 527 336 287 976 931 847 714 644 409 754 55 225 978 610 84 447 208 122 438 949 346 162 555 757 690 685 579 582 137 185 977 574 989 628 178 354 63 872 840 75 856 515 664 261 957 811 388 661 218 314 957 445 869 169 104 84 87 821 301 788 614 380 759 542 340 495 118 476 995 382 578 629 421 990 370 878 916 
909 853 125 998 35 992 553 58 935 896 429 678 386 992 201 98 228 85 674 175 292 614 28 326 585 279 28 717 8 567 379 896 185 740 229 126 750 500 499 97 998 145 770 774 163 738 471 798 660 85 917 208 984 591 611 797 622 1 752 995 630 402 839 622 725 863 951 633 353 934 186 962 996 456 131 306 374 589 751 228 154 309 935 795 305 621 872 961 833 157 288 181 455 431 842 12 385 195 539 468 
242 565 933 712 479 821 43 119 782 895 351 294 826 277 552 861 667 593 466 457 534 35 996 205 579 725 181 913 351 845 557 820 349 252 947 987 772 755 459 126 811 442 119 463 239 563 712 306 784 629 748 775 407 802 160 270 646 126 859 844 764 245 473 220 542 229 794 898 523 659 750 58 344 243 505 318 405 955 56 298 4 797 962 510 191 509 40 935 54 274 467 931 203 560 176 770 19 960 712 732 
121 610 610 473 526 715 886 187 459 62 599 82 492 768 459 649 830 648 187 350 845 797 234 102 696 683 19 721 88 406 331 895 278 983 352 813 965 443 243 470 914 461 973 938 342 146 658 547 306 15 423 811 94 231 437 262 205 31 986 499 493 714 963 178 688 942 500 966 225 481 307 326 345 890 869 990 537 848 289 574 575 881 196 962 432 969 474 98 395 203 740 863 851 634 802 251 702 26 743 775 
816 633 321 410 680 298 770 658 377 24 189 289 30 122 63 292 155 85 715 112 56 67 509 995 789 496 163 740 927 844 911 816 586 730 423 668 494 462 734 480 444 766 389 535 542 354 92 265 957 691 648 606 502 659 576 400 596 379 840 873 51 84 482 537 42 265 346 985 411 501 519 508 984 392 872 847 702 39 590 474 491 556 741 750 618 478 499 490 739 378 273 463 654 352 923 919 299 270 441 368 
789 729 232 821 776 911 140 317 246 958 109 452 272 546 805 396 935 111 969 870 369 715 68 157 261 211 800 559 207 445 523 444 438 191 554 691 410 184 490 275 729 20 698 238 534 561 212 499 26 333 448 267 282 968 533 592 737 591 305 313 357 166 911 508 990 286 126 41 221 421 6 276 553 821 128 466 627 109 634 148 213 479 356 887 6 219 529 303 833 28 314 713 631 223 587 850 319 266 884 956 
605 63 40 897 14 597 390 304 556 265 943 276 822 236 85 428 271 842 639 45 358 753 385 529 216 67 867 160 833 551 639 697 294 292 568 458 172 23 609 597 603 289 900 270 472 349 831 106 308 513 553 450 398 469 946 93 649 822 258 406 559 714 91 687 131 199 678 7 320 910 54 741 290 625 9 584 62 883 466 565 617 650 453 984 352 744 970 112 979 162 776 179 145 169 520 879 393 719 867 344 
741 17 440 314 647 526 606 583 451 34 675 779 511 392 550 301 640 359 146 457 743 522 332 650 415 218 825 8 692 166 522 672 297 941 179 437 368 138 380 601 767 881 933 882 335 929 764 201 360 652 758 813 74 637 359 385 769 174 382 170 513 335 979 293 106 53 713 135 374 836 388 90 878 656 748 363 254 868 113 869 709 70 705 863 987 640 514 414 502 60 294 117 101 772 756 680 765 309 725 0 
57 288 582 575 719 160 45 610 656 954 804 434 609 877 74 45 665 131 249 541 315 87 0 803 418 607 932 57 645 256 374 956 193 977 219 923 966 73 813 135 575 375 429 15 557 632 473 128 785 191 953 558 328 127 346 287 431 641 602 602 718 420 723 85 190 897 460 187 955 684 124 850 807 709 677 624 723 362 402 207 857 526 920 553 708 578 225 826 836 158 189 0 949 331 595 610 418 221 248 195 
2 782 581 463 237 306 329 602 896 224 370 652 975 909 330 994 313 570 621 427 63 746 943 66 825 380 72 787 369 111 196 148 451 777 113 447 820 363 23 786 123 592 216 691 846 868 15 606 726 48 981 688 51 934 934 220 477 117 861 337 311 882 613 185 338 502 751 470 896 36 797 531 462 823 274 44 311 962 638 928 416 631 217 656 152 333 844 862 979 157 265 149 300 701 987 63 146 302 713 807 
37 91 710 146 184 69 731 555 417 844 205 300 416 577 731 628 181 815 615 293 508 197 507 216 433 824 878 170 851 747 264 808 784 84 469 467 626 498 92 86 464 641 163 340 618 978 439 94 796 961 522 780 310 303 90 108 853 732 642 152 425 923 208 561 314 551 242 915 742 347 607 301 947 116 812 91 633 514 439 890 686 810 906 192 426 322 959 100 459 789 570 608 124 625 512 329 320 361 105 827 
410 318 696 405 714 523 896 590 37 194 596 577 771 13 138 322 526 136 246 67 912 241 460 325 909 377 858 16 749 950 49 748 118 189 963 663 305 810 819 752 742 557 311 504 516 852 212 177 449 838 625 295 807 538 451 803 798 106 379 733 21 753 825 532 608 829 944 49 469 514 697 412 132 882 835 719 995 157 521 106 797 528 739 974 817 21 897 497 612 510 658 497 615 420 2 541 326 159 911 762 
85 126 150 199 90 739 215 655 16 778 272 808 456 354 325 355 164 412 489 123 592 841 823 961 734 975 781 622 112 578 5 415 20 242 63 618 849 961 952 84 305 557 146 186 321 588 282 57 253 843 593 898 765 994 367 779 83 505 676 174 818 342 570 412 768 325 213 121 415 200 627 713 307 767 355 996 504 981 380 624 867 231 5 198 533 232 315 663 678 604 657 389 82 557 318 535 593 61 43 282 
712 481 444 757 491 472 495 875 404 656 656 61 677 375 448 890 945 459 324 922 769 901 612 848 261 738 872 788 335 208 80 179 844 722 190 546 472 727 468 513 162 758 351 547 2 711 570 486 690 91 90 209 543 40 518 762 316 990 742 875 34 638 244 590 90 985 201 699 315 256 867 846 397 516 953 30 589 67 271 928 823 548 114 374 973 604 298 175 349 539 690 757 531 178 482 625 765 223 69 452 
341 365 545 368 71 369 73 64 937 472 629 629 114 989 285 236 600 567 758 696 136 212 606 544 46 860 932 101 255 606 419 174 671 618 559 308 23 615 427 631 500 279 122 397 838 292 854 945 322 91 362 544 780 952 691 742 98 971 275 974 980 370 949 124 995 550 321 84 360 343 764 197 458 719 99 529 458 153 228 460 124 860 122 176 133 637 842 637 734 485 938 691 824 542 861 934 995 561 993 290 
961 24 153 421 886 630 460 1000 67 959 448 480 422 56 1000 433 390 0 176 857 475 401 267 958 589 259 624 463 462 215 656 43 425 690 266 85 31 691 43 694 144 506 477 418 771 94 68 909 955 222 156 890 436 430 772 304 357 725 392 716 537 595 560 132 477 984 280 305 276 481 710 536 385 956 570 82 624 43 737 117 27 581 433 941 943 542 355 1 300 195 884 622 602 840 115 768 750 957 201 841 
713 148 321 109 527 240 844 963 183 633 452 774 426 795 980 427 146 691 994 307 469 952 85 372 269 330 731 106 637 468 265 686 450 337 570 874 500 164 558 24 855 875 195 104 661 87 270 261 227 292 139 832 249 355 839 708 980 717 389 425 913 655 627 76 593 67 16 825 319 879 989 202 732 90 507 265 629 385 73 558 845 169 71 851 595 570 670 434 54 722 326 865 909 27 458 571 526 998 717 769 
78 78 77 954 559 715 276 344 225 446 154 499 430 787 632 680 462 774 61 172 943 664 28 669 49 19 113 593 916 911 755 662 679 290 880 449 176 711 185 247 54 666 444 670 310 931 440 680 362 15 226 873 132 631 657 926 713 121 717 663 793 451 167 980 556 517 956 290 928 636 164 784 632 446 58 646 664 449 928 153 468 477 257 763 881 246 676 16 552 99 429 459 447 176 769 915 596 599 402 169 
175 729 742 432 347 856 99 657 252 58 742 210 668 759 928 419 737 536 137 335 269 546 628 996 826 712 588 251 919 309 5 922 802 376 556 631 796 445 721 203 782 982 503 794 763 386 483 28 396 338 71 851 292 820 966 147 378 571 31 848 38 997 783 912 479 396 929 124 108 418 443 93 219 804 749 255 646 253 976 845 935 916 471 133 218 590 121 525 719 696 267 881 282 725 127 267 879 593 347 428 
84 514 625 653 379 482 434 679 577 324 758 809 712 489 370 915 675 12 607 971 734 863 749 720 337 873 390 911 61 457 302 646 4 907 227 817 495 136 242 271 809 262 940 38 117 959 700 140 115 643 829 655 384 921 730 296 372 95 858 328 746 409 726 745 281 444 472 347 793 217 715 495 880 646 243 714 535 822 974 758 889 382 653 510 566 504 678 575 526 186 813 34 583 790 604 164 541 135 273 974 
486 711 375 245 162 941 923 587 526 572 557 950 620 912 937 570 121 937 989 689 688 6 581 44 805 209 667 251 448 972 121 743 521 671 799 705 822 856 102 410 340 997 882 473 86 225 861 852 349 815 624 967 501 775 11 888 154 127 367 360 52 505 407 550 531 979 865 65 674 886 937 906 766 100 968 892 299 438 495 593 142 140 407 463 150 880 299 936 266 98 472 499 45 64 876 238 766 277 546 916 
572 428 565 724 541 617 39 148 59 921 90 404 360 484 206 357 314 392 704 459 205 262 448 665 778 514 937 392 271 75 279 539 736 397 504 526 928 83 138 175 854 732 356 992 76 986 242 850 530 885 168 730 778 982 686 533 121 699 690 603 511 828 305 18 515 438 436 756 320 569 74 366 227 647 379 19 265 754 561 565 884 568 200 212 20 174 839 198 528 511 883 907 940 649 311 127 477 932 287 804 
718 664 765 55 233 178 519 561 566 603 921 126 953 521 146 556 842 68 679 185 836 774 981 2 690 499 121 179 898 286 727 511 730 815 153 491 599 74 291 735 476 373 271 280 794 360 225 289 577 627 73 758 782 392 702 408 20 900 785 172 218 397 435 815 816 204 502 941 922 712 922 836 324 411 587 419 841 192 24 180 394 408 48 238 550 592 41 255 676 843 610 384 318 466 882 957 135 636 282 327 
56 293 300 264 332 590 203 253 337 685 711 687 390 176 481 107 96 585 14 73 151 151 367 390 680 613 852 586 362 774 307 317 785 210 251 249 672 666 352 516 620 100 614 735 532 775 428 623 880 28 700 130 189 17 946 831 852 55 175 79 430 416 844 29 11 180 938 859 219 938 307 415 474 604 193 605 174 201 540 616 992 160 814 447 661 211 496 7 177 603 154 400 46 204 65 287 562 352 642 760 
63 60 423 148 812 65 121 809 834 372 928 81 605 720 81 502 595 184 496 472 485 516 757 278 476 437 853 855 541 717 227 734 973 549 866 624 473 913 699 413 786 602 792 232 877 303 265 954 207 529 14 817 110 903 636 787 104 6 519 981 247 904 823 283 428 100 130 911 1000 605 289 630 527 521 711 320 498 139 397 876 28 626 432 723 172 488 362 564 625 314 220 232 836 539 713 242 989 467 43 595 
946 380 644 314 590 626 277 350 461 407 647 220 564 978 22 767 429 331 257 802 715 569 408 322 322 665 634 659 452 20 200 543 759 263 451 85 903 760 461 870 867 779 340 106 35 301 831 452 484 368 440 208 499 175 438 205 268 125 570 238 507 83 4 304 563 23 236 787 439 846 631 466 711 205 989 174 656 291 415 574 249 649 333 421 615 746 46 75 800 357 559 927 625 442 727 248 740 159 744 836 
214 830 730 525 725 922 803 784 796 802 112 375 701 681 407 928 10 694 293 313 393 747 867 182 512 119 784 711 516 896 356 46 31 68 577 432 45 28 925 455 668 977 632 707 532 526 166 51 877 546 642 958 575 913 891 690 733 609 718 125 312 155 484 923 925 121 87 775 961 296 430 83 518 47 138 770 701 222 52 942 396 558 971 436 49 789 310 864 462 960 7 433 834 391 284 580 607 788 380 298 
688 232 405 427 625 447 36 724 551 601 320 11 606 480 39 101 946 995 295 330 876 110 318 286 834 428 732 812 242 423 320 903 700 695 383 1000 942 703 15 819 503 730 289 241 324 635 896 987 516 247 911 306 857 442 147 967 405 356 832 46 552 542 512 542 992 81 579 90 446 250 420 153 971 688 792 554 339 265 770 879 452 601 878 67 56 450 433 679 101 92 507 999 662 111 427 897 550 184 740 100 
883 20 288 705 426 491 126 882 997 663 465 59 955 483 551 428 169 753 758 718 917 119 403 501 163 660 862 464 573 972 949 571 252 4 228 86 60 141 748 954 388 59 492 95 289 299 879 987 436 675 815 309 254 147 904 105 393 754 404 673 856 225 35 776 506 307 930 59 162 986 240 733 757 649 94 946 432 15 839 144 696 575 935 129 443 961 436 364 301 292 173 201 620 843 435 238 501 552 635 443 
404 546 911 151 655 83 772 520 511 324 857 267 30 925 133 585 253 419 201 607 970 439 781 77 459 930 712 64 137 725 721 705 631 375 672 864 319 146 688 85 769 220 727 612 23 858 121 331 943 851 38 681 499 207 745 630 991 136 279 125 194 266 358 128 187 399 615 763 174 351 99 736 474 521 271 794 82 521 487 469 471 944 408 33 356 540 976 513 972 921 785 806 979 509 227 28 176 5 654 682 
116 413 272 435 959 210 341 664 497 214 196 569 273 172 409 5 862 850 900 404 769 45 348 554 736 296 68 19 163 954 846 926 108 206 473 581 888 773 394 245 55 537 548 370 130 796 317 303 334 41 397 774 478 86 856 166 166 977 844 99 728 778 314 499 679 81 898 152 800 964 139 262 541 835 852 90 615 30 736 118 158 183 793 304 596 730 28 303 846 25 649 214 995 353 609 303 240 292 389 803 
974 534 212 14 42 588 983 431 763 436 372 239 790 50 215 825 390 940 53 975 214 790 926 717 455 812 430 772 577 470 276 122 704 491 921 744 90 732 99 778 278 743 356 959 506 460 21 476 686 560 724 172 557 752 733 790 292 13 605 255 895 717 925 168 53 94 439 173 665 37 703 713 39 484 231 342 23 927 920 824 347 753 553 675 400 634 617 61 492 219 248 332 272 258 485 724 22 849 532 674 
51 877 291 480 93 801 693 466 778 266 848 258 333 763 464 280 876 704 338 409 2 930 600 401 739 771 798 168 747 30 586 702 949 783 827 812 149 628 537 924 201 490 181 465 948 544 738 234 60 824 206 510 734 202 188 565 112 29 288 832 204 616 344 403 568 765 183 75 811 867 960 368 411 803 219 978 525 358 419 696 481 297 212 456 330 100 67 134 510 23 992 271 104 641 778 619 898 604 953 551 
20 0 64 830 356 524 115 880 370 443 535 684 96 49 876 849 249 848 323 112 369 643 369 306 230 945 969 582 399 686 243 345 632 588 813 944 456 934 177 363 692 816 485 492 703 890 962 184 14 140 914 243 481 223 290 635 609 803 709 170 894 43 566 837 249 790 159 871 176 874 912 924 349 586 907 482 405 135 309 974 454 87 35 60 556 462 604 325 392 960 690 631 83 74 716 516 556 486 498 263 
828 915 245 408 487 333 99 90 207 447 46 167 963 160 725 363 983 887 904 717 643 627 811 110 183 540 39 695 860 319 500 914 957 580 883 263 486 386 744 687 575 132 121 111 960 398 939 369 717 374 131 861 781 878 594 765 459 232 305 948 736 14 917 663 618 464 169 280 179 695 22 317 712 173 974 670 732 908 976 587 809 587 827 553 518 352 241 289 246 664 352 477 865 934 102 116 262 899 797 613 
550 121 766 963 837 745 67 828 524 202 828 346 229 513 788 353 201 978 541 434 763 734 888 705 621 67 473 276 530 621 470 752 4 333 838 245 65 263 888 198 197 197 522 382 52 782 849 6 208 828 801 213 21 98 13 242 466 890 581 171 531 360 759 637 398 520 612 335 825 854 617 802 942 599 724 48 107 398 315 258 354 107 974 210 784 231 563 408 508 705 378 635 732 296 946 180 104 793 571 707 
242 644 571 867 713 693 748 453 235 442 503 944 737 827 22 923 923 631 160 135 5 282 451 894 51 148 573 480 14 65 721 898 972 971 973 700 890 806 756 284 990 806 529 477 448 407 223 786 415 5 634 529 736 271 367 107 897 897 57 737 916 542 416 784 265 107 794 242 430 733 712 924 887 200 419 773 769 117 403 45 342 810 344 134 247 476 951 465 251 146 960 398 508 164 15 923 679 956 911 86 
88 740 282 619 366 557 548 995 173 1000 748 420 426 441 987 402 542 915 698 654 212 242 843 468 19 357 674 146 228 198 799 708 660 85 227 136 263 228 682 959 218 321 139 465 967 661 239 61 246 926 410 844 166 177 316 887 545 15 278 696 926 297 73 838 32 739 339 752 673 546 207 658 310 284 535 655 910 651 271 955 972 137 307 8 644 998 247 64 612 281 418 530 946 70 154 780 447 783 336 451 
484 942 39 206 894 759 879 663 110 829 1000 321 732 729 695 536 929 456 139 584 160 885 839 144 557 265 659 175 217 167 814 788 556 484 870 588 146 870 36 215 805 191 839 853 670 153 681 231 980 418 498 692 750 99 981 197 359 459 986 137 190 809 344 8 418 34 188 720 186 545 212 732 168 744 550 730 443 633 793 745 619 791 727 455 436 675 33 923 999 847 740 449 457 4 781 255 188 868 832 995 
260 832 458 891 300 819 728 188 329 162 997 676 77 356 919 231 148 271 277 887 432 913 703 655 151 526 825 828 982 467 731 679 969 285 646 430 80 119 905 140 711 346 774 391 471 332 514 251 662 786 487 804 46 496 83 545 84 137 748 409 47 803 672 438 709 952 375 114 469 752 530 138 468 112 180 668 774 899 867 191 715 765 921 978 412 672 618 83 630 119 259 866 545 91 244 985 204 806 334 913 
968 812 718 921 169 59 389 985 560 582 865 272 854 583 230 713 720 456 815 816 482 545 217 867 801 288 318 697 207 157 271 89 745 666 701 913 152 879 426 509 358 572 66 194 119 273 414 15 766 225 922 871 438 643 486 946 917 934 335 234 3 541 618 646 702 952 144 423 343 659 398 971 721 188 594 967 632 458 357 816 334 420 506 345 8 854 775 241 763 59 415 718 515 320 144 304 152 317 925 58 
568 90 104 391 141 661 328 544 776 700 485 301 690 876 227 576 574 916 755 852 227 232 914 619 289 16 120 387 725 473 630 775 555 534 384 480 816 855 64 65 704 287 676 298 973 579 22 431 569 125 634 873 8 775 656 37 204 39 897 382 26 243 326 147 897 590 521 932 555 832 981 368 952 776 322 510 998 615 537 556 69 467 955 1 423 464 442 369 663 433 141 942 987 352 198 914 155 868 321 736 
491 277 980 271 261 687 127 598 890 754 931 855 832 837 394 898 794 259 155 460 690 749 415 552 784 740 35 763 727 726 624 319 223 686 703 44 950 695 884 714 836 828 570 26 947 755 16 650 451 532 203 722 58 85 667 196 662 727 564 532 456 140 164 925 459 185 690 502 150 78 1 735 171 320 837 26 671 315 993 476 19 941 820 467 811 212 884 255 215 530 864 811 698 12 594 558 913 704 418 757 
226 428 849 139 730 0 631 684 903 147 29 971 636 577 193 505 527 321 225 73 21 313 356 89 180 243 504 421 272 628 563 660 164 175 78 584 269 861 817 418 465 333 660 178 471 743 43 957 212 766 19 850 448 951 721 142 106 259 132 262 903 97 599 264 938 894 234 77 259 696 379 880 71 763 513 981 250 167 807 991 86 650 858 955 452 384 186 642 565 845 42 866 480 775 929 840 852 714 40 540 
180 290 103 172 132 262 181 516 699 905 551 742 92 792 592 901 872 130 330 857 68 368 376 694 902 829 362 596 819 882 318 51 76 989 554 197 698 979 481 905 414 707 371 507 531 776 589 814 121 985 269 131 425 62 711 404 950 836 23 126 360 653 76 474 969 86 897 349 112 858 19 138 152 814 93 421 217 195 702 333 374 157 523 282 131 324 986 91 711 545 331 325 73 792 762 771 488 239 6 277 
64 907 407 758 362 617 100 726 801 401 588 977 113 639 732 248 66 507 500 731 391 471 418 488 980 735 369 478 19 142 742 370 372 437 232 383 870 249 37 967 21 471 719 8 313 322 660 794 538 97 379 559 848 710 45 373 473 176 675 270 959 895 616 68 457 441 279 766 198 320 512 516 781 818 138 262 0 180 238 578 239 14 419 731 837 836 457 590 810 965 719 614 524 463 512 968 94 991 289 150 
46 208 903 507 276 304 270 957 261 254 999 46 437 188 297 759 653 24 454 676 549 296 790 684 117 24 391 742 684 553 991 843 599 573 95 909 641 204 207 624 869 429 791 364 937 157 413 811 32 609 831 143 509 543 378 638 53 266 856 695 498 198 847 279 661 642 766 80 175 584 632 736 999 191 85 158 661 444 914 239 844 23 195 899 909 616 770 589 889 665 45 213 920 582 328 546 614 221 809 661 
139 554 943 728 200 116 268 880 582 612 595 490 427 120 211 580 227 445 676 497 720 699 901 29 496 189 377 97 960 798 78 616 648 186 589 363 469 153 139 833 476 522 633 419 707 236 309 945 299 350 40 864 167 19 470 436 989 772 152 787 199 626 681 190 823 923 552 666 605 37 705 8 2 460 87 162 331 912 893 214 791 632 962 362 282 751 621 568 548 852 764 716 727 702 214 14 26 514 418 1000 
466 72 292 728 84 137 430 935 734 941 16 403 20 214 354 441 387 884 927 886 642 581 6 230 891 999 927 71 846 729 91 459 561 223 381 53 487 283 492 487 230 958 939 61 228 776 690 637 714 371 342 696 301 740 353 446 114 414 250 130 742 514 737 816 875 153 85 900 609 200 440 963 30 131 642 574 773 882 723 416 320 498 987 573 90 412 982 496 189 846 3 343 126 342 456 728 822 705 360 427 
