762 270 352 134 149 533 775 671 39 796 110 658 907 926 288 739 324 210 413 356 806 628 143 498 0 625 727 863 994 746 988 108 906 737 928 728 909 794 236 150 300 531 307 863 101 55 478 825 482 4 423 973 381 914 625 636 973 923 646 555 948 69 282 336 474 262 306 282 609 204 445 358 486 250 62 748 860 47 914 295 788 245 400 232 864 382 502 306 845 54 888 450 209 758 454 582 11 45 743 152 
828 789 141 496 335 765 953 533 595 361 387 52 426 236 117 774 329 123 254 146 689 54 898 670 370 575 112 962 78 296 34 979 939 836 634 420 281 618 912 248 233 108 248 922 568 694 209 687 606 298 233 328 694 685 68 282 734 331 690 779 671 296 378 88 398 489 745 574 570 284 998 75 392 689 766 466 348 193 820 301 472 538 280 770 651 334 444 896 411 809 740 702 461 828 913 917 526 724 859 398 
385 503 296 253 751 488 609 802 848 821 803 38 360 120 792 938 628 352 657 710 113 361 759 854 474 869 654 919 688 213 181 966 820 789 632 763 914 990 40 465 270 401 701 674 149 286 724 447 275 618 981 37 359 342 499 175 437 720 503 482 24 532 782 445 802 961 493 419 878 822 330 196 435 107 571 963 693 352 191 947 634 849 299 993 1000 980 453 524 61 671 779 588 162 281 931 943 296 232 432 374 
461 349 995 609 908 402 481 286 159 379 260 164 203 733 727 893 471 25 442 469 674 591 351 432 382 365 521 425 271 8 254 105 157 639 856 973 944 784 420 109 147 894 36 123 308 772 171 908 348 841 666 297 334 566 502 247 611 369 952 623 88 121 522 627 628 908 84 67 840 978 483 708 35 694 267 155 159 309 614 614 821 628 806 302 826 659 418 513 961 297 656 938 675 129 523 651 864 495 205 288 
312 269 136 77 476 466 902 955 457 620 601 373 55 147 911 661 858 799 317 936 733 371 283 60 390 887 41 393 387 446 555 766 887 474 735 337 42 518 364 961 647 107 852 894 98 425 399 711 997 324 419 420 796 647 889 358 119 96 874 298 102 699 191 547 134 775 781 738 1000 318 54 385 884 700 950 958 823 842 508 718 686 597 170 852 110 643 69 517 712 637 241 522 978 232 960 110 427 264 356 546 
901 322 147 781 786 19 67 415 800 125 747 302 905 956 55 417 914 747 113 527 385 234 218 456 820 465 741 18 638 584 29 713 622 827 644 741 125 246 619 302 630 994 487 110 329 985 499 742 800 496 630 782 881 835 944 843 903 558 11 40 414 589 6 747 905 559 782 952 206 718 972 344 591 959 595 471 56 836 304 73 462 186 284 80 925 866 716 198 678 424 444 148 348 24 199 386 135 919 405 280 
29 671 379 247 141 971 945 618 572 192 8 650 938 895 559 356 58 42 89 563 412 928 150 830 392 586 648 738 98 361 34 213 280 683 373 152 752 786 911 84 611 640 753 406 6 97 22 24 775 345 477 474 581 965 924 742 979 443 587 624 212 911 810 366 309 896 700 166 667 633 375 329 691 795 43 134 957 413 614 659 67 345 520 205 567 329 92 59 738 111 391 748 944 714 348 596 483 563 60 580 
211 402 377 956 515 351 995 349 40 992 824 540 318 470 285 409 453 766 352 715 308 428 283 839 114 784 951 196 803 833 15 248 769 234 763 232 199 819 474 700 164 670 492 808 339 806 343 223 462 647 510 550 702 567 216 798 409 209 859 787 862 852 788 632 400 395 870 730 123 955 535 397 194 681 404 772 523 819 791 361 16 946 158 143 442 658 4 919 930 440 284 382 415 268 435 328 84 272 301 797 
0 438 845 910 262 46 952 236 663 24 630 241 588 710 90 530 529 941 18 73 497 928 740 904 106 27 138 332 276 846 405 536 528 289 651 173 692 903 212 638 30 164 386 660 104 896 421 101 564 975 212 409 218 650 501 355 362 704 160 254 439 377 710 187 449 990 551 964 32 595 154 233 617 843 502 691 947 147 334 737 63 655 33 162 18 185 728 475 580 242 931 820 583 588 24 502 319 177 838 510 
926 370 973 210 22 651 235 185 982 660 836 215 633 300 238 336 356 883 454 634 885 961 394 321 309 503 158 577 560 431 833 422 450 436 123 139 115 397 26 340 762 255 538 464 145 830 262 588 607 351 685 291 942 628 103 963 25 295 30 664 222 40 982 383 5 80 819 744 539 162 77 926 865 283 599 615 200 751 309 640 862 453 655 989 694 560 150 561 217 670 748 103 975 678 126 380 282 374 554 86 
309 48 382 106 884 882 60 213 640 482 57 993 671 864 64 112 183 494 982 352 869 202 375 583 845 949 236 268 387 318 270 614 33 810 483 341 90 404 382 929 338 928 726 652 17 1000 441 444 854 789 468 466 707 336 741 585 671 800 258 619 571 6 179 422 626 673 256 674 672 351 612 411 358 70 902 47 413 246 830 114 730 437 274 160 164 321 988 705 664 324 347 229 966 27 426 631 816 847 168 532 
276 610 426 741 810 155 186 584 397 154 977 690 689 7 604 796 86 375 720 603 988 204 431 3 428 897 116 162 633 836 803 582 832 629 382 395 885 461 633 425 598 712 915 505 763 622 849 147 691 769 39 421 142 231 924 709 771 509 464 503 418 37 220 690 543 741 693 90 812 317 439 782 234 164 527 655 837 304 234 733 364 370 394 207 342 790 626 967 543 675 638 944 580 392 43 861 684 113 764 44 
137 11 56 403 703 790 441 22 334 929 177 798 193 157 574 28 146 761 244 173 980 256 434 618 272 745 947 740 283 168 917 431 609 859 235 942 394 869 274 233 757 529 764 456 124 101 587 190 345 106 580 732 489 170 629 206 184 421 205 480 203 687 803 873 405 512 313 811 976 194 79 836 697 955 635 375 878 803 908 811 850 99 899 335 199 837 973 764 405 20 964 157 679 140 896 332 720 296 724 163 
487 547 977 806 83 62 32 176 363 190 619 994 59 282 383 24 721 973 713 583 336 225 313 836 620 26 342 972 993 792 165 723 847 441 614 195 457 417 53 643 342 694 248 168 774 335 806 981 242 375 762 166 102 872 350 623 539 636 910 208 751 286 177 186 459 821 318 534 907 277 512 125 917 522 415 736 839 169 203 199 613 613 873 62 668 234 911 443 763 79 914 386 767 972 864 445 41 0 109 648 
112 299 352 68 823 10 666 794 906 81 570 511 927 533 876 835 612 237 615 567 271 889 995 918 652 546 587 962 23 963 674 864 554 232 640 380 653 316 581 986 872 692 13 995 218 868 548 307 995 291 274 107 709 771 784 578 507 22 936 535 540 344 384 615 308 625 237 605 175 260 688 44 813 15 180 492 836 112 524 621 746 375 54 303 445 907 353 71 968 579 507 127 637 877 873 55 784 48 341 466 
851 387 653 115 592 543 819 22 760 531 871 139 540 308 339 11 9 93 518 440 535 763 961 135 355 880 934 79 465 547 395 825 358 157 654 156 83 196 623 45 132 310 626 564 862 773 342 361 444 658 152 882 987 173 38 954 841 91 350 666 527 516 591 906 404 306 320 188 195 406 962 358 968 287 179 698 318 739 472 512 292 88 37 239 409 19 903 228 639 770 294 988 906 609 967 317 245 914 739 209 
378 301 180 66 850 113 136 869 317 189 627 668 49 858 698 269 242 35 167 518 461 704 559 905 185 799 463 654 649 705 1 94 735 17 397 75 802 486 77 974 434 458 484 6 442 430 778 190 501 268 108 799 590 792 840 879 449 233 920 981 517 654 332 535 528 992 842 42 174 756 69 677 829 15 602 740 601 817 891 253 856 575 137 266 217 555 120 665 47 310 809 884 302 814 745 785 237 312 305 104 
473 785 985 127 286 54 325 181 343 942 195 536 37 54 819 20 797 585 421 651 455 581 115 627 478 107 963 768 544 3 237 505 99 491 45 205 74 41 919 789 983 993 298 940 182 635 49 137 545 549 702 984 763 136 450 80 126 977 422 721 381 349 796 477 979 721 121 345 901 136 559 765 525 51 27 618 160 990 928 875 630 577 738 800 560 830 296 906 504 642 643 936 998 693 377 680 754 991 629 494 
30 990 952 280 978 849 144 543 753 504 619 743 652 140 697 245 282 222 449 845 404 305 391 838 267 871 353 669 890 398 186 838 155 240 482 577 124 268 515 43 346 858 991 453 33 85 851 981 989 644 229 649 432 6 138 292 952 380 492 752 171 310 383 221 842 85 303 225 546 666 995 621 145 815 628 414 106 492 996 556 820 837 880 840 425 489 894 144 465 140 648 90 230 941 573 953 616 779 874 44 
524 767 892 7 799 181 41 302 231 336 965 139 962 779 145 488 578 906 672 372 495 387 598 297 506 112 121 134 164 557 999 357 653 523 239 657 665 500 831 17 123 300 111 98 676 185 369 257 687 433 725 779 170 47 928 416 244 927 490 525 561 569 273 476 674 324 524 394 980 190 85 975 494 661 737 428 874 100 954 413 913 682 527 545 461 31 380 859 874 471 279 546 238 691 406 85 551 672 979 657 
414 683 649 349 355 254 974 286 886 138 520 844 417 691 108 628 195 516 237 232 775 211 102 953 702 488 77 755 96 339 35 447 618 931 528 467 287 682 579 949 544 680 654 276 213 777 180 623 442 323 932 893 403 148 683 680 598 977 816 497 893 901 355 989 993 740 750 1 655 749 895 903 59 838 910 795 240 705 658 988 601 333 691 73 34 591 879 67 170 334 667 776 150 624 850 132 505 651 488 95 
891 822 473 506 11 761 683 90 343 277 753 544 932 27 543 69 590 49 454 780 910 226 132 568 309 845 194 635 541 333 480 235 475 643 651 462 659 776 28 48 635 317 207 951 384 771 379 852 800 51 920 187 229 379 564 251 895 56 877 794 841 128 390 588 239 984 632 58 827 615 545 984 680 463 247 659 819 370 848 230 987 981 856 516 678 465 287 741 348 913 274 241 297 143 815 529 124 251 727 7 
950 99 431 120 14 104 260 196 656 766 339 134 449 750 404 156 240 255 560 823 808 931 282 811 44 418 282 944 693 519 533 912 392 848 758 294 3 72 781 704 822 472 456 525 195 805 97 992 792 554 234 411 184 835 571 983 488 183 215 629 900 940 669 720 656 795 845 797 794 10 848 599 741 765 232 49 392 646 430 515 418 0 398 428 59 799 114 592 640 313 122 857 806 438 864 421 123 524 436 439 
220 100 539 638 95 518 4 43 418 145 243 303 903 648 612 558 640 638 536 361 195 210 737 199 739 272 904 26 164 871 619 790 298 420 117 795 434 683 161 406 685 862 369 670 263 693 541 563 740 606 420 898 598 213 20 268 594 935 310 916 436 612 810 512 468 736 598 538 581 471 60 326 292 371 933 66 694 252 310 418 120 506 197 811 227 528 902 545 248 913 609 339 252 645 924 96 643 878 353 140 
815 136 976 802 704 625 325 572 32 97 762 933 39 468 38 120 51 611 848 697 514 843 943 178 504 502 935 398 256 25 270 875 933 488 507 713 468 893 658 664 372 16 572 54 500 623 551 852 839 872 720 419 353 404 269 827 268 87 504 171 153 767 621 423 478 881 667 212 581 397 375 141 981 949 208 250 858 95 158 774 332 690 159 76 963 358 273 542 172 716 351 759 97 843 885 832 99 627 702 264 
624 275 433 846 877 146 432 95 469 156 464 202 957 874 641 973 33 776 27 348 354 832 671 219 1000 542 710 590 651 456 974 933 586 978 198 941 889 123 638 731 216 37 799 336 635 685 370 166 824 736 341 645 492 522 676 971 151 450 619 165 295 943 732 199 609 348 124 377 69 532 141 808 650 636 542 107 486 987 568 541 255 429 99 338 449 972 892 233 757 692 597 958 521 1000 536 917 654 856 129 153 
303 747 502 286 813 307 237 809 519 483 597 827 13 543 828 290 609 545 595 909 877 772 112 438 471 784 334 414 869 789 515 438 24 899 907 766 11 199 932 532 631 674 813 824 187 105 660 27 614 650 691 843 865 829 614 468 197 259 791 385 824 657 942 127 441 634 746 591 535 596 17 184 442 914 772 395 280 217 39 607 329 517 888 157 628 828 691 345 555 257 742 157 295 271 50 757 127 144 184 255 
710 97 80 765 366 16 364 721 561 677 327 784 798 374 521 434 64 772 4 627 820 164 950 439 289 715 14 744 595 618 760 220 194 78 588 239 428 580 787 610 269 170 438 816 163 324 144 187 168 178 6 417 397 494 540 149 396 266 449 830 171 269 535 796 548 145 270 51 882 765 301 497 260 517 350 95 424 150 325 910 867 392 935 403 818 75 586 986 532 653 523 996 828 699 137 908 585 792 504 511 
148 40 285 326 597 693 233 231 180 213 677 750 424 170 709 810 76 984 615 509 218 91 690 378 964 847 868 684 365 129 289 252 780 806 296 74 991 715 914 802 619 915 555 951 369 683 931 645 356 551 60 783 287 406 331 575 789 60 826 495 653 968 487 183 830 317 813 703 987 377 0 917 293 447 714 818 262 299 348 353 230 418 597 468 692 794 811 504 683 446 299 195 806 707 225 543 780 569 462 304 
45 423 843 786 604 991 23 166 213 1 870 727 331 362 374 592 772 105 975 306 115 880 389 299 793 719 899 223 23 656 705 875 260 652 123 627 408 711 678 660 840 651 838 619 562 488 609 63 713 277 259 370 928 503 748 421 918 105 633 556 161 336 982 450 193 843 948 173 71 288 58 629 464 632 847 986 703 170 278 822 87 246 228 12 158 25 521 356 694 267 42 417 401 263 825 757 696 751 80 274 
723 350 278 760 439 302 652 219 452 502 790 453 84 386 33 770 759 959 30 16 687 741 528 5 54 237 242 180 290 341 141 173 633 833 448 950 14 662 808 752 440 520 290 794 582 449 847 636 924 994 202 317 417 575 317 490 556 17 212 226 920 924 295 841 288 751 720 830 164 199 794 58 842 251 110 828 234 106 457 576 877 62 693 82 589 644 206 871 8 736 761 933 580 55 174 185 494 325 810 49 
291 269 289 738 712 744 332 264 149 676 732 21 701 79 769 188 89 95 14 41 327 443 280 406 625 274 255 894 41 309 460 76 696 230 56 876 877 168 481 574 464 788 622 101 401 24 445 533 544 612 386 45 564 807 752 243 137 903 225 275 97 115 408 334 773 145 4 408 869 18 319 922 344 268 833 113 196 199 567 509 334 755 723 22 53 764 245 67 749 304 69 973 289 192 232 973 565 856 335 40 
636 157 142 243 491 830 388 521 685 773 278 69 215 763 359 888 299 471 166 267 390 505 822 218 788 961 776 905 788 438 32 984 664 720 186 783 237 375 549 309 396 926 529 592 619 623 62 477 344 759 298 51 405 771 172 151 343 221 674 502 778 130 564 582 456 808 987 330 926 258 627 495 140 333 740 368 793 116 480 881 530 527 493 264 864 1 82 56 778 559 124 888 688 87 243 197 89 95 732 676 
947 855 496 371 286 809 957 865 798 857 439 662 975 437 267 807 104 18 968 463 230 319 488 467 716 777 497 773 278 560 901 491 906 893 317 896 997 550 641 809 236 722 314 498 806 700 110 48 55 69 595 824 419 847 627 946 214 438 268 522 427 102 280 798 581 374 565 692 365 16 759 507 586 102 526 714 74 504 677 59 76 657 6 419 671 288 191 924 586 994 187 683 747 315 622 767 556 58 217 278 
436 695 955 70 647 50 513 216 738 162 526 0 357 10 2 377 123 887 44 884 224 63 558 607 9 760 790 926 244 793 949 942 703 618 744 171 539 569 331 696 316 12 292 801 209 770 610 371 614 970 452 189 519 504 190 48 843 428 869 304 6 503 539 275 91 57 630 850 224 885 259 523 36 243 518 902 880 909 869 277 747 308 938 301 670 176 105 233 997 999 186 383 139 695 600 138 582 892 266 633 
967 592 775 818 807 177 784 252 781 982 433 195 568 442 332 822 353 771 334 804 414 304 270 542 461 676 7 724 522 263 574 818 995 743 460 103 206 27 740 484 141 475 996 870 520 512 199 340 459 962 248 122 514 829 67 671 877 265 871 114 516 22 775 916 350 458 122 305 932 894 319 965 927 894 987 111 462 981 347 776 147 280 447 643 438 468 505 495 741 114 976 970 135 667 746 472 827 770 176 626 
754 601 780 425 511 287 836 11 287 397 567 617 315 639 750 169 768 945 847 847 829 972 272 837 719 629 520 532 993 316 712 640 824 729 186 645 523 670 158 137 632 492 734 758 199 13 866 13 354 862 565 724 468 915 598 852 267 151 739 17 183 277 694 784 856 986 367 344 177 738 194 261 601 756 972 674 645 189 31 620 914 528 420 902 963 297 296 494 4 977 744 654 972 355 218 314 803 875 852 59 
54 360 961 442 163 239 201 813 942 758 292 218 330 214 164 396 803 355 330 253 152 69 544 155 608 78 771 544 580 43 562 560 431 739 430 200 5 986 281 274 588 721 33 749 421 592 845 424 456 95 217 314 365 62 313 470 106 404 460 4 677 246 792 880 683 927 886 509 526 574 245 92 563 674 104 282 976 156 166 300 394 116 807 576 933 39 760 267 322 851 445 572 339 851 36 827 63 84 20 56 
828 22 619 726 74 998 761 37 534 216 636 935 46 593 548 109 312 574 710 269 175 746 870 510 50 545 644 589 498 669 696 289 155 230 920 454 182 360 720 465 659 41 490 79 217 984 776 907 554 755 508 52 425 188 986 112 320 211 623 685 999 855 21 714 349 914 204 822 396 661 339 600 762 893 927 624 193 555 412 387 114 890 733 69 982 572 774 878 901 837 3 802 818 859 170 984 879 178 345 877 
454 414 666 56 677 854 498 711 369 828 791 616 423 474 181 351 684 861 476 283 189 860 144 546 310 50 236 843 734 488 248 381 790 814 575 453 193 78 532 311 447 920 87 86 496 481 461 800 753 719 423 541 973 34 349 302 247 14 103 231 935 874 913 237 514 187 135 298 882 977 473 401 377 944 829 799 551 505 175 504 929 936 276 564 429 623 709 425 634 116 859 55 70 30 339 707 399 714 355 181 
565 297 64 823 833 953 634 140 374 130 379 87 574 538 516 148 234 733 943 373 295 980 157 63 427 594 176 114 456 381 984 443 987 305 96 398 546 980 974 711 620 940 713 563 427 774 174 55 890 998 178 966 956 381 949 889 51 871 317 464 999 104 644 571 866 895 579 418 718 562 516 916 30 86 493 484 238 244 430 1000 749 847 618 537 413 109 150 959 570 429 16 957 424 766 543 1 913 611 572 555 
450 540 326 664 602 620 876 974 450 470 848 905 861 916 738 609 520 337 421 928 306 350 916 167 281 405 212 301 833 39 332 674 715 117 134 813 892 404 509 899 57 556 486 657 386 891 315 260 636 120 96 625 397 11 223 779 779 407 675 191 742 41 484 969 781 95 659 678 741 447 662 326 608 363 400 655 195 382 636 982 407 7 119 663 597 365 724 475 396 13 101 967 123 259 389 393 341 561 454 136 
998 304 246 353 952 24 127 986 955 291 544 507 715 446 126 964 342 875 970 894 520 940 801 831 220 747 414 278 987 202 139 280 681 620 517 446 859 695 720 734 639 72 114 581 990 169 526 448 255 363 690 820 240 418 808 282 287 661 935 752 596 682 432 583 25 339 436 253 688 515 879 524 135 305 904 671 9 665 873 292 134 0 338 280 324 324 17 82 716 678 736 368 860 597 207 588 170 222 435 426 
679 491 876 72 961 227 118 720 130 185 929 818 391 46 637 334 696 252 130 550 352 487 540 574 198 359 27 843 345 410 187 866 951 657 373 896 656 71 145 965 663 244 670 786 688 315 892 749 406 943 52 992 980 28 508 779 240 585 995 911 231 762 508 618 243 735 130 304 630 528 886 330 523 945 871 801 780 833 877 740 364 9 89 704 703 49 176 900 991 954 224 838 101 878 516 954 488 2 80 384 
904 938 304 493 972 312 191 362 798 867 455 771 441 565 328 143 274 853 478 356 497 421 232 720 910 819 443 565 327 517 354 57 111 97 639 278 167 633 508 206 1 828 557 366 373 837 995 440 206 230 897 118 283 603 396 86 882 720 994 334 366 152 405 469 150 977 727 100 372 68 657 409 835 568 464 112 970 584 202 577 527 842 297 334 599 802 677 451 172 953 98 581 132 254 983 172 35 716 729 514 
333 270 816 635 209 94 30 118 342 459 826 251 769 695 454 235 698 717 48 396 862 908 100 535 474 265 471 832 583 550 115 378 292 302 523 627 119 650 836 811 812 680 14 496 150 854 767 287 66 884 458 31 813 318 463 793 249 607 566 720 609 942 577 459 39 77 463 165 648 279 698 147 510 808 168 433 467 303 872 876 862 85 976 800 26 985 951 579 173 507 286 352 691 463 944 797 316 441 95 124 
275 21 349 7 906 551 259 43 503 631 747 355 862 399 243 42 518 527 190 358 358 850 934 707 656 257 743 326 512 340 928 954 90 919 469 511 459 949 235 381 548 288 583 715 46 256 404 32 313 756 325 801 159 558 731 967 879 16 153 970 802 491 984 492 813 283 831 357 786 685 485 708 653 674 897 325 828 392 834 577 418 313 1000 599 282 507 734 705 325 389 713 916 790 458 361 256 235 492 878 720 
418 676 754 377 815 171 544 963 271 832 465 733 764 968 793 657 729 975 905 473 908 931 410 717 609 608 980 152 645 631 307 491 315 783 247 982 990 444 401 618 867 505 776 579 48 172 479 540 655 632 749 57 617 283 70 869 141 275 705 139 73 787 750 392 766 846 585 400 920 385 389 638 106 716 717 502 461 13 695 659 477 549 866 958 154 514 64 123 106 887 529 348 783 32 547 195 509 395 180 563 
575 573 931 931 352 612 448 742 83 856 13 168 126 531 189 632 326 627 95 130 668 911 143 541 736 226 263 277 534 147 581 890 462 963 968 6 618 126 152 513 284 294 764 433 517 329 975 387 265 818 114 446 361 937 1000 835 796 527 889 834 57 388 537 668 342 944 653 35 152 672 424 236 251 298 627 61 955 475 176 126 426 299 733 473 830 377 32 220 239 270 853 566 712 146 701 242 621 639 97 841 
310 786 96 390 198 549 847 208 547 143 564 810 514 68 856 55 537 171 942 786 244 892 938 458 712 534 546 430 683 451 943 832 693 654 357 639 172 965 17 860 608 832 155 41 789 935 588 358 670 840 212 372 990 419 480 231 238 310 379 164 47 364 135 332 548 270 669 879 895 375 501 827 774 667 826 709 703 717 674 40 77 329 443 43 502 354 388 545 764 238 378 592 721 289 10 53 732 285 824 962 
453 6 13 85 481 989 525 566 588 975 931 630 127 862 840 617 25 668 530 594 87 910 202 769 647 546 195 972 29 473 173 186 452 896 259 589 300 289 174 215 107 30 778 541 96 464 24 327 739 18 988 725 174 825 359 451 690 422 645 364 125 232 102 745 756 797 263 79 945 582 208 461 207 443 620 222 652 600 101 10 146 681 731 478 939 662 589 377 274 771 786 125 989 748 985 243 910 92 854 637 
568 512 616 186 562 862 948 96 671 557 10 508 40 898 100 37 349 587 312 972 275 747 265 625 687 180 278 308 911 414 157 720 176 526 635 676 473 207 748 348 106 73 850 597 832 644 711 706 531 517 81 523 534 217 318 483 331 323 857 947 573 770 783 954 77 29 757 269 562 588 771 876 907 361 412 530 634 629 546 698 548 850 148 975 315 636 930 188 605 348 265 391 814 148 900 207 12 828 160 977 
915 595 677 436 916 239 400 323 523 774 625 337 365 860 702 896 852 485 280 862 85 165 802 825 640 994 41 168 928 347 861 27 946 262 216 805 490 782 123 211 548 181 7 291 599 13 262 264 359 574 803 610 81 184 394 727 986 723 878 891 233 17 168 957 224 473 333 11 779 66 735 108 926 265 321 220 888 674 71 933 544 491 275 635 541 193 401 532 236 656 68 344 807 470 222 552 757 972 885 118 
133 966 400 785 903 656 369 933 777 915 146 261 163 481 936 370 560 712 643 755 252 800 521 846 893 786 629 432 363 362 288 521 141 662 711 196 590 851 745 668 479 517 98 576 448 815 965 48 431 178 112 129 591 834 190 458 501 340 808 827 767 582 756 276 745 203 355 952 887 198 302 441 673 429 415 964 527 411 304 833 845 16 681 364 289 158 701 390 165 439 918 721 461 332 235 737 352 734 703 667 
607 763 627 958 223 479 222 827 523 240 976 201 213 342 801 103 437 961 69 210 465 716 688 26 793 672 622 135 510 804 414 786 215 344 400 603 321 886 13 841 208 714 493 669 793 465 312 595 828 521 462 150 456 651 294 607 169 90 779 757 911 308 143 385 204 898 294 562 81 872 561 182 567 726 176 603 841 946 229 854 242 736 299 122 206 313 374 525 570 233 62 533 719 131 696 209 359 244 875 589 
160 846 489 991 62 65 65 737 368 738 384 117 291 21 406 755 638 669 335 555 95 132 373 354 996 623 897 864 44 184 62 673 256 389 51 798 406 89 249 40 339 271 454 507 671 967 744 740 443 77 421 774 145 366 511 79 978 982 771 626 940 340 260 202 549 22 907 344 289 625 559 762 574 524 227 353 103 866 983 349 777 16 774 663 781 926 30 265 4 260 754 768 123 51 776 608 676 363 327 602 
815 320 90 993 850 180 206 383 958 374 56 171 66 674 986 364 290 555 865 663 885 498 817 306 185 180 112 705 565 732 719 231 485 516 368 48 874 251 746 654 172 209 871 602 212 926 226 471 664 32 513 337 35 620 523 513 756 761 203 155 123 21 152 925 145 845 676 765 520 140 111 737 206 436 851 549 635 467 807 860 133 80 655 480 303 582 831 208 571 69 13 831 916 605 751 480 776 18 98 748 
534 549 941 586 749 532 46 811 734 700 365 375 592 923 341 72 123 672 101 595 426 954 898 905 906 758 505 484 966 95 97 917 840 955 700 822 487 231 445 936 384 899 633 20 530 343 865 276 123 780 938 428 156 730 255 611 464 399 838 179 938 234 286 574 900 282 987 335 463 924 124 312 444 563 291 739 757 478 900 923 115 416 817 203 225 452 912 488 18 453 711 135 82 275 321 177 448 520 210 555 
380 29 916 208 425 622 11 505 868 93 459 578 556 153 756 123 942 287 903 794 307 264 859 414 436 659 514 734 89 365 861 908 282 675 618 823 717 260 621 516 286 504 173 93 315 280 1000 621 777 341 269 808 66 235 384 740 913 86 99 256 65 328 760 257 602 302 821 620 224 232 484 191 838 592 338 576 499 607 744 111 152 527 923 194 422 713 389 295 689 663 61 509 510 407 733 110 193 219 369 663 
479 544 864 841 468 400 851 228 399 563 721 877 899 917 396 925 214 24 141 574 942 728 490 673 410 160 467 636 746 667 442 526 562 100 957 216 740 48 814 137 193 822 877 982 216 315 541 565 132 56 951 645 12 265 87 773 736 92 599 246 606 430 532 499 238 565 52 664 868 772 105 993 119 335 554 1000 225 679 874 965 603 257 992 148 465 405 860 560 571 58 694 784 880 277 369 900 838 209 814 641 
124 373 363 421 992 764 721 765 305 59 917 349 88 861 427 283 472 286 38 851 66 606 634 367 991 730 73 297 935 654 573 657 512 315 560 937 623 905 591 930 870 739 69 426 507 915 861 530 178 537 529 91 578 436 868 797 556 582 144 304 48 524 32 266 490 206 934 449 285 591 46 377 34 225 310 49 62 956 815 126 654 327 400 982 666 975 731 737 325 138 952 413 507 158 484 934 650 385 928 608 
552 965 269 152 86 681 108 532 895 672 172 955 518 418 310 691 827 539 558 417 447 478 342 66 302 85 895 939 576 924 868 745 741 234 312 758 152 345 887 434 674 821 92 540 193 222 810 574 720 118 257 832 429 7 299 328 532 982 788 362 566 323 928 250 720 344 623 994 164 405 796 586 150 303 398 826 17 488 50 799 545 807 126 880 281 86 509 710 790 630 534 543 907 663 524 762 495 690 833 771 
651 180 130 914 345 431 830 434 376 400 117 976 612 629 887 602 200 616 121 919 525 55 433 303 634 393 555 984 439 598 527 256 740 171 705 355 868 614 842 734 38 602 348 432 368 898 557 17 97 475 708 476 770 38 820 223 513 311 109 917 396 142 85 866 265 238 202 656 904 177 785 12 318 810 507 898 452 823 416 686 621 174 719 37 787 864 408 848 828 958 843 347 786 814 814 618 750 1000 207 53 
546 89 920 336 478 820 240 652 308 935 717 146 603 948 265 827 715 10 8 668 172 206 962 284 453 672 477 925 430 937 576 343 791 84 201 485 662 349 956 929 735 608 320 401 661 713 376 125 889 821 121 892 594 746 1000 872 622 866 427 998 584 289 319 534 487 971 564 763 253 36 86 983 815 923 237 809 102 787 366 766 665 320 360 533 293 237 197 791 301 40 832 382 980 61 66 495 469 918 836 794 
617 57 842 92 589 840 685 167 436 661 46 812 438 607 81 19 968 397 67 459 689 952 672 197 23 751 407 111 574 825 744 415 367 342 117 322 1000 519 351 372 681 711 934 312 823 240 132 244 251 796 849 777 681 880 755 133 987 664 367 334 824 585 157 328 42 209 354 553 766 422 854 148 948 475 520 175 844 566 950 650 800 993 673 157 191 686 10 128 831 539 315 225 171 221 208 544 974 788 149 473 
672 682 342 261 803 744 162 863 279 20 491 869 150 144 2 154 97 64 872 923 426 403 661 972 279 274 577 400 970 547 439 989 981 607 896 242 751 61 810 145 697 138 27 492 875 71 647 361 790 398 80 925 233 841 262 236 480 116 325 514 733 960 409 553 140 289 175 941 691 855 45 246 849 888 221 300 159 671 284 531 815 861 388 179 503 697 189 839 842 901 52 959 574 37 814 165 688 452 281 893 
88 814 697 128 871 823 189 977 638 65 799 239 407 131 580 497 233 586 668 880 191 525 794 517 891 459 858 320 726 360 404 789 966 470 283 395 464 545 495 821 10 776 946 892 448 86 185 302 664 212 898 986 894 340 593 957 727 343 261 658 313 864 321 740 407 487 778 917 989 208 927 389 103 84 757 578 850 447 955 238 385 727 654 758 718 752 525 183 56 665 76 7 845 973 295 827 562 891 328 514 
668 517 38 291 613 871 703 986 392 575 600 458 809 106 966 947 417 196 788 401 433 700 770 70 285 787 674 694 514 40 963 28 943 917 156 496 341 541 954 645 409 539 519 729 7 363 40 243 110 505 37 245 34 80 893 387 724 995 27 707 906 86 127 213 994 522 326 104 80 466 82 199 238 365 274 13 757 604 687 269 273 739 210 736 662 107 932 37 848 815 825 98 846 632 706 9 561 238 969 213 
38 813 431 697 534 712 58 553 237 561 519 968 681 536 857 726 538 749 643 200 355 576 235 658 890 750 927 259 878 331 999 465 361 193 673 974 915 169 717 341 375 388 15 789 220 76 263 325 87 180 189 584 373 136 724 60 551 312 511 746 67 346 985 781 66 909 274 799 47 524 375 130 74 268 32 527 646 373 840 230 471 517 693 101 674 190 27 40 377 555 993 668 912 488 809 792 664 256 685 669 
740 369 839 667 190 904 826 526 748 140 76 526 697 129 863 511 96 467 252 333 788 753 214 16 671 246 227 967 46 390 218 114 589 83 508 230 238 109 844 668 689 190 162 674 266 58 871 505 754 513 208 382 156 941 831 594 323 804 864 330 806 528 860 304 439 325 457 395 428 331 12 697 197 988 944 140 145 242 986 262 768 803 462 282 976 382 487 873 370 669 558 545 472 675 129 972 520 179 559 182 
734 827 144 842 260 105 542 385 326 174 959 451 443 992 868 894 715 621 621 41 966 481 279 669 745 641 129 850 351 39 509 660 946 485 391 403 754 743 906 269 845 20 913 220 106 467 706 851 467 777 551 148 42 170 46 609 650 470 335 577 345 53 872 853 615 732 277 695 14 279 4 479 395 906 473 331 287 89 934 875 802 156 691 612 566 18 701 407 307 315 218 211 405 455 436 163 902 537 574 348 
811 894 741 578 829 367 786 365 326 175 784 719 413 395 253 121 230 763 506 115 14 241 773 659 81 480 434 438 25 463 735 697 960 92 70 411 277 140 54 675 923 512 86 216 307 352 665 721 213 279 599 178 64 690 95 233 418 749 844 548 128 32 54 98 485 817 945 446 668 632 596 347 688 606 968 228 123 295 180 448 104 939 450 537 564 571 966 540 514 579 825 387 322 139 948 76 884 736 467 278 
846 55 692 229 717 127 895 158 339 317 933 579 469 69 524 788 133 496 196 313 445 178 555 415 260 522 707 95 997 339 656 2 978 926 188 614 975 939 701 503 483 649 453 171 577 167 736 420 542 976 522 347 576 815 573 263 357 202 853 721 137 342 984 162 698 679 928 811 802 371 414 555 292 56 623 849 883 256 103 808 730 771 888 236 787 229 459 881 726 384 153 395 283 629 894 427 240 677 789 345 
241 814 607 834 285 227 67 110 802 317 524 354 145 180 526 396 616 236 293 277 434 433 45 292 426 654 552 280 980 310 299 187 114 448 243 776 993 770 850 666 727 684 659 801 7 652 696 676 766 13 443 10 442 212 527 871 582 384 593 579 137 831 387 210 338 704 284 982 392 403 529 701 253 507 319 864 808 197 295 262 158 931 175 250 783 214 907 495 829 38 700 434 532 686 395 913 370 178 229 641 
347 544 36 951 679 853 366 983 469 772 291 83 282 952 833 743 252 291 2 645 155 240 384 977 505 251 645 730 838 836 127 89 997 672 512 846 27 876 895 635 275 375 117 711 892 647 438 470 210 145 948 989 277 718 899 778 574 729 510 816 987 375 781 466 741 92 455 319 637 572 879 39 553 273 414 955 70 283 586 115 883 618 550 553 289 565 449 427 103 555 176 115 509 129 953 334 383 629 693 90 
632 777 923 746 184 559 857 511 670 677 460 429 36 522 740 264 446 357 398 14 34 207 22 22 714 827 699 219 597 866 684 914 677 563 725 134 140 833 298 656 603 208 296 421 622 595 810 159 495 339 85 967 69 771 905 672 861 366 212 767 233 368 473 68 547 259 78 722 149 772 333 321 357 0 212 705 54 200 15 724 436 331 364 841 139 801 226 879 392 723 841 629 786 955 362 575 376 51 222 134 
413 122 445 114 381 884 235 397 651 591 864 459 291 267 989 928 877 519 846 510 138 337 931 196 417 584 471 700 138 500 556 458 720 907 527 700 188 279 114 515 980 212 795 707 607 603 106 706 684 635 530 982 472 217 12 334 95 243 19 925 9 137 80 773 753 349 699 828 889 9 600 729 530 831 909 755 399 63 966 578 15 419 530 961 405 163 599 739 365 521 855 43 652 31 427 85 263 986 83 231 
81 987 917 703 925 624 860 496 637 762 607 425 644 369 46 548 412 448 371 896 332 333 787 990 615 151 565 980 704 948 856 740 107 863 175 766 425 523 87 230 79 760 829 514 508 814 402 503 269 608 84 826 617 161 143 584 285 276 99 383 887 60 921 498 229 277 252 670 682 170 439 964 432 411 340 751 433 209 414 137 887 59 644 163 596 179 26 538 348 888 750 368 680 453 578 696 419 321 757 770 
25 930 333 152 172 522 349 70 60 234 991 499 154 474 3 822 67 172 699 482 42 17 415 606 317 112 874 668 730 8 814 637 636 240 886 775 871 565 605 640 993 413 197 609 361 646 21 504 689 522 885 174 498 353 960 446 656 505 250 331 157 114 1000 254 46 24 15 300 54 174 225 490 517 176 333 781 399 519 428 228 199 419 471 290 66 286 551 319 342 504 541 509 330 778 452 987 221 524 720 430 
332 62 957 988 726 974 894 967 27 902 296 446 499 713 759 692 299 5 700 912 66 327 319 528 737 463 436 418 72 96 690 801 271 968 242 277 86 354 794 175 91 902 885 256 478 230 838 509 379 590 291 971 119 226 203 875 735 436 990 106 915 900 904 780 821 124 719 802 781 870 306 210 627 101 714 173 422 903 18 187 838 313 636 366 447 817 604 875 767 454 744 526 320 5 99 163 492 602 730 757 
764 769 431 80 366 930 3 392 808 767 731 968 16 572 732 40 542 599 4 949 450 868 951 58 49 94 477 685 825 57 549 233 318 572 167 321 81 880 621 997 779 546 669 590 531 813 102 297 27 998 820 190 245 174 139 633 202 885 712 762 656 496 34 543 856 963 165 19 826 752 804 663 646 146 701 243 587 716 756 556 144 195 602 718 420 613 589 824 191 593 972 415 400 959 244 241 751 191 144 654 
485 50 416 186 746 442 568 667 650 899 411 219 741 170 416 66 16 501 5 255 14 562 788 547 581 793 622 899 515 570 181 215 228 699 34 508 532 250 26 214 605 252 796 293 106 69 647 143 209 916 935 591 20 548 744 108 911 755 649 332 630 952 588 633 692 298 181 756 493 619 906 717 736 11 361 559 394 505 411 424 39 317 291 991 144 29 235 268 35 890 354 420 150 765 783 750 495 385 50 474 
709 987 213 843 837 318 491 137 327 169 295 471 793 472 808 871 90 996 565 732 88 340 935 158 493 442 773 231 266 573 833 969 217 260 844 285 953 919 398 917 283 279 141 698 196 166 967 586 262 372 853 989 9 962 929 336 736 876 242 85 507 803 155 448 414 709 261 755 452 29 617 823 74 233 836 831 845 184 428 200 743 194 272 229 318 818 670 929 166 258 780 84 494 230 662 611 264 527 192 880 
190 81 487 17 336 973 927 109 991 289 481 23 559 260 341 266 947 271 599 175 258 520 419 756 903 124 623 841 123 607 241 242 89 987 275 926 306 553 296 736 564 333 925 356 828 641 509 186 440 497 417 186 652 764 553 181 509 319 400 263 15 883 621 481 974 985 231 4 283 109 372 780 991 229 308 963 752 646 538 22 845 419 913 387 905 51 809 440 819 955 656 929 369 552 63 773 541 59 456 116 
610 783 299 121 956 104 250 152 37 231 952 260 133 994 452 966 827 585 531 130 26 266 653 380 368 469 262 967 482 162 5 151 531 31 171 983 753 524 514 82 907 963 844 355 208 298 961 513 719 506 505 458 967 772 557 300 416 961 209 649 122 510 842 761 218 130 131 754 464 303 173 581 804 275 892 509 346 937 743 431 698 984 411 154 355 761 193 956 52 84 86 670 975 908 951 447 422 611 474 691 
502 435 556 252 789 499 697 223 199 656 314 84 526 188 430 988 977 974 165 999 40 663 400 136 653 145 372 1000 717 951 802 283 845 433 648 230 254 230 597 419 308 428 634 73 627 236 41 838 232 402 811 186 356 548 68 760 753 912 232 519 489 224 346 230 942 88 323 349 288 918 692 278 622 403 95 513 513 43 158 582 10 235 986 401 833 25 898 363 273 603 87 669 925 419 369 795 808 527 568 812 
613 708 13 877 51 118 832 71 274 820 195 795 535 811 543 334 229 40 706 887 28 691 36 259 794 945 240 257 466 30 784 675 960 68 465 376 169 7 496 739 472 435 757 693 365 48 98 527 481 71 874 568 130 361 358 648 100 991 540 608 891 857 735 75 74 538 709 544 748 606 1 590 58 647 596 81 606 817 717 40 414 239 365 108 490 192 7 911 470 445 424 759 48 396 702 999 938 34 308 342 
982 249 273 503 510 182 217 476 321 7 648 328 900 459 947 241 299 388 806 609 629 615 668 442 447 671 517 854 223 742 508 192 526 16 618 676 828 254 70 358 942 944 967 106 934 858 201 652 297 558 500 959 966 473 768 861 413 842 403 777 478 458 587 247 700 58 453 244 738 310 387 319 536 134 753 741 557 140 557 353 966 452 806 344 529 298 228 227 154 574 58 893 492 808 229 559 474 794 816 486 
123 571 316 306 146 929 318 879 771 368 938 154 86 28 484 935 190 906 61 808 912 292 244 223 297 766 553 621 143 747 599 247 602 639 274 911 561 965 777 341 449 554 27 903 790 172 737 228 742 124 642 977 759 544 603 409 446 483 351 216 895 517 586 478 240 331 641 357 23 110 11 208 873 130 869 546 772 947 427 975 951 147 50 217 326 593 936 259 667 252 344 882 359 946 219 435 994 790 574 170 
959 335 610 451 375 269 482 190 605 558 286 682 381 333 743 369 356 667 543 837 751 356 421 674 409 522 576 155 700 823 97 735 899 954 480 240 578 61 976 853 278 7 870 570 573 76 891 325 889 889 288 648 821 573 653 42 111 536 308 27 131 136 315 77 410 714 688 989 806 140 982 398 799 367 985 366 614 677 360 462 242 194 161 960 875 655 2 317 706 394 485 32 726 155 697 576 133 335 360 784 
556 225 15 874 401 198 846 874 551 2 197 40 844 561 823 755 553 764 417 453 954 721 832 281 519 260 158 753 577 93 780 193 141 129 119 809 181 339 483 290 146 179 976 965 125 84 976 789 317 74 399 495 255 290 587 736 498 199 624 573 137 455 932 165 281 775 978 774 708 247 107 874 997 300 84 544 936 882 166 682 794 346 815 131 857 559 372 237 915 586 507 712 298 324 306 988 237 774 4 901 
275 687 802 988 877 219 353 720 560 456 632 328 656 715 655 632 833 387 382 570 529 180 404 321 176 543 18 972 966 683 46 374 706 341 425 21 775 865 143 496 86 313 851 255 782 400 268 699 216 696 702 835 640 482 978 440 833 752 850 596 768 705 40 539 797 664 209 794 308 938 934 245 454 135 418 288 538 473 518 598 464 45 792 492 97 132 842 325 630 900 925 333 363 261 954 256 106 799 864 387 
654 456 818 553 701 106 589 33 748 537 875 925 925 723 760 512 383 927 863 980 388 25 982 964 333 188 831 137 211 642 962 69 577 188 586 701 755 35 769 175 33 223 339 482 502 482 447 635 785 847 568 648 63 522 315 971 642 472 621 922 291 543 888 971 712 706 846 51 22 750 751 806 695 416 702 624 784 961 622 727 518 643 744 557 921 155 262 279 194 262 571 923 87 416 238 739 207 891 763 691 
469 254 437 457 295 211 813 813 274 6 350 537 660 324 185 786 429 64 633 592 961 298 533 406 100 1 997 670 160 61 918 229 182 981 390 516 978 939 326 334 33 193 835 87 166 188 687 672 616 671 578 307 354 473 308 611 907 492 297 182 853 925 903 950 170 66 934 267 831 164 332 568 456 641 907 743 60 579 513 640 659 940 597 812 671 356 729 972 54 115 434 864 504 225 722 809 396 795 967 486 
575 115 101 245 43 713 294 917 678 490 740 680 564 141 617 503 433 802 458 489 405 600 491 240 943 353 924 273 6 170 270 914 558 818 583 238 535 839 478 989 30 880 13 232 346 115 467 887 929 322 750 411 821 396 606 100 233 909 810 879 228 602 298 850 834 485 430 201 48 118 822 471 468 627 816 787 878 275 459 904 329 197 892 582 379 111 242 47 474 395 832 407 152 818 575 680 834 863 820 992 
753 13 80 360 896 87 3 466 243 276 460 322 134 111 348 936 807 488 940 824 969 938 615 966 754 830 254 293 95 419 955 931 869 676 974 112 821 202 552 315 803 39 509 97 491 538 53 841 872 305 709 145 562 562 192 508 513 169 899 780 210 146 273 231 686 838 990 375 961 710 158 474 682 595 669 751 878 167 74 620 756 569 485 790 70 436 8 774 478 335 666 900 986 697 506 64 761 158 288 529 
284 484 994 718 767 913 521 678 824 639 242 942 480 385 168 795 658 2 459 768 517 569 670 753 495 698 499 54 62 995 622 75 285 7 832 760 260 335 396 307 166 411 133 668 303 311 613 882 424 951 986 957 261 979 831 287 267 686 162 343 277 427 943 445 943 183 906 668 976 146 355 774 365 129 863 310 486 695 242 734 327 991 725 702 263 970 340 511 836 126 175 320 822 223 706 980 1000 454 50 624 
587 893 677 949 20 109 116 421 34 428 808 76 457 770 978 877 734 534 409 676 118 536 708 575 145 135 953 178 378 734 446 230 669 178 683 354 787 669 235 912 149 85 519 494 45 867 652 63 360 227 703 167 842 957 421 583 378 564 484 926 667 619 713 750 929 688 381 140 127 754 30 327 870 482 10 318 702 582 188 25 487 439 442 771 4 171 177 238 40 483 947 205 33 183 108 168 859 830 94 613 
265 178 730 147 178 878 875 469 877 224 293 169 573 600 375 801 260 966 588 55 915 265 868 319 170 191 365 87 872 518 935 777 171 503 751 996 880 328 405 802 348 273 984 67 296 470 279 333 530 51 862 7 345 783 40 885 252 879 192 942 240 732 559 877 521 704 984 236 15 985 885 453 256 79 684 897 931 30 224 97 913 822 975 124 125 645 573 29 17 576 9 938 549 509 338 329 580 427 282 817 
547 47 144 363 747 135 937 698 694 256 663 358 996 832 159 713 868 278 910 217 234 261 910 464 258 226 46 542 928 414 682 730 77 742 880 941 665 951 217 24 701 63 810 555 243 132 298 940 858 95 18 358 219 683 39 615 772 120 335 516 408 234 494 883 236 361 499 365 593 573 761 838 690 453 808 217 174 308 927 242 956 316 675 928 579 557 386 603 349 213 456 980 332 628 426 637 982 793 622 457 
