426 542 565 109 907 476 327 690 960 495 771 575 153 418 306 408 561 925 214 12 651 992 364 373 608 567 811 983 419 208 103 337 228 384 770 409 417 226 806 779 126 264 512 326 46 390 690 23 681 237 351 657 236 763 361 620 392 947 707 270 733 194 137 934 338 572 417 249 476 8 971 694 248 316 229 952 757 541 854 723 791 777 252 279 925 829 231 903 668 709 197 701 116 703 86 407 99 879 468 989 
426 571 446 421 912 450 219 620 732 84 83 380 943 683 181 686 449 705 162 922 970 338 135 112 174 159 673 854 90 901 684 22 649 763 411 234 699 725 872 571 483 876 534 26 566 339 743 456 652 858 711 392 245 29 71 53 660 842 410 53 334 954 389 592 439 165 775 139 483 663 421 986 618 777 154 359 845 119 959 704 499 898 945 624 545 492 497 736 588 230 450 552 733 554 598 551 698 93 515 306 
941 211 909 210 589 68 526 678 169 17 151 213 147 714 100 46 344 695 730 658 170 812 763 248 592 359 89 127 422 582 130 126 874 930 684 591 45 247 856 792 887 783 382 664 175 193 621 884 790 100 181 467 178 878 22 386 321 286 314 322 995 851 647 546 477 340 839 868 684 291 334 319 956 556 375 636 441 617 240 527 304 454 611 762 614 700 770 491 1000 359 879 373 409 171 63 813 960 141 136 628 
906 419 169 768 136 171 573 488 881 766 412 432 262 343 90 472 183 260 735 51 752 841 847 40 677 537 690 696 147 691 114 532 724 146 672 80 338 321 991 685 294 358 576 332 170 495 318 913 771 371 568 146 152 147 952 686 712 928 323 348 889 120 456 177 95 766 481 547 138 181 766 502 776 226 902 954 586 452 956 358 150 95 552 938 486 189 666 216 244 906 60 124 180 527 720 502 414 991 451 193 
788 625 163 561 954 888 579 626 400 847 49 2 708 851 700 446 255 611 561 599 365 984 860 807 5 522 33 517 880 774 589 790 889 571 169 71 119 841 810 632 280 554 407 30 368 748 377 107 823 971 218 626 912 887 1000 884 410 109 3 329 757 153 632 482 403 27 720 635 52 779 930 859 494 831 14 719 500 423 966 990 851 563 90 431 7 459 205 738 382 854 817 482 963 611 56 59 719 220 374 918 
633 940 160 528 741 848 193 562 933 536 760 53 852 98 961 893 979 650 567 657 965 499 472 531 91 941 109 789 480 356 252 754 278 726 789 49 731 718 889 576 772 679 98 756 980 957 665 298 516 364 542 519 330 845 478 150 45 634 440 751 139 739 952 964 848 633 422 54 125 196 830 887 707 52 510 475 174 160 547 897 84 245 417 552 709 793 159 891 955 827 142 821 488 438 497 729 232 799 605 754 
369 218 831 421 965 593 633 994 545 108 130 917 791 490 232 976 773 489 643 663 306 347 364 459 487 648 250 161 875 848 537 674 646 698 576 206 909 933 551 162 431 832 915 584 308 717 687 428 56 533 873 596 905 612 718 361 307 441 107 709 998 759 75 833 691 977 584 280 293 904 847 331 102 850 373 239 237 479 206 983 198 417 247 952 831 642 572 129 30 480 637 244 832 992 309 413 347 38 698 675 
894 426 371 71 879 133 490 934 268 956 669 39 490 995 71 270 634 546 603 288 786 656 320 804 133 429 405 160 101 785 348 883 59 23 645 869 740 626 10 34 616 457 77 831 870 567 883 460 621 526 310 495 480 425 214 973 731 97 331 999 308 385 14 885 167 294 512 241 764 107 710 668 952 971 895 249 641 997 915 308 643 953 28 831 617 896 143 417 991 383 706 213 668 819 801 791 966 666 845 456 
720 813 683 567 68 665 465 348 188 669 34 592 864 432 866 154 144 211 746 467 281 753 459 224 156 363 624 136 428 372 400 329 825 471 234 743 511 601 225 645 222 979 693 595 640 742 141 680 812 576 492 474 534 782 801 273 109 805 198 455 328 369 396 553 150 716 800 293 670 505 16 917 56 288 949 899 544 311 817 826 47 499 532 672 461 994 669 801 154 353 128 528 618 503 372 390 910 912 555 963 
354 114 603 622 53 860 276 329 111 996 552 425 530 859 397 621 902 762 180 414 644 465 286 977 470 528 189 67 501 667 979 927 552 670 406 287 385 132 444 446 31 540 226 945 7 77 652 671 716 496 647 395 465 826 474 731 597 213 876 586 752 692 602 599 698 884 922 930 843 380 898 352 594 304 994 473 331 935 617 589 628 539 965 476 749 605 426 18 810 793 889 491 475 959 351 372 450 55 221 598 
314 154 386 414 348 57 782 335 35 690 927 631 757 228 36 952 107 183 182 142 173 68 700 664 882 453 139 112 351 436 155 535 792 536 111 310 574 34 497 755 216 977 765 459 438 443 68 590 887 709 992 159 667 163 512 509 939 11 303 992 962 862 887 171 538 236 519 890 614 492 77 898 285 286 905 406 359 773 931 273 949 799 668 369 734 283 39 926 629 869 916 821 948 176 946 338 628 12 18 328 
171 475 801 168 604 812 724 925 601 677 557 39 371 29 55 777 413 891 774 954 591 558 532 967 457 586 610 547 396 415 75 947 772 133 659 126 898 728 971 467 797 3 871 787 160 719 358 311 945 599 162 10 865 175 90 949 318 140 851 204 487 196 77 125 629 740 765 499 595 324 289 910 143 132 322 891 114 804 850 319 391 804 164 831 15 66 194 680 321 655 594 971 34 111 724 255 873 621 355 726 
296 28 515 873 131 522 88 821 313 724 720 99 512 905 774 510 809 847 92 592 477 575 477 979 651 418 741 985 697 547 317 188 100 878 728 426 678 761 982 513 718 517 11 852 789 814 458 820 163 617 161 731 541 959 361 77 996 387 890 522 785 773 569 67 578 299 738 643 299 819 568 986 756 399 159 746 892 165 738 954 770 357 352 729 82 446 235 582 657 407 288 170 192 667 848 778 767 653 171 252 
149 944 223 869 657 198 392 495 106 837 577 265 980 895 154 105 628 867 104 996 416 735 307 965 989 450 252 444 925 763 821 712 447 830 610 827 666 346 892 735 471 156 687 295 177 596 730 822 844 462 557 814 293 15 609 70 673 166 397 927 453 78 679 881 289 693 958 748 0 218 150 435 582 826 574 775 344 514 432 622 894 78 106 215 8 139 909 418 889 41 127 755 14 335 520 785 299 402 128 164 
475 782 459 450 373 668 397 513 81 19 961 607 59 276 350 252 313 463 249 476 200 544 419 118 786 827 697 797 83 678 540 255 889 40 435 881 15 537 136 733 858 253 120 370 230 638 941 557 761 393 13 981 245 673 119 547 206 113 105 689 624 729 333 393 560 970 157 617 969 139 810 515 503 696 155 739 345 81 312 448 633 288 380 555 343 739 546 712 799 872 168 76 166 852 850 334 90 660 22 328 
713 851 291 39 207 350 791 538 248 85 598 759 391 37 617 381 361 129 794 757 178 152 695 702 860 609 385 158 320 502 90 319 229 230 460 440 866 617 213 219 712 942 900 497 778 770 450 328 453 983 123 552 934 659 236 994 248 628 676 526 554 467 610 853 264 117 256 333 217 668 218 838 784 931 644 32 945 159 747 791 592 34 356 648 883 719 276 783 594 615 670 437 718 85 893 445 349 662 315 221 
41 736 747 321 90 951 989 530 286 415 971 192 920 690 977 650 501 298 145 588 810 15 489 77 92 344 652 208 888 764 986 352 90 898 49 48 257 795 886 181 904 983 700 261 65 595 471 259 855 343 214 129 455 902 366 568 487 72 649 173 698 924 177 352 336 196 899 553 65 121 107 396 792 202 674 197 932 425 863 700 217 178 912 784 942 798 553 662 263 768 3 430 774 646 487 658 204 273 538 684 
966 485 682 712 712 169 685 72 616 67 730 763 792 114 952 842 353 317 897 486 566 490 517 301 577 40 814 275 616 106 838 670 858 800 643 92 60 542 52 71 710 604 874 321 568 83 961 186 605 704 748 735 578 735 615 669 844 787 602 471 341 41 321 483 515 968 65 382 540 747 828 655 289 876 115 535 440 172 759 484 761 657 436 180 837 53 757 806 366 782 643 125 210 692 2 623 661 457 32 557 
762 329 41 160 668 78 219 989 376 85 295 162 95 364 269 80 681 417 414 221 484 650 408 306 65 25 78 64 699 83 632 675 721 330 610 165 215 378 482 23 194 184 190 833 712 610 849 204 742 702 506 301 711 153 76 453 127 202 69 395 667 444 187 112 423 495 319 506 63 328 725 798 805 269 823 517 493 267 378 462 908 274 660 649 221 264 389 432 23 942 870 811 792 860 750 756 38 139 997 818 
854 386 567 229 985 170 558 598 959 389 660 987 403 395 313 212 615 235 499 596 285 109 783 385 958 209 821 58 776 240 637 682 447 687 709 508 817 141 406 930 942 803 825 281 967 892 98 699 482 157 239 548 899 345 655 656 107 927 956 328 828 417 749 487 686 105 517 134 939 480 806 93 500 212 532 650 993 101 621 127 45 226 608 392 149 598 493 944 64 121 708 946 290 107 25 631 370 279 92 758 
552 98 677 448 736 793 6 397 77 171 727 624 649 795 310 882 817 778 460 9 208 78 379 889 928 980 529 853 529 317 380 922 123 363 639 473 943 104 990 281 458 455 982 5 940 464 807 80 485 885 522 772 395 247 1000 499 800 524 121 246 652 891 81 752 318 109 537 497 302 63 27 978 803 967 865 591 738 45 271 273 420 639 148 216 986 630 883 883 889 297 267 192 362 812 326 212 751 157 337 868 
132 194 59 458 752 619 292 765 569 612 782 420 115 288 749 544 930 802 214 548 114 886 181 452 700 871 487 426 682 935 539 34 223 894 291 342 155 187 475 880 479 151 238 909 902 180 959 895 418 267 256 33 611 251 997 96 37 581 599 723 859 152 217 391 625 134 679 694 517 9 868 141 595 64 778 11 913 171 665 991 586 422 541 85 400 937 319 736 249 875 614 614 875 997 180 240 926 122 856 354 
780 427 64 102 138 52 304 861 175 38 811 33 929 550 678 663 72 975 505 1000 301 521 686 529 208 245 654 994 148 996 380 865 442 67 143 959 640 675 729 587 179 638 671 856 311 291 994 383 10 780 993 706 946 913 650 998 623 180 576 173 958 600 542 716 143 612 529 226 646 895 864 455 500 209 444 375 599 939 100 548 942 52 583 341 165 776 602 417 313 612 331 183 584 186 681 591 173 51 360 259 
462 350 691 732 808 259 206 828 878 160 687 18 190 949 85 89 44 803 256 143 3 80 403 133 122 113 479 839 859 639 261 505 702 668 610 539 976 732 122 936 391 111 618 460 126 685 48 141 541 763 96 108 238 492 40 839 136 692 543 430 44 963 172 996 629 225 604 71 440 484 642 545 280 101 638 180 834 972 616 513 222 225 139 348 348 260 795 497 216 631 352 722 727 437 740 123 89 525 483 240 
722 870 571 740 206 397 944 954 620 389 820 544 922 981 283 976 825 675 948 860 245 3 188 442 251 17 644 389 335 817 916 929 446 677 705 264 770 35 649 561 588 422 768 644 700 688 312 977 377 411 866 52 571 278 852 635 99 965 285 93 927 144 650 592 975 775 85 331 106 292 784 174 401 585 979 189 513 885 179 880 299 975 324 318 439 352 261 506 141 852 536 120 747 258 914 46 840 769 503 152 
773 560 84 762 112 242 140 499 45 971 301 636 270 63 43 15 96 993 617 988 325 907 190 120 406 626 85 39 813 245 955 649 711 125 937 639 205 831 993 337 770 65 232 807 568 26 837 724 972 414 362 254 652 438 928 902 227 272 79 806 133 420 334 17 297 534 270 146 796 700 418 380 527 310 525 193 776 632 231 342 74 389 209 306 576 500 861 726 936 280 440 316 554 42 647 963 258 512 571 306 
790 606 200 449 70 386 830 377 217 777 736 509 137 66 682 473 210 376 733 463 355 298 245 703 100 405 982 0 460 785 896 665 753 936 588 696 118 505 120 989 732 698 228 58 154 173 54 559 879 845 712 825 504 312 699 107 773 564 960 359 466 878 541 972 708 285 351 794 498 988 198 474 742 691 965 89 574 587 681 297 35 645 108 885 469 131 656 724 488 222 923 973 628 477 402 555 328 259 154 156 
270 632 320 924 491 915 553 635 497 717 645 180 873 205 318 753 926 543 229 368 643 543 638 990 782 621 472 548 706 618 358 55 659 425 463 470 951 512 740 16 1 429 55 332 859 599 457 274 878 86 420 537 571 322 543 626 962 990 866 379 910 416 126 811 808 159 16 266 914 31 461 184 948 194 136 426 947 115 922 350 895 721 237 405 882 239 771 191 986 934 791 795 323 788 760 236 299 128 856 101 
117 270 610 673 956 335 150 183 49 75 416 767 523 951 214 750 788 432 406 893 402 38 149 534 912 408 884 169 828 606 173 70 371 151 115 564 400 299 991 549 132 855 996 859 451 570 134 638 633 168 445 291 2 459 704 609 711 125 271 312 419 365 176 925 648 140 163 75 513 924 696 479 343 361 960 514 254 408 94 772 895 797 5 698 826 9 628 61 314 815 203 800 614 782 967 372 201 245 824 737 
928 38 68 437 649 242 421 215 736 566 269 765 237 408 291 565 67 869 547 294 693 609 893 825 661 353 916 449 370 1000 114 478 485 829 613 37 180 827 763 468 198 29 818 943 138 656 441 285 704 396 165 26 558 911 944 896 932 915 386 768 234 876 44 366 853 323 86 714 725 536 484 370 618 344 792 146 796 193 86 256 572 176 880 203 495 236 144 830 733 385 442 923 774 912 182 771 505 705 552 142 
629 950 952 564 355 532 344 66 415 261 775 815 187 550 879 570 353 994 228 40 401 325 795 763 171 619 317 819 49 933 79 182 49 497 704 570 257 1000 873 246 515 923 180 655 61 48 864 651 657 336 15 42 921 597 495 817 874 816 428 465 443 624 957 283 969 931 79 628 874 312 878 960 331 178 567 726 917 711 731 412 818 983 518 247 773 281 86 82 189 952 902 304 377 371 1000 739 192 283 389 87 
64 83 11 130 100 359 509 785 676 993 535 453 777 2 593 907 444 518 175 373 782 769 865 701 205 225 400 729 828 367 672 553 585 670 589 295 552 957 637 85 357 151 725 215 112 633 9 749 291 381 652 36 325 748 677 908 664 184 823 700 406 482 436 561 393 62 733 820 994 684 423 558 274 29 850 35 482 159 115 282 216 593 483 428 306 468 277 178 961 87 49 983 473 498 599 473 662 707 939 396 
668 938 204 604 875 555 488 103 692 81 871 304 434 454 904 574 738 912 876 591 411 306 901 188 452 809 86 147 385 981 691 279 790 972 928 250 848 191 295 910 146 563 909 863 271 136 909 635 314 845 643 420 764 289 623 701 977 512 806 872 739 677 601 479 595 601 434 902 9 784 706 222 183 19 314 401 664 44 455 392 228 43 984 558 6 36 699 402 530 255 306 630 29 335 873 524 563 327 160 736 
57 324 19 336 825 214 379 195 40 95 633 857 869 492 323 14 876 728 644 110 27 775 803 332 400 34 653 329 549 23 992 251 10 211 358 878 152 788 609 48 652 106 392 620 606 883 16 992 347 664 559 943 8 388 669 575 232 664 153 870 558 531 258 310 579 459 315 261 599 953 868 370 665 77 407 370 488 315 559 565 894 623 770 544 278 221 142 981 938 214 728 179 360 642 560 758 685 699 255 507 
312 49 511 757 52 287 286 864 725 899 102 178 141 395 750 579 406 666 828 401 805 183 239 604 615 78 606 198 627 920 997 65 328 356 767 1000 269 780 999 799 669 5 897 563 151 445 706 543 641 455 746 693 290 404 118 451 640 385 650 560 848 709 294 56 88 903 84 442 181 23 238 709 832 894 923 524 125 900 27 205 884 178 456 624 652 988 990 556 727 790 378 557 150 279 796 641 697 865 915 445 
826 317 203 593 634 64 721 270 140 224 310 0 520 542 282 217 253 760 381 335 333 546 687 649 948 55 225 139 136 61 731 289 148 131 353 491 675 130 81 687 648 623 942 855 56 953 511 498 711 192 209 553 721 507 994 141 227 525 328 406 485 531 473 930 968 562 562 457 670 670 663 576 198 47 931 154 834 311 622 882 728 219 931 588 686 563 634 171 739 23 992 394 167 492 719 406 168 530 207 214 
113 868 425 854 400 98 48 637 105 635 67 323 916 949 580 950 873 790 680 279 435 711 57 405 256 1 773 611 523 339 932 713 33 327 814 132 348 706 26 412 70 903 590 446 498 659 351 394 497 273 370 474 990 131 371 55 361 542 824 433 409 619 888 277 309 238 926 832 427 935 323 272 802 138 429 16 866 772 62 801 200 877 3 833 244 10 263 91 925 55 164 61 741 316 109 948 636 594 472 175 
395 258 420 889 378 833 705 798 803 331 46 142 432 696 51 559 348 381 31 21 410 700 206 394 918 30 441 679 124 174 357 323 124 890 394 102 898 376 440 915 741 279 584 315 13 694 901 548 657 294 80 293 703 989 804 605 224 293 104 409 260 379 665 979 695 364 477 756 618 713 341 483 992 797 213 0 404 804 133 808 811 257 305 961 923 370 512 669 854 204 121 227 469 976 863 810 539 493 174 236 
403 865 28 953 390 984 456 271 3 539 288 46 915 207 615 371 184 222 535 897 352 697 555 552 671 942 85 64 499 47 416 582 853 892 185 894 370 442 163 406 159 728 85 577 106 40 59 58 295 114 315 926 453 141 53 11 941 342 958 481 667 952 639 170 844 445 793 955 586 376 907 630 346 464 245 434 172 533 412 859 463 703 559 347 708 36 373 621 363 606 947 334 108 849 134 3 430 265 637 434 
912 631 225 843 470 458 88 296 816 946 464 589 329 964 6 389 507 335 798 871 36 388 792 693 138 463 552 773 992 911 908 678 108 708 880 496 508 270 140 632 750 802 539 773 756 549 191 504 657 436 533 196 885 434 932 463 787 37 951 84 395 354 867 945 689 463 293 442 486 540 739 638 876 195 185 899 646 270 36 34 84 900 459 507 730 253 425 243 681 767 95 491 639 568 985 365 633 13 973 754 
482 867 642 203 990 803 128 833 415 810 32 805 575 10 267 773 275 578 965 994 171 781 759 240 754 983 71 139 813 806 763 371 598 148 706 316 289 478 752 452 825 952 668 842 467 415 322 387 315 153 90 253 311 929 82 287 487 307 20 616 555 810 117 445 46 456 116 326 450 781 478 387 701 441 713 987 185 454 949 704 274 88 206 285 505 93 532 353 54 843 770 352 975 387 669 175 853 485 19 105 
634 817 168 828 147 677 406 425 606 708 747 211 507 594 440 277 57 411 104 602 570 14 588 763 438 708 376 78 50 649 149 855 296 720 911 988 393 624 237 71 794 900 541 618 444 332 832 225 281 896 463 715 749 273 307 726 378 884 205 42 915 514 583 41 421 224 260 314 513 707 873 17 1000 797 490 198 107 322 840 228 58 610 288 993 5 96 144 975 224 729 232 70 383 496 304 574 420 760 776 151 
91 157 34 844 395 602 19 962 6 178 274 819 863 561 680 32 387 417 1000 900 367 857 607 763 976 743 375 775 503 627 109 129 12 147 835 114 675 607 9 672 666 375 732 314 985 645 167 83 438 89 244 521 50 185 763 410 888 784 753 228 505 259 522 368 732 763 640 67 380 230 175 365 258 31 46 769 898 585 934 233 822 535 660 331 603 7 265 937 831 394 164 216 301 890 242 122 928 132 457 409 
968 54 424 328 651 766 685 605 943 47 837 897 800 112 634 325 88 732 508 251 526 955 849 864 417 340 687 348 626 467 325 800 316 309 897 761 940 720 430 186 30 503 759 526 936 29 132 899 457 604 630 941 319 580 348 297 411 277 735 656 829 129 977 700 772 699 561 89 792 638 53 701 405 171 280 844 171 127 842 992 961 553 21 385 326 458 536 400 508 288 268 496 650 285 68 698 571 804 125 634 
305 457 454 781 879 893 517 42 543 301 717 464 575 32 574 627 378 19 94 788 343 354 593 461 626 614 408 133 73 677 355 896 684 947 688 120 339 624 324 920 646 774 998 283 574 222 895 800 572 317 527 597 222 629 638 558 946 567 579 403 810 203 283 961 286 503 741 122 747 966 403 705 249 325 869 811 925 127 588 50 17 837 52 675 51 340 111 709 98 700 181 163 789 929 842 500 851 591 205 420 
780 596 478 23 825 298 718 105 519 75 793 247 878 642 734 775 84 112 971 767 716 190 373 259 44 160 56 235 895 816 1000 815 855 830 750 188 568 734 200 162 774 41 567 732 220 562 947 245 634 896 868 297 648 866 916 59 270 216 548 164 974 893 225 319 931 613 797 814 246 339 476 311 60 462 814 461 658 652 649 891 739 870 14 306 241 946 63 460 647 415 187 773 299 97 376 671 860 978 829 971 
756 856 768 754 119 504 535 916 831 313 26 176 529 167 331 786 697 571 213 5 945 367 471 374 50 826 541 17 292 473 300 640 313 248 552 504 872 216 490 281 835 347 452 522 195 148 393 378 957 769 168 395 983 781 703 932 519 385 656 86 213 880 590 453 758 203 419 167 655 111 374 901 477 542 410 188 317 26 554 487 249 879 594 523 967 815 440 978 372 331 823 182 766 638 920 413 797 809 504 434 
499 111 199 497 238 438 550 623 815 208 770 100 437 307 146 516 374 668 736 774 931 469 708 630 504 863 697 363 696 851 849 310 222 509 925 549 51 467 205 950 33 651 524 309 241 117 168 608 470 125 664 409 852 476 110 67 855 63 956 763 185 399 190 172 882 669 40 899 31 989 575 157 416 798 483 458 806 478 34 291 109 217 431 230 931 66 928 769 853 456 440 80 947 19 383 560 158 753 49 58 
334 27 365 979 419 601 642 509 409 331 165 748 805 614 416 733 827 623 478 910 56 150 482 797 888 545 4 197 865 506 302 152 692 811 861 913 971 779 688 768 420 331 14 961 176 882 223 279 54 971 557 178 251 247 592 834 383 317 669 855 183 414 541 818 612 459 734 274 533 360 689 514 213 444 806 358 494 743 10 53 340 336 960 884 352 676 724 527 662 768 389 886 893 209 967 728 817 141 682 687 
751 923 369 787 583 739 121 728 771 272 413 242 35 737 800 719 8 281 932 859 67 344 580 392 521 499 503 1 967 338 205 755 848 698 121 373 496 252 2 383 191 599 441 804 156 617 942 102 73 354 307 154 108 755 418 686 239 30 366 822 860 641 515 49 376 237 303 790 970 700 543 969 372 241 218 28 375 589 404 215 801 642 763 460 823 316 913 561 950 665 619 347 669 101 40 334 18 224 457 499 
628 642 24 150 782 218 909 982 704 604 594 181 52 5 422 90 201 11 783 801 416 873 305 642 302 439 280 581 436 395 434 621 110 920 470 746 188 828 356 198 170 368 547 133 603 55 962 581 861 331 983 434 510 857 530 852 968 400 356 970 408 755 865 444 936 774 921 390 110 229 984 751 218 95 844 987 116 862 749 803 351 216 245 631 159 153 803 658 374 283 989 181 921 540 632 717 50 288 726 401 
116 720 453 470 146 938 534 999 431 694 938 65 806 975 550 969 600 255 431 900 420 572 886 341 738 518 368 723 683 979 941 459 726 40 242 646 885 98 113 397 148 29 359 464 831 223 23 521 360 3 147 834 108 845 649 801 688 693 697 390 815 189 165 377 429 854 969 934 425 783 74 638 60 465 360 428 342 518 490 324 479 261 267 145 179 288 558 917 563 30 707 368 115 352 324 809 707 458 716 565 
720 771 61 229 917 213 974 58 851 10 783 530 558 971 910 666 723 606 79 906 141 470 487 277 526 343 56 479 534 195 588 979 219 930 485 968 431 808 288 748 404 3 696 814 668 488 737 689 265 863 101 540 304 311 205 525 64 510 49 311 583 555 816 274 760 201 801 594 422 658 348 884 129 867 748 311 372 228 858 673 601 66 793 226 3 315 758 799 3 278 432 224 367 145 596 1 425 109 181 461 
609 885 897 290 179 597 30 318 54 303 900 905 474 830 62 962 440 636 781 856 459 532 236 953 502 17 805 700 689 446 390 587 349 901 614 593 88 857 46 372 357 412 943 272 688 195 502 552 413 794 865 692 78 561 99 796 128 426 16 399 529 917 903 305 821 226 157 775 245 772 682 855 106 142 892 797 298 907 43 126 891 157 387 827 937 909 706 678 105 255 964 926 597 24 914 440 116 810 671 731 
819 663 567 687 462 98 467 759 576 131 427 548 366 518 849 987 953 644 742 333 601 748 788 617 934 353 95 445 560 847 541 282 580 762 754 780 557 669 650 879 275 12 845 614 97 712 397 182 914 30 39 988 580 465 446 602 478 607 630 129 125 195 248 416 324 615 831 259 192 237 655 413 112 323 973 756 977 628 457 641 459 613 566 168 833 537 79 718 999 468 218 790 922 504 802 409 904 361 294 601 
504 472 337 425 458 327 784 353 405 125 393 649 364 791 24 788 168 440 1 824 367 579 299 968 798 237 840 509 563 264 498 752 455 916 131 971 373 458 410 529 773 580 937 94 207 430 46 508 886 425 392 580 730 245 914 676 525 440 27 248 900 725 283 72 441 902 646 559 191 374 715 421 698 784 595 274 257 133 535 593 121 272 969 874 999 742 195 144 636 613 816 762 677 371 269 6 422 309 727 880 
376 221 624 357 1 565 197 702 483 488 580 66 261 119 960 699 473 704 380 679 681 452 90 561 456 163 409 686 97 808 785 762 763 835 822 775 237 566 560 494 97 425 781 235 35 377 559 11 304 764 743 203 968 495 0 915 930 594 403 454 397 518 396 630 465 59 95 718 423 29 946 19 368 181 8 458 64 325 558 737 906 135 176 405 281 423 178 297 311 172 888 903 139 4 935 863 415 813 64 315 
722 129 2 349 793 696 343 255 782 686 653 799 701 768 760 740 844 738 334 696 494 489 625 237 877 339 312 704 568 264 894 820 96 569 284 57 620 861 959 224 644 565 330 798 435 144 993 438 445 743 418 715 88 779 358 844 790 282 708 561 290 64 362 415 653 865 553 278 358 572 897 707 780 987 821 465 125 316 721 228 696 394 861 868 711 804 285 795 256 262 601 631 257 353 623 361 331 54 965 556 
396 997 460 725 130 618 452 889 742 95 335 387 49 797 809 716 888 832 428 514 859 262 275 358 714 945 721 745 984 323 662 621 942 730 435 774 960 641 6 902 552 511 493 801 714 345 338 231 337 325 160 242 43 142 708 943 748 751 920 875 464 461 299 402 411 579 223 621 695 18 422 106 134 200 770 862 361 527 239 401 75 190 971 3 416 843 484 613 283 912 131 577 728 5 959 916 9 636 1 542 
667 193 703 253 605 164 569 667 838 420 651 500 468 885 863 726 87 484 721 736 640 880 273 571 269 128 368 778 751 666 460 637 157 157 291 13 239 384 546 610 80 548 960 694 50 662 488 130 170 58 105 642 806 147 998 703 923 881 497 405 624 824 495 758 413 356 651 414 361 985 481 687 146 511 353 106 207 25 642 651 215 970 695 449 699 713 464 343 696 376 870 538 165 352 197 848 312 908 545 448 
572 942 447 393 791 853 340 965 294 998 650 656 230 392 353 103 700 337 325 388 31 668 430 790 862 452 653 472 346 702 105 339 605 828 164 795 687 396 531 317 352 433 498 868 355 755 430 379 593 984 259 925 211 816 542 513 219 490 126 793 778 925 868 310 879 914 563 548 994 481 886 840 215 300 811 402 38 367 12 811 46 414 278 158 719 352 396 637 626 162 47 200 376 64 105 873 962 715 344 241 
939 298 129 491 556 601 770 5 255 161 610 511 387 275 953 131 1000 770 378 701 129 41 903 132 929 46 333 535 410 119 785 836 416 979 575 222 978 434 981 383 638 847 137 936 428 988 33 6 525 869 693 547 339 429 622 167 338 351 13 64 971 573 482 709 70 593 143 927 640 945 290 511 867 666 616 536 238 38 536 430 411 309 177 289 153 579 351 256 648 768 716 614 8 216 195 803 622 696 888 9 
76 531 146 362 59 361 13 990 444 198 965 290 654 934 570 179 203 198 370 842 10 256 983 663 555 176 23 8 977 520 266 205 314 851 528 565 810 537 47 714 152 735 77 350 657 713 402 285 980 824 869 934 154 343 105 709 300 633 247 705 603 952 63 567 444 295 788 669 170 973 846 134 156 465 917 392 867 817 381 750 108 342 772 978 62 255 333 281 260 120 555 847 964 391 628 869 413 949 857 787 
469 285 982 282 349 265 419 480 85 781 39 875 5 909 794 596 193 227 547 846 979 689 241 559 243 55 828 997 202 661 411 489 140 471 976 275 724 347 751 744 618 583 229 941 832 291 443 534 748 794 102 955 991 955 932 374 41 462 37 444 586 986 801 833 877 676 433 924 445 556 582 132 319 356 598 750 630 14 200 750 889 352 925 699 46 531 754 437 752 161 781 214 356 248 51 954 537 146 940 68 
268 172 280 819 470 195 795 349 288 919 20 446 488 297 338 789 97 620 680 990 453 113 17 628 727 663 581 531 791 809 810 995 270 244 798 977 48 749 1 361 66 491 789 673 404 536 656 252 123 878 73 940 721 305 370 888 408 400 725 862 675 99 174 304 951 264 232 140 0 645 479 1 627 9 896 310 62 536 274 266 836 897 538 206 880 984 82 777 14 425 628 670 552 946 92 816 240 259 509 789 
220 172 74 174 786 321 735 126 836 311 234 444 325 431 73 351 275 134 944 341 348 312 41 520 249 907 267 537 666 864 755 532 239 528 907 972 984 936 381 14 356 728 461 515 975 814 183 825 727 265 203 721 808 728 99 943 242 812 537 330 831 415 459 126 659 985 50 864 326 848 622 433 365 537 184 886 266 442 396 477 523 357 472 710 775 801 910 775 608 85 660 522 807 342 451 52 84 734 141 377 
389 431 22 597 760 385 174 728 337 952 134 313 903 805 143 264 387 399 552 122 875 737 62 536 971 465 56 688 192 630 20 487 608 839 261 559 398 873 266 329 580 90 164 646 900 564 674 12 956 760 989 586 356 589 708 977 106 111 671 166 436 678 177 807 681 604 290 572 461 443 831 248 664 87 347 292 530 263 682 751 568 1 796 325 384 599 517 83 352 698 71 43 863 959 119 958 682 332 873 237 
729 268 385 293 833 54 575 634 663 794 738 737 835 702 325 776 907 626 117 942 521 166 574 1 43 785 778 977 623 414 668 23 693 589 168 456 569 79 839 720 194 233 446 804 340 650 682 303 332 112 140 127 101 853 403 455 949 354 221 678 922 111 424 93 238 205 311 888 645 924 499 437 579 781 82 157 585 863 762 848 965 42 220 785 803 33 459 384 242 30 117 369 496 617 669 72 351 78 345 202 
759 76 60 214 744 986 752 865 306 418 656 215 164 481 762 778 540 23 399 887 529 522 336 910 516 700 739 619 610 760 415 999 231 116 889 86 933 248 446 362 900 794 61 276 81 162 30 1 164 330 831 664 751 109 436 271 817 93 739 361 662 987 574 690 342 219 721 491 295 606 128 771 77 538 965 830 619 602 390 608 268 594 459 698 365 774 422 426 294 442 615 980 587 631 992 879 367 492 117 96 
397 616 121 166 656 576 73 352 441 904 403 605 589 584 414 694 368 425 763 467 325 780 848 501 887 920 601 85 164 253 419 621 611 524 26 779 327 321 268 799 588 362 199 685 194 622 602 553 68 729 941 626 434 34 335 335 318 390 722 880 96 651 789 421 509 170 443 166 427 337 778 229 498 579 131 953 964 726 913 799 884 706 479 811 435 417 316 434 325 735 566 532 27 516 223 267 237 149 84 883 
429 911 480 847 382 971 234 546 379 108 745 392 144 507 313 922 358 346 207 613 597 503 880 435 175 436 881 355 199 305 717 254 367 197 183 333 360 68 493 174 544 219 376 450 426 584 335 967 407 285 578 467 280 514 905 280 232 592 32 23 200 123 596 451 922 205 591 112 525 120 52 607 851 280 534 933 512 894 826 0 68 983 180 613 217 66 979 13 951 663 166 621 233 957 668 60 498 453 626 684 
233 837 77 891 112 562 581 840 579 372 168 550 734 59 198 679 645 444 460 456 31 200 318 874 874 940 589 331 279 86 364 523 934 531 470 781 698 927 465 2 914 608 494 499 813 552 497 869 392 940 909 383 451 52 428 383 642 524 793 380 337 132 431 85 830 611 814 729 542 432 111 282 689 795 435 626 674 768 368 792 276 369 488 904 455 198 559 143 248 38 23 706 482 569 548 791 577 553 870 649 
252 76 630 733 978 541 447 226 41 413 757 353 813 411 567 499 738 323 372 417 237 907 756 459 117 815 474 659 281 563 952 613 568 336 344 184 106 870 622 614 61 668 528 832 803 474 327 653 196 395 148 822 14 569 886 873 102 526 154 755 52 533 743 536 235 212 79 692 900 676 89 535 730 90 473 356 844 125 831 176 614 584 274 601 719 19 393 347 707 716 881 647 670 445 145 511 30 787 174 498 
718 696 33 258 8 885 6 267 571 857 210 268 382 129 331 254 174 366 226 199 379 691 358 742 930 796 638 626 980 136 238 939 469 79 263 55 45 820 357 325 51 892 385 556 369 115 360 154 94 741 575 588 917 160 729 395 75 913 621 765 85 750 894 785 577 183 894 55 19 526 882 5 819 97 794 731 591 359 26 831 530 511 91 829 664 365 339 276 492 394 175 324 236 799 902 805 342 865 824 494 
50 506 581 773 148 965 367 86 327 494 666 326 603 663 22 477 887 398 708 873 796 676 878 675 145 166 407 944 307 741 342 837 887 122 337 714 811 502 548 874 230 476 886 82 418 521 581 651 665 26 213 775 219 442 217 362 720 612 656 996 580 138 775 299 832 732 556 182 228 285 112 241 225 965 364 337 12 644 58 367 828 796 356 334 219 608 688 72 153 637 782 825 659 768 370 884 317 39 753 80 
940 859 933 587 790 939 547 209 922 88 592 851 405 226 78 544 839 413 209 439 489 466 717 380 281 273 826 416 19 715 917 858 966 294 259 602 885 801 237 489 833 497 262 527 134 327 456 340 225 831 321 679 848 41 175 422 703 544 212 580 535 413 887 915 885 727 649 142 148 116 440 25 736 35 642 98 349 812 307 850 143 558 436 175 646 641 944 262 121 819 297 793 966 615 439 961 228 826 248 90 
819 601 602 788 137 72 104 411 575 355 337 257 193 126 392 189 429 861 241 528 841 235 134 355 525 129 947 334 360 717 923 255 901 832 179 568 433 933 987 960 222 128 298 282 140 803 359 229 331 778 262 407 848 82 998 162 651 647 20 215 867 532 80 157 598 135 398 991 571 15 260 665 262 640 926 833 936 936 276 930 730 464 762 655 958 677 737 687 182 959 363 251 474 822 762 255 838 69 113 209 
198 459 560 113 358 744 588 732 913 530 924 475 451 292 1 223 821 924 916 880 907 515 241 397 943 654 363 542 816 417 11 271 137 149 395 944 208 236 502 927 601 71 560 656 766 231 172 450 347 28 490 874 78 787 627 382 744 70 998 932 254 436 282 272 596 232 188 152 272 123 451 278 167 160 555 155 691 234 967 437 23 499 1 811 776 548 85 411 29 435 308 870 313 209 867 882 275 252 52 973 
538 917 526 278 940 677 919 70 841 685 541 76 773 127 955 936 840 579 212 523 201 70 681 15 511 798 423 458 94 888 88 845 953 295 707 858 67 979 186 242 649 587 962 447 992 995 955 653 171 551 113 310 516 861 146 25 556 558 805 386 364 323 740 76 549 830 158 133 167 693 574 936 227 369 585 278 935 718 761 399 933 164 720 26 744 123 48 901 245 237 327 661 846 144 914 419 312 569 317 314 
13 199 243 222 440 470 319 679 835 884 614 949 977 618 661 961 328 246 280 19 153 600 587 312 154 250 561 471 180 937 826 988 886 774 277 590 812 106 559 529 207 295 249 696 362 421 225 902 55 777 911 673 951 986 292 80 280 412 689 979 419 911 595 680 790 141 429 43 517 586 989 554 385 6 562 706 172 159 613 123 59 69 421 848 784 444 623 705 408 79 281 367 157 397 731 474 770 349 42 451 
59 726 926 282 107 449 157 557 276 208 907 408 691 740 556 979 322 305 691 470 820 744 546 10 770 644 605 650 28 862 617 153 440 851 827 231 701 909 687 505 297 171 83 907 147 72 532 409 444 489 808 759 216 745 21 985 697 864 194 889 841 429 958 654 875 903 246 728 448 706 140 33 62 207 450 232 864 693 411 436 665 959 189 973 299 329 600 619 597 469 869 765 23 376 234 197 551 753 709 397 
137 240 621 658 224 431 801 955 488 309 924 966 238 185 449 932 606 313 493 652 371 360 895 228 193 929 716 964 468 305 69 461 792 226 922 214 470 858 349 354 929 483 705 964 832 244 397 327 897 170 885 628 326 715 786 422 384 31 370 531 265 663 130 685 630 77 596 885 513 170 751 645 617 434 371 568 911 142 58 514 856 988 564 5 495 636 826 104 647 413 882 280 703 730 802 642 268 897 780 932 
558 198 851 554 486 988 61 505 931 260 561 468 755 454 169 995 381 837 252 344 981 825 398 422 594 114 549 210 496 113 953 135 765 454 395 321 73 854 506 270 966 822 943 166 763 719 736 558 474 557 979 719 540 341 211 13 532 454 556 353 156 513 954 683 491 306 795 5 866 38 165 546 564 613 281 555 359 830 905 114 117 805 348 285 673 739 381 523 39 827 821 660 101 152 794 70 888 607 66 453 
633 859 81 731 187 757 19 712 676 331 302 188 83 917 31 481 45 978 868 586 260 454 997 496 312 192 247 928 541 813 600 366 518 694 90 647 602 891 280 564 17 113 992 875 763 455 620 253 626 687 448 615 29 296 482 260 259 916 124 296 784 93 931 674 196 62 360 538 557 219 835 731 484 392 491 775 6 587 508 429 875 145 44 325 800 876 196 257 54 371 470 348 318 440 391 480 78 561 933 6 
274 859 253 261 663 150 666 227 467 560 217 724 821 771 981 562 754 673 121 978 922 645 41 708 617 716 409 344 118 287 444 336 871 293 282 387 12 95 993 957 215 884 928 205 19 417 267 607 132 653 715 367 476 355 293 755 210 724 562 719 409 29 783 779 695 779 827 520 958 373 671 893 626 607 177 128 31 255 225 212 545 897 922 344 587 256 644 305 86 974 683 938 834 407 341 790 957 293 149 336 
133 485 244 45 959 904 442 909 325 144 584 404 595 957 748 104 951 716 554 304 967 440 262 118 572 875 372 653 495 778 485 55 4 823 404 515 801 747 526 426 966 928 375 343 289 266 28 914 330 381 314 22 608 200 913 203 113 460 15 535 105 688 164 348 596 563 952 669 28 535 414 733 813 4 407 652 709 989 31 283 307 434 392 172 736 242 84 493 502 243 668 154 470 854 205 377 719 728 595 657 
763 848 325 818 709 963 865 978 935 996 519 481 777 174 0 855 320 331 991 35 287 924 171 429 350 828 485 294 570 38 844 66 251 124 337 517 483 968 384 611 407 907 447 754 313 384 987 757 951 365 95 770 611 654 734 35 274 150 469 142 192 93 620 338 0 212 833 831 329 821 860 833 890 60 654 303 118 700 617 165 530 706 850 795 877 128 326 724 999 514 317 441 454 936 899 315 961 588 222 755 
822 264 136 898 868 715 824 236 118 895 454 850 126 205 632 758 151 349 459 576 75 98 21 178 223 688 728 547 96 992 81 703 652 419 606 759 446 934 974 161 379 175 358 544 839 200 526 967 821 923 784 831 638 754 995 819 698 637 601 470 396 83 162 681 432 60 603 571 742 180 698 613 187 190 867 975 620 272 164 738 397 487 825 926 841 31 191 438 492 516 893 872 810 684 540 285 221 900 390 380 
112 131 710 294 817 781 518 136 157 467 365 367 420 623 765 737 300 759 473 456 463 772 672 312 98 104 815 645 140 198 740 5 537 770 814 377 418 474 955 139 302 139 837 149 814 659 200 408 98 613 345 596 105 976 853 839 873 90 401 584 722 411 288 984 835 303 359 795 928 374 460 201 677 895 424 376 595 580 546 347 777 619 394 49 903 210 707 690 946 419 656 368 203 235 858 134 864 363 961 173 
233 983 145 884 616 442 477 966 21 643 98 621 497 622 299 435 327 335 562 956 247 10 953 229 599 921 117 365 872 487 209 72 906 313 99 832 578 697 718 291 316 896 528 792 353 322 73 609 843 661 856 415 893 842 300 212 326 642 630 563 154 613 31 350 16 677 763 831 442 378 832 349 715 885 892 513 618 905 390 751 265 771 824 464 47 107 581 760 38 54 284 411 744 722 434 215 269 14 664 180 
307 796 689 869 195 108 347 770 705 843 748 304 82 760 938 105 643 525 681 328 781 667 770 12 27 324 262 900 92 584 199 101 152 70 771 196 276 322 840 891 524 711 396 337 560 797 56 60 482 306 919 286 486 782 877 940 845 535 446 856 813 833 580 623 777 36 846 623 80 527 155 306 499 144 481 575 705 891 981 746 219 952 83 232 303 204 426 482 940 582 23 930 211 284 827 756 758 108 20 377 
455 915 886 466 811 256 255 928 335 546 392 500 352 544 176 101 818 456 937 693 732 891 18 135 832 762 963 191 745 137 752 486 696 894 532 727 324 210 787 841 456 437 705 664 266 782 786 924 105 36 970 300 965 516 335 375 113 586 285 989 141 955 466 645 686 799 432 772 821 958 741 1 589 23 772 426 320 821 743 598 459 376 209 545 50 414 763 42 563 510 510 719 14 75 28 368 73 968 969 367 
410 594 694 122 708 193 50 94 377 39 808 36 367 226 589 69 253 34 655 580 936 867 534 929 922 748 898 974 702 139 471 155 647 807 873 53 368 784 71 888 554 203 161 49 444 501 307 175 624 991 186 724 696 862 353 935 353 239 784 585 385 327 37 353 552 291 37 659 64 634 723 860 682 273 692 196 575 550 547 978 858 680 158 32 366 173 34 48 247 101 783 909 433 508 170 609 531 872 624 570 
734 106 626 437 186 461 930 824 955 903 908 938 524 628 242 142 731 720 273 117 273 141 431 934 990 895 575 632 567 576 910 760 836 980 474 796 717 795 516 168 188 677 93 716 235 988 946 698 361 800 737 301 519 386 323 867 703 151 544 416 325 102 797 417 189 700 761 391 333 473 617 422 303 896 57 300 378 699 415 718 190 765 615 342 41 56 570 179 610 350 340 619 419 301 258 220 977 409 998 939 
796 785 484 729 45 818 936 927 269 304 466 853 760 363 205 575 851 804 934 286 195 655 634 745 893 539 976 225 543 377 348 555 316 226 208 579 906 399 496 879 687 378 133 676 882 651 416 793 579 44 767 72 98 758 745 258 765 377 759 925 821 550 712 305 506 261 878 649 736 526 566 233 20 391 144 813 844 815 220 584 517 426 412 519 680 959 895 500 97 431 923 590 492 625 864 928 722 283 867 236 
283 921 702 219 906 421 928 115 449 325 440 940 134 789 899 133 644 844 493 836 816 301 582 536 166 660 352 215 678 216 815 586 150 778 842 841 125 117 502 46 484 846 911 248 556 188 66 951 648 672 559 754 221 839 2 416 984 868 134 354 547 889 18 838 535 568 333 949 475 885 892 388 471 792 364 757 878 854 283 1000 664 198 502 444 269 343 120 1000 241 715 682 90 33 637 920 855 517 255 307 58 
13 125 809 475 287 337 52 99 313 715 60 468 555 64 427 550 934 729 147 204 873 637 533 607 512 881 907 973 279 469 294 241 457 914 549 957 599 46 180 768 579 675 114 869 522 724 12 394 855 19 610 392 282 898 730 940 209 729 224 108 570 572 266 316 978 299 778 172 574 483 959 497 716 569 561 590 262 631 185 113 469 474 105 648 87 865 120 330 286 507 916 738 211 113 567 168 310 254 933 638 
394 725 967 859 862 229 778 835 206 299 788 414 671 8 237 371 733 376 117 956 643 153 799 915 733 939 16 280 477 659 430 83 56 980 427 59 443 996 598 978 151 832 448 727 551 86 592 294 948 107 901 830 861 756 286 103 744 22 136 592 913 296 463 235 286 350 601 875 341 181 726 276 645 682 977 42 721 484 730 936 377 265 262 232 439 271 502 134 106 619 845 879 880 851 379 109 3 697 700 600 
914 93 933 651 49 733 618 387 578 27 86 595 586 297 766 727 580 331 828 159 689 91 794 539 993 158 322 904 603 45 237 725 126 773 785 411 687 652 206 498 116 188 876 388 800 71 711 383 142 594 227 226 426 629 216 816 762 37 607 459 176 884 13 69 824 482 127 638 848 321 343 999 602 204 522 454 678 786 467 201 800 495 398 127 330 704 569 259 380 237 687 912 958 303 27 105 505 546 495 120 
23 660 576 296 177 65 971 302 396 28 944 635 523 797 447 50 801 397 629 625 375 689 434 157 112 357 835 341 973 479 126 818 936 115 51 312 528 308 187 55 984 185 895 274 345 707 241 208 638 120 858 799 560 435 481 436 325 846 406 211 717 472 399 110 345 384 924 204 997 287 399 445 118 305 770 996 630 788 464 55 507 353 385 407 586 831 17 91 408 673 654 968 679 199 478 66 308 209 191 891 
