2352097 2241061 1400618 2724294 2222085 2069809 2177009 2177742 2732368 1727027 
2223274 2811221 1979006 3184355 2255304 2064167 2305921 2629806 3511491 1916831 
1913237 1760038 1184562 2102687 1354298 1743611 1678847 1833052 2497038 1367617 
2017977 2250202 1468674 2806939 2051700 2132480 2030617 1859521 2757105 1631069 
2722254 2554878 1422866 3027457 2121225 2459891 2318818 2050021 2836287 1824819 
2082750 2611510 1785239 2939588 2047736 2074266 1783381 1856852 2588050 1604387 
2737610 2809904 2114434 3389021 2332731 2761969 2236458 2332231 3075731 1957537 
3300675 3157824 2458198 3720132 2076874 2924119 2673218 2366026 3305391 2047653 
2904189 3717691 2888581 3835469 2558582 2170128 2734913 3119921 4005175 2352686 
829771 1550876 1386217 1445821 549263 767132 852346 627521 1053018 606221 
