23471842 24299239 24479409 24406033 23049303 22653721 23008911 21164359 23280837 22765273 20947745 22823967 22923886 23408240 23889901 25065811 26011053 22495527 24810534 20494234 22598990 24363244 24542420 22405978 23723563 22738382 22439827 23523078 26261693 23313512 24864251 22827192 24388537 24642327 26317994 22035484 25032584 25726874 21638856 22569764 24807383 24895559 24413268 24176596 23998201 21289332 22946149 23099916 23563047 23029036 23934925 23229530 22025444 22524485 23914119 25209110 25209675 22315005 20139194 21775703 26680845 22456693 21118764 24758503 21856755 19575047 21948612 18463721 25034143 22724377 23674073 25001963 22418716 24825506 24756850 22565791 24838075 23652772 23786432 25789481 24163928 23513350 22276012 25968275 21296113 27113815 23697054 23692185 25715160 24660149 23500473 21894532 25690154 23928603 24529504 24735386 22992876 24348521 27606159 21266910 
26533983 28149356 27545379 27008627 27007965 25580096 25632562 24720505 25742947 25335546 23844538 25335017 27597767 25807580 27583220 25496085 27665450 26948131 28752649 23295131 24648512 27360208 29086575 27219148 25879461 28262600 25574116 24390816 27547077 28327077 28156178 26205590 28467921 28331497 29139690 23824663 28769603 29222571 25693600 26466070 26725358 25397729 28608479 28511009 28014782 23864601 28220338 24336131 26279222 24913372 27640178 25842673 26637076 26855720 26014667 29018010 27173465 23086899 24926312 24453016 28319818 24933936 25713469 28835123 24929750 22228472 24110658 21968893 29048212 26131486 27426430 26951894 28414946 26473551 26109441 25611438 26507417 28434949 26707582 28286492 27765169 27364877 27318586 28544367 24481626 28923130 26720587 26592832 27268768 26753545 27863857 25936341 26742845 28544031 28326260 25910226 27028571 27882530 29878698 26705830 
26347688 27955939 27067995 25201490 27133163 24668151 24984604 24601761 26668965 22468684 24341070 24461095 28062323 24756253 26325636 26610502 28669399 25347535 28747321 22681484 24367719 26224324 27048833 24865046 26622505 25301144 25023769 26391768 27913590 26085064 26648503 24966846 26546161 28830170 27825192 24034692 26372833 28097163 23986236 24585275 26305614 27004651 27232925 28182893 25399751 22562804 26825429 25192989 27215239 25354157 25431186 26387357 25549816 24568707 24710991 28737768 25551613 24767996 25108469 26500926 28696214 25915295 23267115 27810142 22786682 22058717 22457838 20980403 28078626 26002673 25592722 28652624 25682017 26082514 27977330 24513980 26088097 26795550 27244327 27901235 26823211 26234546 24517076 28580642 24234197 28219404 27437168 25877930 26421893 25644192 27164675 25058781 26579105 27386829 24243719 26191737 25935258 26164659 29124757 23725532 
23026416 24996372 25165055 22434587 23484268 21833585 24274735 24136105 23972568 19969327 21624778 23613272 23542895 22551322 24940488 23700958 24940943 24693875 25650449 21133094 21814452 25327879 24956014 26765709 23210529 23705010 23687822 23060684 24337823 24801083 23480621 22335134 23168879 26303445 26515939 21819276 24938522 27199492 22800310 24146182 24040449 25504204 25189872 24054903 23722003 20808175 23399202 23288147 25210056 22255217 23533087 24417220 23892780 24210679 23409631 27478848 24031748 21244400 22864659 22957661 24932508 24174411 22097487 25376609 20243713 20118637 21036557 20290266 25195276 23372827 23663311 23602124 24367885 25059547 24805993 22701107 22430709 24712804 23000989 24062625 24455713 23104588 22284526 25357621 22122020 25384481 24634232 23927804 25030424 22657510 25417884 23970060 26074124 24532786 25099683 24158691 23373610 21954467 25045596 21358642 
22347380 24432158 22362439 21755996 24011279 21757409 21494504 23179410 24480545 20906798 20170767 21478512 24164216 22524263 24302114 22141012 23715654 23769045 24317466 21592333 21148231 24075524 24610136 23744435 22400979 23203718 22968397 23057478 25125469 23914730 24317211 21513840 24231923 25436636 25554070 22173165 26930219 24604473 23500319 21649814 22427381 23221853 25242601 23386317 23425214 22227613 23686644 24057611 22347302 22137432 22409279 24323305 23093049 21800216 23656455 26726386 24791500 22149041 22129584 23940309 25868799 23808818 21336096 24913837 20342803 20344371 21392854 20481863 25960713 23114364 22909654 23750517 22127881 23243649 22668610 22223563 23330223 24369940 21244129 25605151 22983720 23151776 21155886 25681743 21364843 24745366 23906200 23257862 25869138 26096924 24666569 22174594 26027761 23848453 22552476 23032465 22249917 24434290 25487634 22555128 
25287715 27201881 28616249 25141652 26579836 25470564 25001099 25741435 26796042 23138603 22292488 24001945 28020414 25663918 26157177 25995602 26408705 26073054 28901333 24486069 25296165 26426880 28657944 25768543 24095499 24919575 23833761 25031525 27096601 27458599 29240110 24063372 26208851 28217912 28539502 25074046 27399703 27105317 25023210 24950490 25388625 27176539 28250916 26026366 25074386 23736135 26843664 26370716 27232050 25633192 26260078 26451387 24582124 25236028 26287680 28232515 26661862 24031381 23966247 24646020 28891989 25699291 24754652 27331038 22456684 22402876 23786702 22484037 30183682 26977548 26901200 27472620 26513866 27384714 27594859 25516420 26507060 27075331 26347489 27127643 26858172 25131697 24148081 28439943 25134872 28285142 28602094 25772587 27471435 27055971 28701429 25502432 27180816 27171974 26425114 26721633 26145320 25726051 29180869 24400708 
24521862 26222725 25904476 23210577 25658684 22862652 22664492 23301499 23796818 23958747 21564706 23498748 24377722 22005087 24030760 23460013 26036875 23828987 26231992 21855690 22281053 25532083 26385923 23905004 26053941 24586522 24766808 24671501 28025424 25748211 25063477 23342344 25834097 26207515 26602478 21832564 25306804 28307343 24141642 24482459 24343364 27237130 24919308 24350633 25277223 20761361 24739897 24598194 23389256 23062806 24547731 25380878 23940424 24898789 23843321 30139326 25151530 23198662 23574161 26152117 25303145 25464727 21087365 26563157 20970794 20315176 22631227 20506075 26467800 27374415 25125610 23800353 23525557 25070909 24652858 26033059 24364884 25712462 25175859 27145714 23747031 24558001 23970241 27083365 23356106 26378089 25487720 25104640 26959325 24586247 24592530 23807715 26435194 25927033 24307840 24787391 23180374 23239260 24689266 24183348 
24476277 25068462 26719716 23712632 26089598 24939630 24516031 23727678 25874327 22868645 23401195 24425722 24681540 24970520 26408192 24997652 26321203 24825330 26745159 19424164 23887848 25520602 26067081 24370347 24564749 25101076 24002268 23684428 26802058 25019322 26065783 23381339 26213628 24574608 28997678 22807360 25711456 25912812 22724021 24185397 25078140 24744365 25400271 25755921 24493586 22802221 24481867 24464556 25668657 24782711 23977431 23560357 24328213 24765992 23560352 28670085 25348597 22777821 23378485 23806019 26129464 22925519 24031790 27575451 20234685 22485090 22490890 22972714 26587784 24937793 23900841 25483170 22973637 24310476 25681649 23451512 26317372 25098672 24230677 26135028 24516796 23792885 23785334 26604830 23377797 25997017 25403238 24206069 25996748 25687541 26106325 24314611 26407139 25207148 24807647 25762541 24877398 23864552 27697657 24269880 
21681831 27085741 24889071 24191697 24408897 24470363 22503730 22507969 23866858 22495335 21464376 21767474 23854487 24477389 23654678 24312280 25159993 23567830 25402609 20701165 23307668 22967603 25249646 22882033 24378847 23960822 23885708 24821107 25013684 21868331 25081627 23907682 25406210 25368993 25697767 21423660 26037946 25298493 24852026 22964416 22902221 25337705 25653806 24984283 23480678 20687001 24040639 24602745 24122118 24506475 23840366 24709899 23198332 22144510 24511199 27003939 23791214 21463779 22561983 23265049 27109649 23356739 21832689 25509850 22067001 21052959 21074261 19943196 25607359 25536665 23665032 26674647 23279040 26135422 24648672 23692099 24945731 23731171 24731065 26216613 23068271 25282266 22519973 28764769 22439013 26016213 24210703 23585609 25370307 24034716 24747984 22958732 25426787 24349260 25070344 23433455 22719308 22379181 27383346 22903132 
22490385 24767268 25865988 24421975 25538286 22507609 23296360 24090927 24959026 22328289 21417964 23621664 25406385 22717071 23556147 22873804 26895083 25715737 26057899 20929929 22814915 26174756 27514022 24434024 24556241 25100792 22145904 24565281 27196536 25401953 25533675 25528602 24252755 25367153 28145549 22367268 25984895 25155144 23318133 25004005 22939427 25100331 24969558 25610836 23389569 22904356 25764028 24454735 25827846 23856841 24238560 24532732 23646761 22915666 24195917 27700023 24782236 21887253 22892560 22156278 25680631 23791047 22350121 25612669 21568527 21021647 22727191 20393365 27026611 22382161 25282650 24809065 24913282 24163285 25231100 24183232 25172236 24424771 25170797 26507647 24247939 24761940 23228584 26557120 23650836 27664295 24866890 24269455 25244798 23305554 25355052 24781335 27263584 26575747 25302371 24239804 24268035 23949631 27324389 23672172 
24019096 27130790 25732948 23620277 26203474 24722308 24152237 24411705 24943513 22066342 22822809 22706015 23574354 23401265 24948683 25568181 25004191 24989507 25726132 20545280 23008423 27497402 25189816 25792149 24308388 23398130 23920787 24216548 24896039 24676680 26391708 22529108 24940256 27436112 26800068 22859666 26261496 25057783 24066834 24789992 23889287 25215888 25970775 24610244 24772152 22805318 23490579 25328375 26278956 25252880 23969791 24223171 24945433 22294926 25452117 25721012 26629958 23569187 23101518 22295245 26664267 23901035 21674084 26314207 22482304 20406546 20846823 20914410 24429281 25666799 25557065 27385575 24287109 24500042 25773280 21908976 23475534 25338409 25095196 27456367 24631598 25566745 22709171 27676315 23451091 26726117 25309287 24744168 25568293 23597422 25926710 24936610 27575468 25104278 25155204 24260671 23505444 23331233 27616341 24873829 
25046717 27189943 25751820 23568048 26672616 25096595 24222386 24553773 24982873 22320521 22815662 23368597 26196313 22626873 24888881 23951586 27271778 25025108 26095385 22696336 22959125 26383958 27308525 25315312 25614399 25087630 24923383 24025093 27871397 24519597 25934730 23879224 25594389 27062371 29174138 25271476 27111758 26016340 25318861 23132273 23893168 26636055 27109705 24912408 24233167 22240301 26973024 24976771 26979217 24612718 23717165 24948131 24697467 24414672 25382064 28946833 26166283 25100457 22471045 24143102 27524439 24242318 21999158 27129885 23743873 21688480 23297672 20989900 27737441 25563461 26692916 26344532 25294036 25019619 25538625 25365418 24306519 26593799 24568170 27546282 25377619 27049502 23930548 27096114 23904623 27707940 27204730 26142195 27488817 25084699 25520677 25427910 27018232 24926895 25177206 25670282 23610221 24986966 28335134 24806633 
23013589 24246410 24043602 21945996 23810050 22079984 21875022 21479189 22368393 19678756 19767647 21971941 23774085 22875390 22627310 22069272 24125439 22884193 26755860 20498198 20311322 22836733 25689192 22982181 24557260 21699508 22206372 21632399 24688045 23233959 23733177 22077397 23679925 25652907 24321907 21086752 25365352 24253871 22963423 21749906 23825519 24453972 23961235 23906796 21582644 21079387 23872605 23668198 25453011 23809758 23472588 22737407 22155060 21667754 22348327 25549491 25221103 21741554 22247904 21518261 23110109 23533940 20735662 24064202 20681653 19605557 21446121 18535426 25266992 22301828 21694875 24573006 22211260 23747017 24467406 21951169 23671063 23516660 22188401 26310274 23425116 24544722 21261151 26572914 21292864 25064370 23185254 21919339 24664698 23782826 23052460 23225276 25116974 23525204 23450115 23828806 21886057 22163811 25931403 21928577 
24753887 27481949 26724784 24184784 26461727 25624286 23764440 24792401 26005328 21797453 22584000 24362339 25331929 23633532 23989720 24169515 25617693 24820970 26059133 22129178 23033183 26488049 27007280 24650046 25684811 23979843 24281779 23750445 26256830 25176882 27061576 22902202 25945454 26820153 28196927 23008419 25200078 26301918 25040649 24496110 25605330 25362638 26276006 25970358 23929479 23643620 24786865 24972340 25989927 24652472 25134834 27256141 23733012 24178509 25999808 26483389 28126934 24390472 24256580 23959567 26132701 24141073 22698082 27347313 22438366 21327117 21969400 19566532 25939975 25495235 25011131 27004808 23866467 25818110 25599314 24661141 25416813 26740184 25088520 26520945 26570870 26438832 24710440 27560699 23973540 27008534 27139425 25166549 26692585 24281572 27344090 25357852 26817351 24658929 25949058 25282722 23882505 23861021 29036511 23529727 
24661069 25552042 26695704 23379884 24374359 24033152 22659208 25336334 23905142 22873624 22228150 22220184 26344622 24023460 25252099 24523041 24537692 25217215 26690368 23053799 23058914 24592720 27101996 24338886 24963591 24994379 24827802 24968478 26781744 26407696 28047934 22766639 24969363 27958102 27974651 22313433 26103007 26705166 24578419 23653633 26661847 26482703 26490314 27273242 23984577 21403140 25751109 25413613 25965246 25574022 24770921 25623584 24767448 23707910 25107432 26983997 26914388 22632281 24037182 25278886 26369546 24758875 24534266 26603549 21273095 23456957 22208042 20715500 27400591 26037241 26328980 25875724 23178261 24919639 24897953 23216639 23975629 25140585 24522766 27702718 25726263 26559282 23392034 28149884 23522969 26078773 25701944 24948525 27270008 24802462 26866508 23895929 27312362 25044947 24212733 24780697 23129720 25122772 28599843 23504628 
23968916 26691779 25675622 24151295 26300944 24168800 23946983 22907835 25531747 21330362 21643889 22456598 23889808 24517529 24499878 23863699 26511731 24519990 27219403 20596348 22686766 24893247 26629943 25347074 24451329 23516739 23193952 23756418 26243994 26092012 25701793 23780291 25271972 26766689 28498727 22521463 27487932 26265636 24385134 23169843 25028415 24831333 26002256 24810628 23485046 20875670 25419473 24730553 26268631 24547395 24492559 23523076 24428310 24890600 23864633 28259454 26306623 21219913 23358790 22327786 26573747 23651295 22938906 25797891 22719765 21741790 21847678 21227994 27454194 24882155 23329202 26002582 26048585 24931928 24180579 24332397 24979642 23956983 24713026 25666150 25641647 25524858 23879639 26956329 22666620 27779194 25373394 24931246 24069447 23826911 25487230 24382539 26975535 25191217 26279140 25762061 24819235 22825188 26212380 23593657 
22200325 24703233 24120050 22693462 23552443 24613257 23773195 21672230 23794222 22914324 20784107 21960085 23856877 23117368 23674740 23671803 23604788 23848266 24688184 21385610 22128763 23891723 26707658 24673190 23153546 23011796 21431398 21726790 25495589 23461290 24757300 20894348 24670458 23997832 27079839 21709326 23950476 25389586 24506395 23622928 22338494 25178074 24343137 24399205 21501315 21983574 24244853 23679131 23386507 22305862 22432110 23173846 24274758 22912124 23166986 26098010 24006117 22839701 22301662 22975585 24467891 23025789 22529783 23903280 21190184 20399850 21851413 19587933 24228679 22508424 23079676 24641089 22199079 24837154 23919945 21648097 23022421 24661817 22471225 25417615 25072265 23269987 22174669 27507987 21880733 26542579 24525735 23095281 24778618 24639230 25169661 22070994 27178680 24016771 24988201 21758608 23646013 23633391 26275631 22901261 
24528361 26762410 26090627 23661637 25814844 23463723 24614662 22727276 25480171 23273097 21925910 23352318 25705408 23849300 25329181 24543977 26770075 23795548 26334305 23824689 22060729 24769471 27295795 25038917 24930030 25260897 24013410 22353243 26864995 26353232 25159985 22200198 25662873 27587131 28853376 22599589 27302685 27237972 22503326 23990438 24802781 26569978 25266531 25369042 23809096 23538024 24280483 25501143 27031306 24065937 24828602 24086565 24131683 23622934 24970572 27495890 26361034 22342761 22645713 23063331 25960851 24192196 24462133 26814915 21599669 21825591 22436421 21119273 27222626 25528325 24129314 26560592 24061001 25950706 23940985 24481065 23545834 26166151 24655021 27391432 26390883 26212315 23713147 27839629 23286538 28705980 25525407 24434935 25198610 24085053 26262168 23495473 27345310 24524042 25815963 25761503 25635391 21994173 26567080 23081423 
25323661 27046237 27289717 24612021 27208911 25163635 25081312 24918293 25477657 21993184 24544874 23231135 24804212 25053689 26270602 26024090 28454513 25292375 27265819 22069504 24641493 26676682 27424047 26332358 25866980 24915908 24034914 25072922 25917301 25119799 26786254 22723943 26315107 27234371 30364042 24922005 27536558 28617478 25283890 24088715 25903977 27453177 26160468 27042107 25347955 23793065 24706554 26507979 27256476 25099387 25725308 25160998 25901735 24711659 26162179 28463871 26544254 24657638 23701211 24218079 26705780 25265176 23620653 26889151 22736298 22696938 22460815 21941790 26756524 25186495 26340911 27025159 24875895 25237646 25453857 24871258 26809312 26079548 25761800 28017314 26838220 25223578 24103852 27436286 24225262 29572463 28082373 26423214 26649845 23784477 27061101 25438915 29497332 26221703 27241355 25042688 25712938 24235955 27254021 24486921 
24049037 25654768 26158597 24202169 25892879 25608729 23926998 24303923 24629750 22824698 20757806 23855608 24668061 23696884 24409989 23207972 26427541 24707357 26912636 22791368 22831565 25739383 25643232 23239371 24910325 24559468 25854253 24732749 27277915 26023947 27320080 23577555 26359822 25704377 27354952 22949711 26535283 26231493 24975227 24639425 24822097 26790648 24872207 25244016 24624042 22068902 25375186 23670866 25604019 24027584 23691069 24283294 24133889 24253106 24094741 28208123 26281199 24018404 23521402 24890232 26386513 24604213 22266519 26886345 22246416 21413620 21448220 20259048 28042643 25817797 24553477 25598790 24057074 25121848 24871975 23287391 24305451 24994116 23529916 26460915 24792446 26561180 22945334 28333445 23151053 28460881 26523861 26702784 25758607 25562648 26112546 22968594 27112960 25069622 23703535 24523764 23241569 23322029 24338664 21960261 
22502759 26081790 24190984 22975435 24521308 23528176 23590186 23062857 24401861 21417219 21537466 22537342 23825623 23017587 24294596 23428081 24821374 24012019 27039241 21091959 21578582 25010582 26153686 24652564 24147630 23030845 23189718 22507407 25777590 23769811 23793890 20983518 24230124 25873966 26306195 23077674 26321944 24562970 23216802 22646228 24543872 25041732 25171052 24578400 24455730 22896044 23465727 25202055 24746290 24098881 22992171 23499937 23231787 22636204 23153385 28327472 26029925 22815822 22886736 22588279 25688642 23964671 22602645 25445272 21347999 20499438 20611990 19167467 27252203 24060236 23404151 25503705 23310217 23416523 25168523 23338640 24104562 24716287 23782649 26252377 25277633 24738649 22154385 27189261 22096089 26419949 24532877 23710577 24474775 23882841 25853753 24252509 27580488 24957402 23879574 23899295 24511197 21768783 24751321 22712638 
24273778 26521938 25503245 25647446 25246267 25315309 24168710 24232491 25785289 21236276 22299667 24138332 24551501 24873467 25376247 24810716 26139341 25822437 26558720 20955670 23167524 25238676 26543703 25632198 25850848 24242050 23276416 24518684 26112856 25608408 25906680 23647637 26206089 25764384 28591494 21250090 25355505 27156696 23482432 24654460 25434781 25832579 25957505 25338816 24530038 22665729 24748602 24860240 26265711 24645040 25063065 24805666 24611958 25742547 24891082 26838276 25707107 22451726 23127017 23587969 27975958 25427840 23240510 26824220 22017617 21365908 21781963 20498080 27281643 25382510 24474453 25903462 24399077 24474801 25550362 23185722 25778519 25744075 24630074 27480791 25470874 25718532 24633161 28599958 22360388 27227773 26392273 24655161 25742262 24817103 26077659 26152698 28379355 25102357 25805085 23341751 25046443 22624543 27761913 23830221 
24184971 27379331 25471761 25612771 25595481 23762138 22734119 24782077 25257747 22956120 21883901 23128411 25747938 24339351 25758027 25397703 26721218 24517207 27998462 21818418 23481758 27112600 27256499 25928553 25308566 24428143 24622797 24145979 27603781 24477263 25677812 23364463 26684991 27309258 28070329 23385046 27138381 27218412 23764663 24394737 24587180 25874102 27560921 26753668 25784655 22471715 26692590 27197592 26348637 25163793 24624394 25276940 26195032 22755574 23079606 28298052 24698358 22861273 24419385 24149762 26848822 25404013 23606768 28319783 22093280 22638905 22639546 21154850 26196928 26382005 25099314 27996908 24244551 27559067 25543373 23977713 26360870 25356885 25069739 28425739 25174986 24949363 24825821 27955687 24630895 27194081 25088945 25661076 26929758 25337834 25545726 24588755 28211547 26284399 24849472 25473209 24678076 24940046 28760722 24334826 
23218377 24964545 24895130 24265051 24287010 23211552 21453148 22606016 22899649 21449799 21810614 22034842 23929006 23525437 23450441 23906975 24914188 24270504 27482161 20736586 22919281 23025374 26404273 24348917 23217424 23500652 24243137 23308075 24249450 24276217 25837328 23531846 23347030 25912916 27202221 21795428 24296118 25859391 24560915 22729450 24401823 24995215 25400321 26586263 23334365 21349565 24374785 23291662 24961506 23648452 24280873 24691094 23764357 24530201 22562144 26516969 24221469 20468320 23297236 22008319 24356792 24258371 22817263 25370958 22151840 20707760 21622128 18252446 27235891 23578687 24893802 24054938 23236369 24783464 25744180 22613181 23979345 26268781 24438068 25949244 25368162 22462061 24261980 25964213 22055664 26868048 25248108 24220024 25154798 22490257 26572946 22324878 25723435 26140956 23055941 22647431 24262076 21620590 26481918 22133589 
22879587 26933981 27197715 24571909 25184166 23596497 23054032 24672099 24281857 22912527 22484452 23971534 25678498 23664739 25190548 23199810 27152361 26136717 26198338 20316554 23812675 26277565 26519662 25744238 24933204 24637652 24548082 25502833 27850126 24891613 25412054 25030463 25125415 26017763 28246497 21816033 28091832 26911223 24620846 25296988 23839663 25758190 26497781 24874121 25733735 21592316 27246823 25814866 24612649 24985146 25124926 23950671 25486566 24039149 24547073 29384478 25477366 22782594 24385554 25131371 27253442 24645909 22345832 28323653 21795440 21225066 21249126 21448637 27756489 24060802 26008294 25671306 25494900 25479895 25474424 24266745 24796859 24106100 24788614 27496965 25916849 25567763 22798415 28100909 23553715 25734290 26256546 26127710 25996102 25716002 25425216 25882347 28320650 26767197 25473803 23983213 23428003 24740538 26780382 22956388 
24946266 27321349 28309532 24128601 28119742 25797479 25810983 24165887 26325234 25178357 24468061 25702723 27905572 26396771 28103795 25033708 27731526 25885717 27832542 23092176 23779915 26651016 28826781 26059142 26834664 26705865 24969748 26303801 27280797 26644329 26572514 25700617 28010719 29126895 29648881 25297597 27809381 29063902 25673264 25233795 27620221 29733857 27559308 25785200 27180276 23356600 25151260 25874183 26937983 24743054 27358608 25410797 25444992 25055968 27229380 29878500 27071989 24604886 24634268 27190548 28200964 26765462 23607285 28136859 23424421 22924165 22999598 22198622 28786391 26154471 26603877 26610799 26536931 26845791 25510044 26088867 24984684 27235355 25200434 28737351 27076074 28012163 25771334 30496537 25087511 28561347 27712658 26620165 28501816 26204818 27054644 25673040 27954853 26716758 26782873 27152529 26074589 24223329 27721665 24825714 
21807976 22127904 21031646 20496369 21999938 19688238 19708710 18893356 21177193 18479669 20190860 20178848 23019033 18232852 20817358 20461386 22418079 21226642 23626785 19327331 19453376 21499522 22116053 20337909 22022343 21571633 19653024 20441238 23062262 23299489 22522936 19769675 21209966 22925109 23253659 20238930 23088993 23203890 21802172 20073238 20133533 21881873 21177898 21783072 20323181 20378540 21121009 21541537 22307839 19941131 21032189 21308530 21084471 18805633 21649809 22884405 21089036 19347304 19299707 22559197 22265205 21239706 19269495 23084264 19485720 16803716 19967695 17517069 23067058 21507595 20623194 22660203 19380862 21607845 19772286 21066753 21073414 20836530 21128233 24662479 20795616 20851017 21135376 23304925 18823919 23447188 21611685 21154685 23376946 20535886 21362247 20403068 21488683 22253768 20326032 20757547 20443293 21921926 22830585 20478581 
22692843 25322025 26102902 23804497 26024899 22885148 23842282 24172611 23332618 22024947 23750628 22811726 25402037 22002836 25361598 23093141 25394582 23715542 26806909 22699032 24085185 24715723 26428115 24877842 23720404 22800037 23558651 24528299 26366248 23546113 26601146 22413506 25525430 25582415 26448405 23411928 24925674 26032968 24186051 24113793 23785119 25510377 26015534 23509896 24146747 22488972 24808629 23803974 25175121 22192776 25160949 25715370 24355688 22720100 25181738 28003183 24205003 23288497 22972041 22858438 27036815 22885058 21795958 25964697 20813774 23441858 22425234 19920178 26838384 24131983 24363108 24408234 21441620 24152277 24739791 22996471 24495039 24793634 23517043 24702708 24293806 24624876 23374515 26080012 23377506 26249688 26712396 24859652 26281907 25564580 24137538 24337384 26331948 25027889 26066984 24590500 22971803 23035160 26988797 23153748 
23716001 23408379 24854032 22479393 25618996 21947686 22413736 22405160 25193258 22748165 21852910 22732340 25642808 22403750 23278977 23057999 26166931 24806418 24924676 20053862 21578649 24171930 26320946 22869428 22971122 25581633 21655334 23094651 24882533 24304790 25322741 22640139 25510129 25675842 26071751 23187837 24347081 27003602 23150628 23008168 23709553 22697186 24939957 25270169 23864397 21045685 24593494 23494711 24936144 23600302 23691677 24180688 22943716 23841920 24598415 26139117 25131614 21487767 22435635 22436135 25772286 23626131 22033084 26221553 20287297 18245242 21703108 19593313 25139407 24192811 26173895 23058579 24207795 23798856 24073564 23811035 24469031 26586524 24118962 26112392 25040807 22457464 24240297 24731982 23799293 25901886 25189642 21806069 25117297 21687739 25353570 23961450 23930636 25475067 23681215 25088379 24212542 24311928 27285336 22129584 
26868965 29016634 27949112 26896841 29203701 27153828 26922826 28213719 27727427 25589512 26123145 27415983 28661349 26237146 27970983 27948538 30250568 27486559 30609436 23795930 27150489 28188595 30347946 29105170 28522861 27823392 26960673 27233547 28961567 26571650 29735217 27482996 29982472 32158166 30465806 25854863 28378648 30666116 28046758 26480445 27462118 29405397 29377482 28156296 28983851 23876362 28371833 27734177 30137130 27549426 26652486 28572564 28591765 28851578 28604892 31642010 26956823 26069011 26865055 27501453 31195856 28489833 24407895 31378837 25425916 24354150 25412677 22805679 30753683 28095293 29120896 28140333 27279176 28998822 29646466 28371169 28440493 29308511 28334812 30612678 27690361 27109599 26591687 29757344 26249972 29195521 28433301 27136576 30809481 29074951 26731196 28517789 30476849 29860474 28139990 28510860 27015789 27290837 29950025 25737603 
22022574 22461037 21969241 21988420 24273467 21427079 21029049 20033617 21136762 18913570 18770300 21518159 22418442 20400982 23127997 20757433 23217033 20937421 24176568 19858007 20223143 22969107 23497769 21454096 22369592 21133470 21210947 21312850 22272310 22370635 21877827 20155751 22375100 23829537 24971915 20948783 22502765 23305731 20906504 20793455 21134231 23090545 22528820 22334940 22156345 18563927 22357635 20473962 22709410 21037434 22064034 22865048 19614887 21132885 21799833 24253368 22316715 20349512 20344347 21138016 23442432 21377843 19801988 23390898 20231315 19067902 20077483 17192314 24047076 23131410 22411467 22341798 22516095 20913546 22264724 21189114 21281449 22958067 20758977 22365578 21215082 21655944 21480409 23899145 19870987 24400333 23530039 22818142 22952992 21058628 22382641 21998539 23558155 22820811 23121161 22088934 21378776 20606895 24180894 20197022 
28156074 27765556 29514268 25572075 28111261 25927541 27641437 26727469 28630731 26080950 26854782 25917834 30517504 25966789 28991378 27197476 29946311 28303466 30156704 25460951 28180336 29503956 30737469 27938064 26695643 26873894 27167602 27845520 29763068 29226566 28811344 26986053 29918917 30664097 31501604 25288037 29663941 31125926 26574110 27431069 27452437 29387414 28883271 27777219 28051617 24715778 29230521 27165438 28446849 27495770 28766983 29411207 27285372 25937161 28348406 31222739 27387755 28044980 24959569 28230064 29818361 26472351 25052695 29527123 23635728 24068355 24811287 24234475 29684674 27702905 27636929 28555168 27146921 28078478 28165043 29318146 27841949 28238699 28601442 30230721 28567897 28493564 27012547 30593388 26489058 30171676 28373281 28318791 29568048 26398943 27106637 27581884 28522046 28706003 26489047 27933328 26624646 27324657 29661084 26336802 
25405842 26161898 25565180 26173641 26755355 24671531 23738094 25679809 24158510 23261414 22053363 24078854 26546248 24236564 25200230 24765146 27054411 25040859 26969789 22822600 23340531 25731173 27382210 25251628 25118040 25712678 24777577 24304737 26697936 26726400 26045252 25782706 25684531 28444075 27822933 22133627 26662229 28493750 25363929 24832672 24687421 26426785 26816954 26295863 25073178 22440680 25540323 23531270 26531397 24717992 25373133 26323598 27628273 25375257 23965488 27099249 25025179 23626068 24588799 24600430 26473769 24001499 23123775 25986776 23022232 20695611 23104948 20293073 28047803 26958241 26532884 25989089 24797097 26483266 25929391 24471373 24711286 25412036 25866376 26590009 24133366 24292562 24779088 27729259 23048811 27493646 26546268 24807480 27469096 26158754 27629555 25377602 26991096 26041932 24885068 25361068 25762627 23780634 28702618 25235026 
24796580 27562324 27267727 24397307 26818794 24972261 25536014 25456563 25944965 23061648 23095086 25116056 25768314 25352064 26308880 24634714 27704976 26143739 27468611 22210969 24025319 27527278 28029066 26599723 27245343 26833697 24992584 27062927 28447877 25938672 26759765 25039902 25749067 28914242 29227402 24099901 28151710 27114881 26160310 26346887 25985398 27138157 28134443 27061812 26768762 23072372 25825234 27017879 27750135 26347647 26135520 26266556 26183757 25413236 25479529 29403365 27810199 24947606 24372780 27357989 27768003 25393144 23425192 27222152 22548578 23143542 25115839 21516640 27376982 26169648 27052247 26642808 26025262 24818538 26944304 26631834 26542282 26559750 25962844 28268673 25331688 26915196 24654422 28239769 24764600 28726928 27102633 26190754 27827598 25937491 27158946 27155419 28578760 27474570 27306418 26634205 24752787 26032448 29041395 25461512 
22345396 23829369 25235247 23450441 24219726 22850872 22744394 21001869 23856569 22575288 21547191 23443410 24189498 22545558 23139664 24662000 25078631 23401539 24774885 21653968 21613468 24274027 25270538 21553061 23250649 24172598 22238476 23359839 24103732 22270343 25841454 22512997 24570242 24000643 25776230 22179095 23983874 24513250 22594428 23159862 22377498 25453960 23776991 24581746 22655221 20869046 23495250 22677814 24826634 23025603 21899444 23824656 22667157 21850317 23228612 25807046 22869425 23123257 21882394 23037678 25252534 22858203 20649431 26215175 20245767 18650065 20563953 18962732 25418798 23580834 23462822 24817961 21631510 24628822 23954676 21924389 22623672 24127213 25220305 25353094 23997727 24104743 23118071 24701699 21506766 24321771 25604837 23550754 25586156 23145772 24236817 21826675 23904359 24013522 23729362 22735328 22446099 22650215 26706159 21517499 
24891332 28126870 26390643 24956147 26439025 24517974 24678974 24165737 26220525 21783642 25864059 23697431 25180027 24508874 25555810 25628827 26884652 25942937 29703796 23283430 22647825 26993125 28187716 26255625 26661686 24802393 25290173 24718992 27719879 24821314 27975445 24812664 27505505 27662569 28904609 24071816 26112915 26713094 25663283 24882184 24202147 25971923 27586839 25642259 24288078 22262220 25455088 26636010 28070639 24818610 25034394 26436821 24763292 25955613 25890462 28281282 26207333 23064037 24507426 25200069 28787227 24872187 22983600 27943924 23504589 23474334 23744955 19292702 29050256 24795686 25618249 26352147 23615897 27465412 26376617 27166391 25628715 26776836 25933457 28681334 26140721 27383154 24494872 27059293 25070931 26833487 25513768 24950137 26825138 26407883 27724787 25558903 27388466 26725196 25342793 26256860 23525284 25571078 28969650 24081586 
23204318 24034541 24996756 23280493 25834869 22683666 22808562 23867030 24207814 20827064 22386035 23186638 23509689 23569456 24364450 22552058 25196917 25052388 24440223 20651463 22338481 23539197 27233687 24756268 23954391 23650833 22010874 22347705 24581616 24462705 25113448 22732090 25161904 26476181 27828772 21417197 25591955 25518472 23186009 22255241 23715012 23269235 25165333 24557359 22814538 22915180 23823632 22549355 25005636 23680725 25174994 24188331 23248948 24786069 24549997 25537390 24215932 21452445 22617301 22005792 24490438 21925321 21794457 24942123 22312469 21692723 22259943 19658546 25833858 22920949 24405614 23412713 23880452 23008804 23581438 23829507 24166384 25464858 24028869 25819485 24193060 23215190 24067682 25378048 21957664 25157383 24225586 24094942 24369233 24053615 24680964 24923305 25887317 23742399 24703446 23017715 24323561 22461492 27170801 23423931 
23769540 27149527 27883442 24133351 25532812 25354055 25988009 26121470 24896939 21643217 21820490 24304220 25032485 25681063 24586664 25510254 26506771 25219421 27439220 22920804 23366706 26037737 27590356 24716702 24438432 24058560 24203051 23918682 26326941 24405662 27488067 24229243 25780419 26766053 29091356 22219048 26286106 28397898 26236580 25391865 26014148 27516362 25482511 25820657 25249253 22495355 25695382 26040484 26527379 24188252 25012409 25868558 26341229 26152231 25265061 29206151 25816201 23915886 23826853 24759964 27521635 26279514 23283050 27608111 22225319 22027237 21691676 20363406 26905113 26552510 25293393 25982199 25441984 25932033 27429019 22886074 25876854 25291386 26127828 25440564 27234453 25761713 23811167 27598870 23972498 28022007 27180788 26085006 27478051 25275393 26946112 24869586 29024433 27195144 26515153 25810937 25739015 23500335 26752189 23373923 
21407696 24955310 22570952 22044343 23630650 23348504 21536820 21649020 22039874 20507136 19418032 23118621 22241282 22521116 22996180 22689931 22607666 22542778 25809741 19110152 21258575 22388592 24701623 22374514 22950889 22145502 20562317 21710915 22774669 21046346 22869000 22459767 23900549 23976757 25019760 20694244 23330833 22700047 22517386 22279596 20294799 22676319 24216745 23964490 23156196 19645951 22365047 23569102 22816787 22999226 22003097 23782804 21566058 21537216 22002077 24799899 22201521 21004487 22396592 21562461 24613676 23114774 20582307 23841667 23086084 20269030 20850973 15232548 23445602 21480888 22764999 23591159 23015329 24935139 22892907 22723097 22304091 22854594 23239226 24164586 22554701 22527510 22352467 25773978 20614003 24636354 23591564 22621864 22544088 24058632 23563322 23186220 25391356 23182960 24693138 21682093 22470832 22458380 26139202 22500284 
21867697 22619673 24703316 22885487 23065224 22977504 24055118 21109419 22181799 20684327 21692214 23424437 23954490 23138149 23622945 23614606 24111969 23135613 24523729 20808869 22121259 24322637 25312900 23848829 23286704 23426525 23175635 23178877 23094260 23918919 23691908 23760714 23999792 23517328 25832693 22190678 24493235 25943658 22714064 22803896 22658898 24571031 24022650 23607832 22468286 20387779 22937364 22660031 24906517 21691982 23945111 23484870 23866206 23010814 22896467 26558163 23069001 22207921 20463119 23578403 25439790 23855765 21241083 25294927 20168261 19733944 20861230 20025061 23605277 22445254 23756678 25940948 23128082 24579545 24278549 22075274 21931640 23672991 23031514 24952728 24122181 24610696 22409241 26402629 20684599 24119563 25098169 24215043 25952721 23177082 23935902 21815646 24497302 23202736 23512021 23797472 23233310 21434896 27422713 21836601 
22122887 24577360 25024376 22052479 22486068 22683834 21242236 22771987 23135888 21096399 19796281 21671340 24161499 22139013 23063957 22156094 25117581 24295724 25684232 20963850 23830305 24092067 26424100 23317162 22920715 22248267 22126395 22873058 25192582 23331601 24740655 23378262 24831136 24766091 25349620 22104444 26233837 25509015 23524226 22661856 22110125 23033103 25258480 24313681 22773930 22306092 24965293 23895752 23533974 23246471 23083028 24371652 23718594 21948048 22013837 26435526 24856275 21435872 20530433 21716751 23972789 22001026 21562105 24450647 19982692 19826723 21031728 19658594 27279476 23211254 24189439 23234040 22948901 22490320 23832533 23776153 24039368 25329740 24263204 26460578 22914224 23590681 20996309 23686933 22498489 25878671 24952515 23275521 23913775 22437594 23705378 23710717 26196063 24393934 21723562 22323075 23150051 22744354 25066028 23841434 
24764514 27965674 25861535 26943045 26062587 25006557 23364096 25315617 25505497 24095352 23180966 25634021 24147554 24904707 25923108 24452157 26551089 27435781 27833700 22373416 24368106 26327733 26749295 23745317 26961542 25721267 24631854 26261631 26889006 25802650 26219566 24474502 26139771 27415079 27206402 23991020 27441204 27613234 25632943 25003607 24037506 26638763 26911472 27431588 27057046 23283155 25876731 24551682 25683678 25996822 25650361 27079909 26388460 25153250 25784371 28079522 25675315 25000651 24599360 24548100 28385067 26165772 22964921 26543053 23655978 19996110 23920544 21083306 28865901 26704909 24678306 25596433 25839005 25731173 25599887 25697951 25717259 24325160 27051103 28027978 23780909 25830005 23713108 29562282 23767080 29790190 25338644 25754365 27046564 26384760 26306567 26655120 28782733 26952787 26196350 23212185 25085998 26570450 27369226 25727347 
23504738 26590034 26734013 25605558 25294566 24716589 25078919 25053514 24958759 22060796 21968539 22926365 26109544 25181230 24496881 25726659 26320318 26724792 27524773 22947468 23166014 24395283 26812250 25600886 24388807 24309767 23221901 24412631 25514774 25440785 27482493 25693161 26498029 27746666 26703385 23952908 27656451 28104140 24618939 23556017 26252172 25559043 26425814 27158451 25649494 22947572 24813010 25651131 27240637 26273258 24424148 24952705 23992508 24709745 25635553 27371910 25763116 22573953 22892487 23450217 27864150 24547121 22193807 27807024 23679992 21485509 23239004 20866856 27142562 25675784 25797072 26121420 26288439 26528568 26237480 24104658 26737288 25804286 25814084 28124258 24802800 25465790 25315450 28510033 22711281 27066661 24338614 25433010 27327267 25124831 25776691 26131975 27428858 27086348 26064137 26270255 25017302 24214614 29168022 22970535 
25650410 26960602 27453275 25769557 25660221 26132386 24892588 24482935 24924390 25213833 23223093 24929943 27383872 25549421 26260822 25839837 27310508 26896455 28310659 23948553 25331897 26422200 27882012 26207915 24750037 25688569 24984861 24973520 26495804 25761658 27775806 24016045 28349607 27393028 28416854 23443333 27455138 27408006 23819019 24363900 25219523 26701741 27795213 27521672 24337795 23605688 26532311 27134211 26811516 24003170 26648986 26021612 24642643 23743182 24601467 28180288 27361412 23709442 22217539 24525273 26183158 25450647 24752249 27990126 23210074 22353018 23278268 20760452 28338039 26178318 25877157 27539503 25864746 26570686 24706368 26441910 25439586 28265115 27125733 28639628 27057052 27450841 26265014 29253236 24089867 27605607 27289141 25603892 27376406 25690525 27918400 24276455 27310393 26213175 26317004 23780036 26646257 25344185 29425815 25607891 
25187294 26280154 28030178 24172301 26525063 24337336 24965672 25331501 24900739 22779908 21221374 24103412 25933098 25198985 23845780 26246616 26583866 25870186 27498523 23033851 22840380 26037793 27446196 24709240 25567226 26967248 23834079 25740832 27613283 26542087 27055887 24072078 26822228 27336247 28919509 22593540 26697617 28142681 24169659 24147577 25363141 26944322 26605448 27795040 25566906 23283494 25376379 26690107 28029147 24862034 25744930 25679532 24929760 25806921 24343963 27767518 26959427 24217761 23545357 24819223 27104485 27210003 23406245 27716954 22090857 21262097 22182740 21239293 26367801 25637067 26178459 27304538 25221179 26737653 27140427 24918484 25113816 26246733 25972643 28419500 27018003 26370563 24301583 27415202 23330427 27669422 26860702 25151589 25902148 24166978 27974698 23981665 28571322 26206633 25337065 27288751 24092604 24170835 28576578 23133282 
26192454 29001584 26306554 24707677 26653821 25343994 24643612 24679569 26231345 23400416 24427325 24119631 27276485 23865351 26086492 26000321 27889747 26173886 27791041 22293377 24904245 25709332 27602425 26531519 25450886 26892052 23869778 24833836 27148894 26924316 27131541 25178522 26565409 29147027 29718113 22949070 25582683 28917159 25147510 25589791 25709308 27814081 27044965 27326792 25648179 23477085 26719713 25155675 26291727 24631554 27146219 26084225 24859079 25336316 25616702 28209748 24592236 24234173 24332364 25282938 27161103 25999469 23716814 28441229 23665426 22227500 22718242 20030123 27940280 25863432 27707610 25614895 25528887 26095671 25461890 25665136 25411395 27807509 26800816 28050417 25593334 25147403 26178671 27589233 23845395 27604398 27772790 26687387 27238636 25114567 27129688 26222129 27784787 27569112 25809757 25114979 26916518 25238328 27815536 25171516 
21733741 26023303 24370160 24833407 22913619 24702201 21907110 23517167 23679983 21353228 21687296 22971971 22519646 22741185 24960268 22608106 23489715 24273248 26178369 20365813 23512316 22905032 24558723 23837607 24297586 21738241 23710103 23444667 24273791 23553647 24589162 21725794 24907859 25541414 25046004 21671291 25504075 24866937 24480106 24408656 22424118 24062813 24387767 25141911 22503782 21402874 23342637 24789824 25091498 23525021 24023676 24265613 24650342 21471978 23008019 26259990 25205554 21461403 22480709 22350073 25287774 24066578 21667111 26148898 21028200 21379409 21438585 19497991 25555446 24155097 24641859 24369526 21786759 24380694 24686233 22189719 24093106 23602991 24367040 26099413 23723982 24329732 22450548 26445620 22867585 26259478 24320100 24092442 24218008 23925591 25451219 24060932 26649807 23442604 24800988 22784387 23300436 22689987 26106770 23758120 
26148995 28548345 28641059 25859186 28022080 26949180 26904849 26042320 27529345 24422871 24437582 27589932 27753263 25391137 25942099 27181708 29279730 27971557 29861741 23942955 26209754 28790660 28446600 27983543 27519433 26576681 25993195 26911673 28603012 27648177 29006612 26590638 29217090 29680348 29574379 26375283 29956463 29767734 26069209 26730404 27658482 29178505 27945817 27844544 26235237 23717962 27911176 27483038 29363172 26818769 26953001 27848651 25481726 27121660 27444136 31949268 27670943 27453677 24795660 26721965 29696494 27025420 24443680 29936128 23761342 23891211 25069855 21363543 28081330 28198522 26735343 28447839 26573745 27260835 27476286 27735577 27964981 28949452 25505892 29087640 26135495 28463499 26703250 29546945 26377574 30115224 29090509 27956627 29406943 27272603 26495595 27786868 29571498 28034503 27660024 28860890 26579609 25909070 29223674 25826066 
25860723 26011593 25118879 24180912 25971019 25685278 24700847 23079096 25927727 22193670 22552865 23439117 24808736 24303197 26841565 25426901 26053844 23610790 27845288 20573488 22814995 26370020 26396087 24935230 25719567 23718064 23574943 22262803 25996570 25795519 25198700 23468250 25298654 27322031 28187019 22804326 25908568 26503727 24931254 24339854 24668377 24592149 26609132 24845461 27427039 24069294 23148979 27029723 26450829 24156202 24340175 23399116 25748258 24873701 25218557 26186706 25033878 23719092 24309765 23819386 25941275 25083487 22456474 27083921 22940144 20346489 23286239 20636280 26070689 24975941 24501371 25810813 23847235 26344718 26262191 22214497 25273399 26398165 24517330 28379083 25007149 22852740 23572113 27192181 22907503 26747672 25422400 24210751 26611070 26029246 25147173 24843268 26459178 26210977 24429346 23688111 24858537 24578949 27220440 24285909 
24436006 28117933 27820266 25300291 26524235 25306048 23721761 25031614 26440704 24138643 23870491 24941047 27606211 24506116 25732375 25344987 26610078 25793823 26724970 23386345 24699600 26359403 27814477 24226386 25110152 25926724 23532926 25284553 28704323 26341760 27196329 24732427 25826956 27615573 28999018 24566589 27703908 26733292 24081069 22471477 26380025 27836127 25680590 25328475 26078064 23055347 25675111 25797283 26028919 25416023 24919148 24996510 23680629 24846227 26463832 28814492 26942557 24294284 24835111 24058850 27709796 26102341 23367572 27632090 22617448 22928897 22688717 22366350 28792423 26201632 25530874 26416327 25780938 26732926 26429119 24871910 25343885 25525812 26238905 28500731 27394360 26963407 23757517 29030729 24112376 28975371 27017511 25464633 27692578 25550400 28126412 25627687 28366130 26595041 25959463 26448387 25033102 24389877 27738804 23774098 
22452839 23113815 24839480 21857300 24212289 21598995 22601450 22920331 24370031 22302629 19484953 23639639 25228474 23380379 22491517 22254535 23641423 23877150 23726232 21779775 23296877 23503866 26121464 23220693 22989471 22687576 23351370 24952075 26901729 24072308 25602210 23447796 24460864 26092530 25480310 20362365 24606885 25976285 24392881 23468776 24546899 25426142 23732559 23951493 22251772 21012424 24207113 22615777 23623352 23237609 24011595 25372862 24081292 22710616 23199608 27154384 24913355 21728023 22444867 23887242 25827431 24672068 20253050 25551357 19602018 19449098 20736737 19739097 25770767 24152820 25342569 23722337 24339328 22917875 27222976 22519137 24602879 24029130 23788299 24422324 24310324 22155251 20930778 27270533 21375065 25916100 25094895 23049299 25750570 22684613 23756304 22482170 26508310 25268224 22484857 23108101 23249639 22560245 24470819 21625781 
26287185 28979303 31067212 28691065 26623945 25823258 26125709 24821634 28227534 24471742 25764886 27475828 27846914 26301640 27002652 27583964 28590215 27365881 30232330 23609339 26326273 28075177 28514627 28074712 28412761 26311908 26158940 26538766 30164763 27654381 30097640 26007657 28127506 28910147 28653122 26949192 28482102 28246104 25798699 27281996 27881947 27063487 28871788 29531742 26330024 23960350 27858491 26648075 30096223 27684484 26953310 26329993 26770995 26220048 26218024 29457311 27857995 24798186 26265964 26441669 29785458 26165649 24532792 31016935 24674512 23975339 25532474 21018211 28232720 26242082 27945940 28545383 24670267 27162988 28607761 28061451 27945259 28987309 27346879 30194193 26835861 27329895 26204033 28476298 26343378 30624626 28317842 27174192 28963846 27488241 28094792 26988647 28804311 28132377 27837938 28675311 25876648 27556459 30713575 25421409 
22629346 24092914 24628312 23577835 25592900 22508656 23816009 23502554 25479927 21289397 21617802 22363672 23199118 22292522 24631574 24576779 24061971 24174754 24429787 21714527 21248005 23375776 24182225 23504426 25078810 24881139 22944707 23459244 24030723 23442003 23285002 20508011 24350486 26340341 25984313 21702981 25012148 25085758 22739029 23461955 22226664 23418419 24513874 23635332 23886868 21058091 22804779 23351125 25278685 23721724 23305548 23870212 22522851 22959182 24415713 26027691 23618726 22593760 22879939 22309564 25376328 22617684 22123027 25990023 20192235 19796985 20701923 19569728 25231478 23990237 24333987 24450184 22150392 23743503 24006564 21931932 22214786 24460170 23660052 25502213 23192320 23792458 23447966 25189128 21602245 24274064 24953854 24366078 25972257 23483977 25100987 24475633 25189878 24284535 24345185 24584686 23065651 22199085 27593479 19964753 
26927626 28679260 29206457 26927531 27337419 27822111 24632256 26372019 26521883 25517364 24413304 26817392 27241108 26021363 26854313 26118183 26917807 28107755 28853981 23963399 26450955 27317587 29355538 26722880 26492368 25945999 26630916 27484504 29471285 28992804 30705026 26519489 26702685 29121074 29229690 25785070 28567067 29612897 27197730 25851996 27519378 28340497 27731521 29320627 26193993 24934931 27364693 27234777 28434916 27544032 28483488 27176341 27179516 27115737 27208316 30031937 29274100 25026855 26309098 25745248 28884216 27587629 24203055 28848552 25180235 23708373 25536666 22951024 28343689 27317711 27413463 27490222 27321887 27202424 29642707 27216384 28604150 28223492 27649845 29525374 27210301 26202518 25215099 31210477 25352958 29118818 27557529 26964909 29329626 28739718 29422766 26755797 30302904 28155608 26948018 26902612 26898962 27216322 29737244 27473001 
24517869 25261656 26365368 24042039 27232052 23526297 23728527 24154601 25325175 23087405 23850265 21417127 25905795 25935382 25759150 25364657 26390446 24653168 27326598 22218256 23390017 26341066 27987973 25460263 24612247 25239975 24591626 25404788 27127529 24697782 27504552 24021701 27278576 27308280 28648348 23204504 27104337 27152465 24504822 23860129 25784416 26325877 26289243 27146577 24863358 22438152 24988878 25311376 25819208 26002533 25032848 25942870 23513530 23997207 25079400 29192945 26280776 23916082 25267461 23330449 25929827 24983062 22839187 27841374 22769218 23168808 24779175 21378737 26555196 23823473 25330935 27052187 23552987 26224178 25506952 23817189 26327154 25985039 25404564 28422349 25247014 26221123 23883150 28054980 24280931 28008263 25370541 25714668 26364743 24721282 25546163 24444989 27950630 26705024 24368223 25076936 24304985 25056052 27749045 24237815 
21148098 24529317 25234710 22785706 24273811 22445259 22545272 23277432 22076551 20447355 22376933 21212859 23125660 23572218 22190620 22296691 23290202 24725234 24649464 22660605 20639888 24113192 25657265 23307825 24231494 22868813 22151250 24745870 25791364 23720735 26057944 21539495 25007583 24738908 25331516 22092966 24949448 25400906 24758839 22713402 24626896 25152241 23971591 23576362 22835228 20769561 22996186 23664657 24005142 23418550 23678315 24305846 21992071 23352479 23682227 27230123 25486900 22312844 22348012 23648323 26058306 22904212 19412553 25544638 21479579 21072373 22547945 19632682 25102558 22713563 23631572 24895724 22215688 25048541 25890228 22469863 23041416 23787024 23794612 26216290 24728557 24335307 21349774 26224675 22671804 25281634 24106461 25115545 25568720 23955178 24983888 22834534 26996889 23721327 24075423 24440066 21685536 23664613 25102564 22058797 
26203629 27166518 28393922 25327910 26520291 26189728 24404054 24890492 25965457 23829058 22110683 25976507 27033295 24623241 25383491 26198859 27277757 26910077 28971511 23455242 25366969 25681832 29025452 25794565 25871342 25498400 23758524 23909894 26553987 27176520 27548144 24997888 27136079 29145082 27674064 24338664 26817001 26394013 26239242 25290937 25127235 25700291 27123273 26948900 25064369 24092062 26875441 25678207 26532234 26815127 24782838 25518045 25401695 25269146 27090467 27006357 26283098 24486471 24289826 25722926 27634648 25907901 24279023 27048001 25325486 21101482 23481428 20401208 28610083 26669772 26118729 26968946 26027567 26004505 25785487 26206257 26417206 27240217 26596334 28892594 27121486 26677767 25375333 29901659 23622598 29180200 27890633 24226953 26587236 26580701 28361437 26087262 27780001 26418155 26155707 25166669 25249194 24837430 29506648 24565534 
27859946 28046015 27039742 25362365 25994989 25033464 25910501 26053805 25213294 23749700 22839434 23911713 27644761 25416034 26359063 26556735 29475469 25353224 26923433 23208378 24776575 27078408 27094409 26077401 24880092 25509385 26649902 25952514 27667143 27188983 28685166 25173510 25879120 28093224 29864777 23420427 27853329 28598149 25556041 25699405 26660533 27824088 27251072 27267950 25618747 23022481 25958255 26086018 25693655 25611303 25478445 25823043 26698846 25411899 26579978 28867572 27566277 24436650 23666664 25068129 28486356 26010206 23626926 27720900 22348258 22692410 21934730 22119370 28529506 27513581 26828203 27126030 26900433 26653329 26529112 24978384 25867953 26773211 26640704 28078129 26485447 27198989 24360351 28503343 24707154 29076111 28630587 26532405 28171309 25604151 28825218 25466409 27111279 26887981 26778272 25809321 25914542 26424331 28751640 25984713 
22767945 24714436 24504961 23363786 25919154 24468583 22862108 23242535 23933028 22352991 20514401 21484315 24224727 23651271 23899267 24422414 23951276 22961887 24343338 20480297 23538961 23155204 25434271 23593787 23930756 24189940 21811736 24087528 24811595 24288960 26197794 21405295 25692172 25926352 27588745 21269012 24847819 26289193 24175379 22345107 22937131 24227658 24055152 25708840 23606894 20934190 22961791 23508344 23881664 23688663 23694090 24844050 23754535 22724798 23899584 25168631 24366240 21366682 22781677 21547228 24916019 23261868 22435395 25607657 21235710 20749404 21299350 20479551 26310098 25236051 24366030 26030355 23154704 25547465 25430461 20579704 24111952 23270447 23806587 25426854 24193406 21665042 22179889 25952741 21852090 25644027 24753142 24484704 26318656 23301654 24822562 22983267 27321079 24163292 24309997 23364435 25058098 22882183 27068646 22276467 
23663841 25310039 27556055 25033364 26540118 24292742 24750491 24897169 25904496 21581198 23136226 23083430 26056639 24128889 25524014 24291285 26629763 24628579 27117827 20493662 22618324 26594918 26352231 24753165 25640175 24704212 23959343 24208899 26227855 25650621 26519970 23645646 24535770 26401761 27859259 24491152 25721522 27299998 24411155 24318627 26733213 24931935 25531155 27780763 23773564 22556018 24875349 24635804 27098491 24699356 24311351 24959405 24200530 24033218 24924487 28461857 26865111 22817241 25049344 22431281 26481975 24202594 23162026 28081244 22576055 20894475 22943798 20539254 25987168 24464733 25195460 25579133 24240988 24340477 23980252 24949571 25874740 25147972 23923872 25690663 24435350 24442729 24717372 27444573 23640065 27520219 24864627 25088612 26354248 22663523 25740214 25755250 25810351 26622882 25570583 24718778 24590782 24175489 28072706 24836220 
24267212 25448367 26560538 23263213 26509036 24118678 24634469 23735137 25119894 22820851 22681828 22861886 25697647 23713805 25059704 24407743 25428416 25706559 26890008 23280597 22739047 25279161 27135459 24672874 25323295 25695451 24427723 24002508 25645679 26945892 26670924 23108079 24950718 26374622 29688288 23968178 28258804 27462207 24476029 23412865 23256013 25140427 25407203 27240542 25082918 23235458 25418862 24610963 27216982 23385148 22957351 24497851 24772335 24445414 25097400 28543892 25945660 23598153 23151320 24270537 26585313 24269810 22590462 28186325 21462853 21707604 22498482 23028181 29042526 25497503 26045956 25856991 25067417 25286804 24854257 24772275 23988150 24679249 25022335 26740755 24647404 26408366 24079788 26667282 24189730 27080414 26215807 26067299 27436628 24182954 26357544 25365313 27471057 24955919 26216494 25901335 24529770 23760118 27647202 23999762 
23973564 25569806 24165290 21982482 24430355 22910307 23279350 24357012 24086947 20791809 21856565 20552090 25668578 24406996 24255908 24843850 27041406 24330037 26469063 22028965 21810189 25227418 26599459 25054247 24098890 24540894 24085875 24499611 25966222 23684936 25936135 24004204 24703841 26724763 27201957 20878536 27600441 25708472 23284389 22997139 25508028 26271528 26822142 24774076 24878254 22160851 25498515 26542287 26166981 23750271 24154682 23407660 23641211 22890332 24794698 26779030 25225085 23853993 22171245 24204300 26469492 24598993 21308620 26672312 21669273 21089765 21362865 20640580 26906889 24465701 24732990 26117299 24612063 24931930 23798226 23584052 25766704 24647014 24014991 28621685 25314206 25027559 22164918 26847423 23078578 26520501 25289161 24196904 27034281 23135805 24854574 23269842 26834705 25634584 24815914 24738116 23302424 23206000 27180342 22358657 
24934807 22147311 24598512 23341915 24202884 22652561 22522583 21878160 23409445 22373951 20944305 23122662 24452701 23198464 23645092 24821292 25937553 22191556 24760648 20636392 22729159 25664480 27409875 23238286 23039684 23970399 22422220 22120333 24331496 24079195 25431780 22119185 24365688 23638269 26185485 22936557 24989768 25697637 22792347 22209650 23112306 25772254 24828991 24231220 22679376 20875820 22701523 21675220 22990483 22546784 23493171 23409705 24540733 23980115 24006970 26745987 23913755 23075217 23133743 22986866 25517107 24229387 21547358 24383477 20416829 20273810 21455735 18837794 24880049 23825669 23751950 24494115 22482378 23636380 24989185 23438871 24608008 24205665 23319829 26162246 24205944 23188867 23850160 25468462 21010948 26385637 25407118 24389559 26298086 23631463 24495386 23509684 25710312 24040639 24490096 23968418 24687862 23492155 26205704 22198627 
27234822 28861479 29016073 27343769 29517049 26484775 27152645 26306927 27860957 26297452 24176150 26843993 27408222 25824695 27390939 27153703 29118637 26650628 28905155 23505858 26834520 29375031 30436820 28188972 28146910 27758539 26496603 26855446 29687035 27250932 27875216 27153963 29015640 30774068 31247677 25311242 27242752 28067814 26416564 27990505 25654287 28813022 28664691 27541125 25403467 23163988 27934231 27526372 27874046 28214317 26558461 26852801 27617580 27302873 26841906 31507088 26649981 24614542 26476494 25728785 29146986 26954614 25416914 28744651 23225952 24262251 24659715 22050687 29056598 27933136 27619123 28546028 25800222 28566043 28666453 27251036 28337588 28164417 27261891 29303031 27053534 27276087 25813342 29242674 24436325 27721662 29913205 27166322 29532853 28346066 29133966 27143430 29967911 28607915 27043985 27237359 27040861 25472523 30555456 25651921 
24399708 25655953 25209830 23450746 25197891 22843645 23333542 24180961 24603049 22645521 22376410 23239749 25321439 22864516 24128897 24443831 26711110 26432165 27263342 22812450 22928517 24899815 28249093 23785450 25820883 25121653 24207514 26301533 26779986 23613821 27341557 25555253 25133392 26415996 26537371 24352509 27718231 26580622 23531765 25011042 24305761 27013014 26751897 26982824 23836257 23177612 25589383 24330220 26002468 24580646 25482047 25627549 25682144 23788835 25391784 28757956 26635677 23334772 23580991 23207184 27287329 25499399 22683311 26416258 21862454 20751056 22375660 19646880 28815356 22942536 24905133 25193616 23722937 25517116 27068537 24370385 25999763 26168424 25976745 27993151 25371216 24241592 23595887 27026642 23767504 27033079 26385855 25547093 27072262 25205034 25997795 24104447 27657945 26107911 24700236 25580798 24345584 25156419 28928159 25014144 
22619023 24466296 25143115 22925992 24728035 23310993 23062676 21899715 24397012 21621863 23732805 21829809 24037565 21884652 24007153 23360858 25493224 23653173 26728932 21127037 22308382 24948367 27124261 24544110 24668993 24276536 22546585 24245579 25136762 23236294 24699970 23019133 24662838 25204194 26440194 23043556 24841810 26413327 23895134 24182045 23093230 26604545 24832929 23788174 23347163 21499440 22934917 23168734 25259536 23995700 23110407 24487414 23051030 22405726 23475234 26432182 25266337 22940585 24106085 22690163 24742624 23576415 21716871 24714108 21305677 20022804 23321486 19204171 26424220 22383677 23304889 25407758 22910257 24850546 25027258 24446057 23109458 24839604 23467623 27229325 23452218 23847481 23495739 25521155 22978264 26689072 24291813 24089708 25459286 23038255 24055555 23730728 26156142 26203684 24503393 24443671 24002380 23057911 26267431 22507374 
21853912 23911557 25282785 23544028 24100756 22311187 21326617 22761115 23713623 21592212 21489996 21820916 25121645 22199829 22742255 23553121 25258135 23892741 25491683 20000467 21655573 25688479 25459391 22968521 22775086 23411780 23165587 23755578 24268714 25085042 27317298 23015361 23974123 23729836 26038156 21906244 24148288 24664121 22426083 22282973 23866883 23243508 25969191 25041379 22011858 21531831 25218434 22859853 24610492 23107820 22133697 22524092 23492606 22838870 23269303 25519102 26102061 21884558 22385763 22311418 26255931 23583396 21725351 24844567 21448655 20497554 21497834 18920069 25385762 24495997 23555344 23521683 23163636 23972403 24198832 23395163 23464352 22973504 22772416 24567312 23444348 25149990 23354236 27367858 21318849 26215177 23620093 23089809 25711834 23722055 25829316 22385314 25043957 23559883 22838522 23779230 23775507 23161189 27113126 23172745 
25479617 26844522 27651691 25029766 27479117 25280277 25377591 26013237 26525064 23709662 22576591 24933885 28003758 25631535 27000029 26160661 27644743 26846952 27272285 23757440 25633410 26526526 27523454 28345343 25550177 26089092 25311901 25374734 27491963 25375808 27905943 23984277 28772468 27921744 28782840 24043462 27418646 28162842 23188705 25360721 25472586 27732863 27682059 27948300 25439676 24045716 26775210 27545402 28182706 24839716 26361341 26376816 24574308 24748225 26342243 29039422 26795521 24545469 23563743 25156811 29050363 27121882 24343966 28814193 20963563 23682764 23753073 21729033 28608069 25985842 27395819 27834743 27367907 26348540 27738314 24892543 27848417 28619827 24759363 29538806 26721004 28027222 25940591 29892525 23943276 27817576 27875325 25888116 29004524 27059740 27269697 26020998 29369456 26156351 27033592 25821047 25276038 25271937 29559888 24191360 
24529123 28175417 25089514 24860219 25535215 24734639 23403098 22009422 25152344 22253186 23745067 25045946 25341652 24443761 25154457 26632341 25994630 25268497 26759036 22488330 25004281 25050953 25999492 26942443 24307647 24172101 24699583 24526653 26270923 24296915 25944521 22901604 24815243 28117404 28047733 23468721 26600066 25715071 24656071 23625096 26289001 25264527 26643770 26705916 23949204 22040787 24314129 24875837 25706708 25338728 25721389 25766910 23968402 25083929 24516663 28433968 24225881 22113897 23254644 24912372 28444300 24006662 23306461 28373059 21838242 22503560 22050436 20823770 26712456 24564008 25713485 26999559 25394910 25487075 26171450 24392723 25645151 27026005 24986985 26213708 25746582 23493196 23848607 27485880 23487818 26630458 26184043 25090119 27834398 26406510 25836512 24970962 27123077 24687532 26132444 25068696 24566716 23249449 28614890 22324748 
24908539 26501452 28373620 24547512 25942033 23405345 24423389 25010536 26589258 22503565 21194265 23315440 24901968 25584308 25837538 25572948 26962971 24726013 26695247 22562479 23086187 26103916 26552521 24191124 24335614 25239299 25873186 24555300 28245359 25914569 27835448 23887449 25662317 26655880 27242093 22649923 25828353 26868488 24252469 25118763 25502036 23859935 27570012 27235931 24611881 23564754 24949833 25622826 26248810 24760224 24872138 24831396 23972560 24164850 25641461 27381258 26775784 23708859 24202455 23848421 28205437 24786291 21811820 28664232 22643421 20188860 22605075 21374847 26602672 26743938 25664194 26670900 25145120 25214110 25777375 24665463 26396166 25696347 25770676 27994725 25059939 24969177 24102917 27074101 22826504 27461353 25296752 24559428 26563355 24388323 27312244 24037687 26937254 26870559 25123070 25820963 23401469 24123625 28720903 22735336 
21945890 24481118 23866128 23968636 24779858 23620004 22863309 23707067 23979692 20776834 20621469 21921543 24377390 21981213 24044374 23504804 22351355 23014737 23839643 20938609 22339796 24997873 24710274 24433937 23074044 22448327 20990881 23508219 25485173 24109394 25573236 21435903 24389537 25958456 26629327 22308752 24477408 24903805 22995626 22149325 23653056 25765103 23752388 23111753 23943817 21571338 22149616 23705385 24052991 23124975 21980109 23334922 23013165 21842406 23643190 24443212 24889866 21184395 22114715 22901367 25670226 24088844 21885298 25204906 21736455 18379716 21936218 19113565 26373050 24889885 23704333 25276713 23600878 24938016 23519371 21304187 23596123 23174896 21930752 25377292 24206352 23747858 22002589 27473022 20520771 25395172 23273189 23357473 26146032 23793535 26100087 22257440 26009357 24785674 23750537 23482396 21433909 22836849 27102788 23337940 
25594576 29212352 27585925 26304614 27301707 26042501 26729683 25210827 27984220 24165718 24861936 25436043 27769297 26248928 26744317 26465206 27931117 27178486 28297919 25202224 25333629 26894468 29846962 27275357 26842314 25066956 26189879 24903844 28628258 27652691 27533015 26215193 28258315 29082516 30278379 25762793 28729687 27961185 27469910 26012787 27631524 26477697 27555147 27403823 25938134 24448576 27934455 26451277 27069188 27598809 25317157 26365658 26278678 25774756 26887666 30428130 27884161 24419925 24708112 25534001 29768952 25015558 26368370 28893508 24554767 22914424 23531241 22527889 30465818 27449598 26322297 29402141 26654719 27824136 27078663 27786261 27140000 28168369 27214797 28522679 28580569 27722815 24806008 30350319 25506529 28963575 27513916 25916219 27825410 26186553 29431580 26656179 28838437 28450174 27316176 27271440 27319760 24740950 30299278 26020635 
24414606 25065037 27166204 24459212 23641987 25561622 24677164 22581408 24015018 22602996 21691765 23620045 24706716 25139463 24604976 25396788 24767627 23548937 27350854 21611821 23733537 24631117 26890497 24361578 25563432 23952319 24206329 24508208 26759574 24727246 26901924 23665012 25387089 25628896 27668773 22971894 26322488 26669899 24353674 24010550 24073927 25071015 26268177 25153625 24651830 22294206 23748145 25788142 25779043 25056474 24897849 24587076 24485968 24051174 24070008 27858973 27150187 23887651 22635289 23845011 26604512 24780240 23723061 25982869 21564779 21653994 22961908 20658316 26076016 24944254 24278084 27921769 24728230 25144879 27456911 23468401 25242109 24938989 25336323 26739970 26015588 24723418 23976794 28027912 22652181 27349846 26081280 23756881 26299908 24367434 26420058 23691286 27674850 25879861 26763064 24824447 24972833 24656249 27725280 23804817 
25952118 25491935 26625608 23744298 25571716 23678172 25471488 23822951 26770932 21802761 22320738 23434962 26004179 23702451 25608007 25652269 26542926 24540835 26818200 20790581 22532386 26227800 26783010 24642337 26662492 25611271 23369959 23720152 28040487 26041302 25271080 23896923 24916782 26636303 29375324 22367045 25386815 26855970 23387931 24606946 25714645 26312957 25496098 25724319 26745864 23282657 22994004 24542803 26523410 24320384 23525386 25510258 24639015 23816878 26447455 26966295 25938988 24188309 24502625 23434302 26235062 24952999 22252173 27594638 22644981 20552561 22965052 20366139 27097800 24790850 24736181 26162043 23840007 24620743 25698345 23095492 25073935 24351402 24691082 27230937 24634752 25562776 24563149 26521760 22764737 27209398 25524522 24672006 26964238 23331145 24629907 25978334 26669896 25785957 25126810 24769467 24273205 24064281 28101393 23937789 
25035068 27490876 26687084 26006651 26162130 24979021 23246304 24142931 25134513 24181408 22349662 24662127 26420029 22979565 25183165 25096197 26954377 25799693 27358931 22705730 23884161 24528751 26507372 24115869 25258291 25278694 24055854 25454031 27798476 26166503 25883126 23196780 25920720 27331990 27427050 23179942 26736034 27381001 23379802 22953223 24507040 26366281 27437509 25517839 25771463 23449556 25899601 24817394 24278226 24937073 25386139 26372392 24460568 23647614 24167121 28337464 25921479 23013291 23873925 25157947 26506842 25516130 22542149 25673631 21917246 21062579 22756435 20925455 27170164 26319747 24707762 25810200 24267078 25518744 25878217 24461428 24513450 25600320 25021161 28201354 27181295 24616766 24306394 26174100 22025145 27211445 24872514 24566254 25591179 24950862 26228508 24339100 26553615 26376205 25166434 25467871 25246906 25850415 27056408 22995550 
24761399 27135818 26927549 23008352 25415493 23677325 24988803 23767356 23163356 22253840 22102119 25310325 25459351 25414075 24107848 23543001 26374116 25969487 29286433 21704824 23781898 24558694 27522134 24280663 25352554 25989195 25152038 23804396 26262122 25811414 25549431 25121489 23641806 27455667 28693502 22706045 24825342 26262572 25156612 25097804 24476135 24678065 27004319 26596093 26057970 23128649 24420962 25335116 26907170 26267954 25248129 25843680 25475882 23627893 25731837 27039831 23588130 22772560 22843116 25260748 26533120 24842509 21499959 27616573 23265435 21562200 21500837 21236380 26354135 24203163 25633463 26295220 25640807 25043844 26558925 24033175 24198970 24441333 25841961 27243785 25857795 24450548 23013253 27735970 22890586 27552286 25910293 24367295 26938189 25621768 25306511 24959109 27224338 26721334 25251218 24413228 24194774 23746301 27871463 22448927 
24475460 28267849 25853032 25736948 27309799 25750607 25880672 24228486 25229137 22779791 21837891 23393143 26368104 25401580 25362047 25345607 25869716 25264365 27534868 23273436 23713331 25879423 28246703 24266424 25683007 25556631 22713297 24197608 26845661 26600356 25986347 24945173 27395146 26552228 28244704 24116707 26219056 27926561 26523343 25220498 24024009 28467146 27086143 26441199 24298333 22179668 25777575 24350001 25557790 25384623 25394626 26818775 25859612 25700553 24921420 28661440 25004227 24162875 24561237 23831289 27337700 25618700 23630718 26185735 24067278 21471273 22754332 21018466 26805221 26535334 25439897 27131676 26617247 28007561 25908261 25257351 24578587 24818851 25911643 27416877 25003255 25312134 24793827 27716040 23054101 29152537 26902772 26814580 27123217 26162282 26487060 24697232 27691706 25999510 26789618 25482854 25583361 24090613 26933756 25321992 
22728669 22885543 24439436 22417811 24037716 23090689 22367383 24289670 23762844 22004673 21601161 23904516 25541819 22887743 23967178 24036165 26289172 22975082 26200505 21470691 23022733 24012424 26808690 23141358 23310091 23613237 21400700 23403890 24355068 24232366 25811274 23244272 25156505 25532187 25575070 21729953 25346462 25884800 21684234 21753341 22652515 23785492 26090034 23521370 22984178 21716336 23894820 22325366 24691612 23330917 24568411 24146902 23490888 22671836 25098696 23969800 23959347 23223862 23359279 21946739 25720009 22873969 21670304 24205998 21561337 20682625 21916963 17670804 25247264 24928950 21849244 25174157 23773937 25337690 23961312 23035463 23076630 24449692 23960950 25854103 24429533 23351499 23626424 25649880 20835250 25839622 24073997 22195962 25396664 23262793 23317634 24484809 24078503 24680463 24460050 23961591 23952053 24642781 27735003 21973513 
23590933 25751801 25327416 24426933 27366673 25221591 23111004 23177193 25316562 23343653 23207387 23190013 25738595 24580104 25603357 25598933 25448467 24706451 28191809 20982917 24528875 26225818 28240900 26669256 25917888 24155686 24570719 25643911 26036356 23754918 27024823 23406541 25920597 27544391 27872684 23105051 26766280 27027697 24737058 23799609 24511304 26088833 26996267 25701418 25040596 22154441 23885469 25207547 27961107 24567699 24364695 25966279 25746457 24176571 24954445 28777869 26486038 23552104 24425742 22862752 28181387 24889775 21553293 27106030 23547853 21942740 23642847 19944133 28235784 25922153 25691972 27185706 25004592 25907991 27806418 23674666 24935180 25306389 25569662 26721303 25341623 25443326 23565354 28179405 23877631 27480316 27401446 25360357 27615593 24568843 25972053 24394451 28258684 26130298 25279350 25773317 24492754 22469810 28124403 24188139 
25169879 25764224 25628969 23489599 26693106 24071050 23792115 22298158 25406533 22877979 22069044 24387514 24467676 23118223 24862725 23661797 26994673 24293008 26652847 21739847 23946489 25187385 27580939 23963643 25495100 27092664 23729668 25119296 27721850 24351929 25756914 22941192 24401997 25761156 28588297 21105792 24802516 26661892 24069494 25373132 23204252 25422268 25795748 24957787 23375755 21212014 24837917 23938322 24704281 22802440 25157759 24426192 23604178 22990512 24347075 27583369 24057165 22576863 24638110 24494203 27172175 24567485 22511128 26254325 22157493 21683587 21832397 19257769 27266074 24189491 25513210 26507445 26035455 23794639 24467829 24462620 24059227 25932039 25441401 26035402 25061300 23771955 24414529 26964454 21539614 26870004 27510205 23703180 24542372 24220059 25019910 24853999 26094340 26486808 26182756 23059382 23981300 25231009 27518788 22607286 
25264168 27525837 28724151 25603733 27486724 25859414 25345554 24726267 27254459 24528329 24392560 25194108 27763849 24917539 27620386 24971703 26905656 27125357 28239338 23330558 24493900 28515007 28216024 27555519 26584582 26784332 26318108 25680234 28054183 27840556 29316441 23161570 27919345 27829346 30562549 25372088 28772044 29003424 28191365 25769734 26338118 27262730 27645762 26207070 26908137 24939044 27646515 28126409 26887475 25897083 26351934 27142157 25953189 26091731 27397624 30663238 29188815 25617265 24888064 26174084 28312481 26496328 24852553 29046350 22366465 23202590 23195427 23275139 30110353 26305988 26836377 26743951 25434730 25912498 28305489 24924186 25369577 28004897 26347707 29913941 27949496 28372316 24407050 29492874 25803299 28017685 28177628 27683881 29739057 27216449 28200426 25962198 30490273 25884464 25038733 25422849 26093434 25969483 28987330 26026540 
27263645 29404049 30352235 27755159 28606934 28484763 27561352 27628317 29006761 26063720 25046908 26063749 30286360 28031258 27931611 28187436 29885361 28626015 30066123 25164970 25603382 27942086 29349821 29588072 28366461 29110698 27549077 28861921 31540876 29504056 30073582 27109809 29597978 30290122 31819367 26534908 31108456 30858292 29111211 25618333 28285842 29560197 28995344 30890424 27039251 26780004 27326089 29500217 29915124 26600618 28513462 28577013 27790051 27260247 27611705 31475635 30187577 27613644 25754262 27568785 31188205 27531039 25395895 30025037 24903684 23594492 25168530 24168660 30934999 29624231 29008237 31413972 27761579 28836299 30454430 28705829 29404044 30779134 28463986 32203059 29190413 28485112 28287778 30097446 27605428 31392742 30397918 26893627 29885989 25865192 31463024 28393532 30611579 29446810 28321352 28823606 28532788 26875919 31362922 28176794 
21831085 24663664 23943793 23249326 23038899 21845345 23768254 23177596 22948338 21012339 21668093 22813074 24358739 22238862 24239893 22988431 24312205 24597587 24206335 21844899 22186604 22649253 25028638 24022775 23095232 22926209 22559218 22882656 23926426 22908246 24741655 22327288 23120978 25294775 24900296 20976838 23650858 25861706 23914426 24375273 22377556 25119425 24823269 24103889 21981689 22480580 24018473 22830935 24851752 23481649 24044170 25273965 24619974 20324588 23301219 25216154 23592743 22119561 20113146 22277996 24436055 22369409 20871465 23874964 20569030 18881654 21114126 19959624 24300795 23244392 24307744 24077216 23575300 22487170 24623124 22240085 22710165 23325631 23803168 25070149 23272535 23245317 21375812 25265132 21308324 24634609 24016517 22926216 26591268 22668542 24126601 23328169 24968616 24603802 24039256 22020792 22893575 22676641 27623537 23076852 
25597541 28529965 27438657 25394713 27295814 27013090 25887702 26315865 27258546 25533560 23392488 26106117 26580636 26725687 27214128 27423032 29684699 25889746 30312331 23000041 25165111 26997374 27630770 26405162 25875401 27881483 26617839 25688941 27333722 26686479 27516719 24829552 28700615 28400501 29366746 23939090 27600804 28956619 24391846 25869516 25218232 27634645 29897262 27334384 26116002 24195969 26417621 28200652 28566591 27538697 26776868 26887455 25324308 25252536 26506701 31023829 26221162 23697922 25148603 26221998 28992837 27155343 24710864 27716271 23561359 23876267 24755325 22454057 27848123 28246312 25725400 28483295 24874886 28819603 26663085 24847669 27071727 27737081 26939442 28815372 25115296 25709553 25936871 29207611 23430409 27608352 26703417 25104529 27217749 28367601 27153640 25671387 28010309 27318230 26947581 27490275 27987338 25672926 28882397 24826925 
24233958 25407386 25750911 22692804 25692189 24916232 21771337 23341592 25096092 22745347 21824984 23744983 24400278 24247722 23750250 23806153 25646015 24193637 25498671 20464212 24032565 25842130 26624446 23640582 23888179 24331146 25724999 23635400 24749456 23383889 26182970 24713734 25411890 26883820 26631704 21295173 24331884 25911108 23857117 24435319 22774676 23954385 25648385 25643019 23330822 21898148 25146238 24281953 26100685 24078833 24667655 25219634 25185814 24282625 23903568 25976369 25165884 22686578 23136003 23935200 26216991 23527504 21559376 27535782 20592464 20677940 20626219 20535186 25732780 25328941 25814945 24980446 25049712 25433767 25774320 24393497 25571923 26138296 24765251 25498790 24312382 24191846 24088061 26468700 23397711 26383501 26008269 23921335 25975310 24386165 26067433 22891176 26151843 24712221 23821992 23492999 23924607 22873519 26838918 22044497 
22059389 23232370 23705089 22889758 23125352 23346552 22853416 23466896 22431783 21515430 21618206 22185789 24227488 22134760 23311156 22030814 24388668 24049751 24649237 21201522 22966096 22970088 24317132 23528613 22061738 21475329 22997003 23628836 24322121 24467311 26138230 22163612 24357820 23730132 24924662 22142124 23813704 24823896 22567982 22365768 22704620 23678764 24986127 23539753 22508387 20521601 24290203 22327450 23072174 22082740 23386066 23258667 23855445 22958185 22735240 26399005 24766157 21021887 20462872 23136353 25887770 22202050 20942839 24568424 21183559 20577695 20287003 19636502 24832548 23947130 23595725 23940263 23978142 23046595 24398798 22220055 23446673 25033063 23406359 23911957 24314034 22042794 22243802 25616657 22378730 25139162 25350594 24366480 25426286 24161905 25351722 21993938 24614480 23921073 23825998 23267563 23218379 23120554 25763067 22821950 
25268314 27591491 26235872 24105838 27766142 25336367 25042028 26782830 27791403 24350043 25792631 24230561 28408888 26592814 26572471 26214759 27911628 27347902 28726851 22177214 24632002 28342554 28984338 27081941 26481046 26780161 25083219 25033685 28425563 26577803 27732811 26325047 28043917 29567059 28770908 26088068 29047179 29638276 26116042 25455962 27856972 28616930 29295431 27302484 27775453 25891814 26940473 25141600 28679762 26320930 27968540 27600302 27496728 24744868 28086141 29428002 29651364 25230609 25140027 25808484 28142191 25141501 23677318 28479312 24379927 21011034 24751855 22620033 29078508 25516335 27915161 27611483 26154718 26996794 28307121 27292992 28222413 28255169 25113803 29512035 25976739 27251569 25000085 29707195 26859806 30716670 26875682 26498875 29393243 26826649 27110361 27217082 29580427 27580192 26088307 27570806 25554242 26441216 29017887 27341839 
25034640 28815140 26901511 25339290 27892725 25451288 25257937 25027666 27967053 22097867 23749636 25573728 25980651 26214731 26870410 26073905 27532092 27505948 28748179 23859142 23478702 27984766 28433044 26185956 26254094 25936099 25398014 25641954 25961464 25931410 27701737 24396470 27006613 28685744 30687539 26291915 28756040 27800859 24864999 26557744 26164936 27949461 27112553 27895016 27530019 24598209 26293494 28132849 28123442 27030395 26071958 29246769 25543977 24892189 26735922 30921779 27892481 23875235 23919996 25438836 29691277 26459816 25460346 29511595 23404396 23042438 23949026 21744426 28164541 26649121 27116686 27697035 25457777 27896952 27862983 25596639 27062083 28219294 26414512 27388144 27483916 25593858 25571389 28546688 25543386 29269269 28448380 27159587 26601142 24582056 28399391 26951897 29545772 27150490 27239524 27678452 26159864 25086861 29021717 25582303 
26104018 27290169 24485007 24968428 26585105 25547515 25902002 25958168 26634880 22423740 23627569 24525843 28218359 24377864 25364758 26395933 28291381 26422943 27678192 21919198 24857243 26175283 27683296 25634887 25250037 23535862 24202908 22909626 26923856 27327791 25615604 24920430 26975769 28384934 27964487 25001101 26027297 28411275 24330814 23491228 25416189 26469589 28083865 26281773 25405803 24588550 25996828 25238608 27236153 23989649 25754340 26528921 27319602 24298289 25616606 28128232 26040070 24580947 22621939 25901644 26549556 25218645 22914660 25818242 23539423 19834652 23224275 20708049 27076338 25994362 27026087 27611989 25885698 25686549 25417651 24223751 26840253 27360571 24521564 28761495 26045883 24882387 25859025 28167605 22866198 29063330 27084193 25210969 26856243 24535077 27443312 25622670 26664360 26797873 25513718 24827911 25936857 25800199 27184920 26862610 
25031514 25265148 24524937 25394256 25764139 24070543 22511238 25206736 23915298 22856640 21405553 24666402 25835237 24626363 25147845 24049679 26211975 25209287 27237974 21649113 23201569 25365222 25760580 24841586 25114851 22957311 23840205 23080060 26212244 24895006 26036793 23770886 26303910 26917045 26409576 24797004 27279363 26466671 22749465 22738000 26030401 26185911 27241643 26005917 24670283 21992364 24830998 24485629 25869055 24815260 24250977 25134329 25215337 23665814 24502959 28070803 24425664 23479583 24236132 23724896 25596975 24334502 22076551 26783894 22434847 23267379 23602193 20217107 25696253 25159179 24094960 25237438 22469843 25113855 26210163 23319318 26054498 24975361 23890723 27339760 24933496 24040175 23477381 26434534 23694952 25995017 24223203 25627334 27487755 26653813 24092233 24591195 26793517 25461574 24303025 25901797 25399495 24663988 27186519 23589546 
26553956 28077422 29012485 26000280 28221638 27519105 26776989 26015342 29087943 25606854 24056897 26757970 27869290 27443024 28120739 26018351 29364020 27478192 28517233 22445099 25195632 27704704 28444632 27359619 26535393 27590230 25386174 24916273 27974436 27318415 29186992 24839727 29185023 28629315 30183529 24470144 27358600 30490642 26562427 27575907 26728430 27750284 27387402 27664045 27676297 24852907 26829272 26385457 28300951 26811579 27798917 27762023 26929650 26083320 28612344 28723785 26894639 26201388 25697336 27036259 28848762 26238781 25652976 29377258 22859585 21424472 23770031 22491370 29250230 27219918 27145018 27940902 26571122 26630961 27635141 25264783 27175320 28325114 27202056 29881112 28816425 26926238 26931052 29217685 26027322 29831553 26819287 27914602 29049747 27138360 27732741 26563869 29401694 28625424 28185326 27458019 27690843 27295305 29409385 25171788 
25236799 26708396 26352493 24878164 25205222 25003086 24394410 24825115 24870476 23490409 23664694 23920508 27117204 25190914 26884135 25306431 28605615 25732034 28209356 23329059 22773028 25481572 27497809 26098757 25711952 25336130 26853607 24865704 26447031 24814268 26996894 25153333 27074583 27449743 30160425 22338855 25911558 27939906 25569506 24275475 24670215 26412648 28286656 26544609 25086254 23165783 25789311 25796964 25821224 24505826 24188336 26048046 24995524 26420952 24705876 28412166 24418186 24556335 24100203 25268326 26011962 24121764 24644710 27612692 23611718 22981883 22608876 22319785 28679299 25493118 26123628 25438024 25175685 25900443 25419542 23718387 24280264 27354654 26048314 27445892 24914001 24661165 25798339 27856853 24341523 26023776 27881543 25746784 27519516 27192448 27638661 25469414 26806744 27996967 25659802 23283196 25361225 24782782 29916124 23950676 
24830934 26566406 26849446 25033283 26423245 25012538 24463218 25027498 26877083 22533038 22656248 23460628 27099021 26645725 25785531 26177072 27078011 26269926 28743860 23466888 24177239 26406844 27714696 26951636 24931857 25954415 24325056 25244564 27353604 26128457 28147323 25630269 26564956 28700265 27754302 24662723 29288438 27509512 24819272 23157502 24655609 28010637 28487986 26276223 24330211 23937203 26772338 26433814 26817557 24476494 26364708 26375179 25279051 24915840 26132116 28694965 26922836 23432657 24396647 25637224 28498756 26786566 23758965 26415428 22453250 22062228 23203589 20384533 28724193 26271008 26628508 27976721 25690946 27663222 27300485 25586157 27146889 27477087 24733570 29964321 27526851 25747393 25239548 27705428 23076480 28410237 26773361 25985560 27472891 26217689 27874607 24493427 28182127 26789581 25369779 25517712 25311790 26274552 28119389 24666772 
23977848 25331690 26782191 24675597 25041198 22986121 24121401 23078255 24836731 22533482 19694813 24031215 24656719 23713673 25521877 23703184 25486276 24073784 27140541 22434570 22927604 25367462 26011850 24938851 24500853 24157840 23514906 23663865 25282778 25995922 26380844 21470210 24531977 26140167 25661377 22979327 27513432 25793806 23703068 25601959 23178094 24517421 26045664 25501888 24134383 22632648 25344662 25085592 25800211 24480850 23735632 24612958 24311870 21826197 24817320 25842121 26714198 22029807 23413967 22226691 27101633 24262930 24238499 26251612 22221332 19670251 21817046 19907000 26963042 25968666 23250879 26748550 24545357 24644796 25510036 23913550 23273078 23846083 24482146 26494558 24908120 25384953 23388048 27482669 21971305 27124931 25112534 24812665 25555007 24733855 24775865 24610729 27103305 25336112 26254538 24201279 24486992 23687631 27440086 22834422 
21931385 23955695 23384654 22514860 24923446 21932582 22386118 22766441 22955517 20081648 21146541 20318349 23472926 22891952 22998489 23166201 25482486 23661356 24183728 20404597 20825729 23202551 24162953 23761313 22003964 22102930 22053239 22497182 23001528 21804793 24870650 23017164 23952272 26280912 24626232 21382474 23649296 23735868 21875766 21903754 23123277 24128479 24303538 23334784 23549824 19802166 22377365 22497939 22447323 23007131 21182501 23728678 22469786 23498045 22899997 24969877 24421700 21889275 21503701 21385173 26242060 22023771 21029503 23054558 21552242 18947678 20408447 17488652 24475268 22526885 23649434 23699866 25228946 23723903 22599345 22907758 22119232 24113146 22720573 24831749 23342371 23032712 23579163 24689815 21681395 25253212 23867809 22113986 23744985 23267434 25033088 21829252 24128402 24775943 23148950 23868129 21386456 22455695 25893180 21734060 
24385475 25903069 26829660 25252784 25008038 24702370 24678510 26043473 26557935 23320921 21909276 23330558 27062172 24539479 26426004 24774489 26916638 25239013 28293938 22795480 23445660 25931567 27079478 25771033 27006924 24944171 23886466 24638261 27887934 27509597 26577802 23672222 27019499 28140426 28020092 23146450 29157970 28021958 24340689 24981493 24460676 26623985 25857543 25126882 26288695 23953207 27207379 26573963 25896753 25205397 26080740 25749162 25984828 22474250 27610491 27197205 28450273 24739543 22971919 23763229 28466259 25369383 23821002 27106308 22238572 21124398 21000835 21192583 28554437 26993550 25377652 27756659 24221403 26586322 26258497 24021780 25901056 24988083 25294361 29657488 27706600 27879932 24598824 28705861 24721255 29416544 26844340 25243948 26411061 23739232 26394769 26102613 28760228 25957482 25989133 25750594 24907547 24976252 28005390 23712655 
24656566 27356401 27459129 24338611 26281725 24830670 24848121 22389813 25100849 21575977 21789756 23310675 23868511 25820195 24299430 26996117 27178105 24101751 26657325 21948415 22923737 24411941 26581759 24478139 24612469 24123723 23105000 23722618 25825586 23710642 26923872 24405790 25164047 27283178 27500086 23625519 27308190 25839842 24635910 24055394 24590590 25485767 25335388 25980098 22995207 22921234 24278548 25370223 24888535 26484627 24683334 24737398 24310977 24233252 24375489 27034722 25907094 21691733 24179796 23445749 26810646 24397527 22745701 25834912 22489306 21640787 21868464 18372615 25452691 24419744 24886184 27117536 26078507 25926802 26801188 23587896 25207097 24675023 24645939 27868016 24545195 25487580 23625555 27227877 21239575 28134295 25175886 25239685 25051897 24677234 26061974 24977352 28071541 26050867 25853882 25424880 25918242 25593432 27844630 23250502 
23575363 24860992 24609873 23851174 26061883 22985686 24272716 21380579 23963174 21919393 23300923 22126057 25580640 23170287 25425709 23204529 24187762 23069037 25045403 21511913 22118186 25024667 25274845 25720503 24490423 22326885 22382762 23784302 25265851 25023807 25032816 21933515 24834025 26797344 26566263 23466176 25755958 26010067 24317485 22163486 23488735 24766470 23836148 23624483 23341089 21888232 24214504 24591188 24485284 23447920 23207653 23849503 24076851 22434002 23314165 27635474 25654708 22341006 21717581 25420119 26035357 23375513 22243611 24463500 21024598 20415756 22351402 20254604 26663965 25576502 23670344 26127556 22609204 23082212 25840916 23467958 23533120 24715192 24686931 25816645 25188614 24479153 22047423 28567886 21150782 25567348 24849151 24642816 26216789 23601858 26129254 22641545 26546664 24757120 24028713 23920073 24717518 22543083 25870588 24429051 
22930079 24591142 23681572 21915860 24410046 23264343 21453887 21706154 23728868 19649991 19716632 22116482 24119788 23540135 22569632 22320823 24696203 23281944 25422289 21562803 21723292 22953864 25917415 21782172 22307417 22311151 21757018 20551300 23686628 23016706 24416558 22910101 23552462 26216148 25696379 21904470 24630959 24285898 24343733 21740119 22393819 22637268 25096891 23395945 22733811 21462275 22484525 22174312 25827480 24372699 22247932 22914055 22462658 22270355 23854882 24962232 23401055 22507119 22880666 21175229 24781839 23770423 20364413 25445456 21413248 17821425 21963170 17900992 25871638 24176828 23617652 24314539 24795652 23262277 22960138 21269162 21451454 24473656 23434483 25682343 22555326 24627235 22826306 25500503 20916725 26634682 24749227 23496530 24523921 22595507 23168057 24373189 24269372 24992420 23875213 22749159 22987673 21558627 24911779 21820202 
25696224 28090469 26618620 25895834 26706882 26489168 24045559 26337670 26331419 23824185 23452675 24325564 28883262 25233245 26626594 25190573 26792373 27677193 28075444 23230340 25186487 26646909 27684947 25907516 25677875 27013049 24235803 26668215 28350984 26714782 27859146 24889682 27005850 28499978 28845387 23264031 27333784 29280116 27660052 26055445 24476766 26939413 28011325 28433315 26139958 23354800 27618061 25255904 27511364 26212508 26372599 28593255 27319070 23815269 25948636 28805183 27350172 23733691 24930053 26623366 27921374 26047404 24467273 29186566 23983332 20929732 23941404 21993244 28677696 26471552 28153649 27104746 25466725 26044026 27723659 26030953 25160100 27624872 26766976 28294110 27605441 26283532 24514855 28917759 25480555 28382493 27930759 27386101 28022362 25057786 28897746 26002145 27950770 27098671 25575534 25079111 24851904 26525156 29531821 24981197 
