1000 252 206 757 105 47 677 789 269 217 921 176 371 736 711 891 789 582 237 789 410 604 28 315 13 260 630 438 943 656 150 890 139 226 907 137 373 290 261 243 734 190 114 419 508 343 256 197 285 741 692 362 2 167 776 961 418 554 303 915 73 621 567 858 954 266 668 114 145 341 49 246 337 585 573 379 37 670 290 219 56 823 594 493 1 988 982 264 768 358 263 521 836 777 80 202 953 76 445 691 
136 285 316 828 472 958 241 493 559 114 820 571 214 98 149 758 31 888 980 306 500 277 706 899 36 933 213 545 420 320 265 566 265 48 492 491 520 727 376 329 263 572 494 745 999 616 119 952 554 466 267 625 596 352 352 781 947 182 599 270 229 355 727 175 239 178 930 712 226 97 693 652 498 877 960 96 233 169 228 232 828 559 894 751 166 731 232 453 370 871 552 63 841 584 655 97 516 344 544 526 
561 12 288 499 191 547 522 596 938 385 422 785 258 974 735 527 622 223 371 727 162 739 338 942 264 148 409 66 935 330 744 844 645 765 484 405 213 496 168 589 160 400 134 542 432 119 265 632 18 506 462 880 962 951 618 712 91 566 690 991 492 476 247 684 572 967 844 477 198 701 50 756 213 709 762 8 353 385 822 505 154 295 555 472 7 915 685 631 571 514 46 161 696 131 392 277 723 996 272 243 
61 512 0 753 986 940 735 395 477 279 621 604 939 3 506 774 201 146 351 59 734 149 862 870 558 474 505 573 227 91 323 725 540 104 721 552 703 369 86 101 336 712 121 110 591 730 417 60 254 815 638 653 752 511 964 10 598 811 482 972 183 370 434 484 763 670 382 523 107 982 858 499 414 172 732 742 277 203 300 449 883 271 466 444 661 945 216 193 62 664 122 413 353 175 485 493 346 354 560 682 
913 625 881 782 620 40 465 948 698 253 647 672 90 831 728 394 683 572 259 364 208 972 493 535 69 454 903 648 822 487 977 709 556 921 726 894 692 840 715 966 622 256 474 716 358 320 576 192 104 972 803 352 197 38 130 419 750 667 399 264 55 263 497 159 857 754 825 962 778 178 448 526 280 11 110 719 460 764 740 208 592 905 71 794 77 799 782 794 987 505 519 741 624 833 8 799 280 333 206 302 
377 471 443 296 430 977 431 469 879 57 762 65 971 720 438 173 971 220 895 302 263 931 199 574 517 102 113 293 321 173 162 455 703 654 829 333 914 419 775 131 290 14 823 877 1000 491 489 645 315 991 377 620 688 994 53 445 492 634 899 205 294 661 954 55 684 414 535 593 785 140 831 996 581 227 19 12 326 947 351 766 744 897 117 710 963 588 480 273 155 644 905 467 139 373 668 200 222 28 984 14 
169 910 394 574 884 963 880 632 866 212 902 722 938 62 376 182 686 525 369 778 218 917 459 732 412 266 113 425 360 473 75 581 582 279 46 83 789 3 542 997 254 484 469 687 203 531 717 922 121 884 746 751 43 227 577 156 968 481 448 999 569 294 942 981 583 690 287 935 529 359 280 671 498 583 418 823 340 455 78 292 146 420 663 815 633 651 24 17 669 271 688 984 653 417 202 508 518 570 476 877 
796 826 698 369 250 985 749 1000 639 621 365 731 526 241 764 116 50 666 635 933 272 585 400 43 40 968 771 886 94 333 287 158 709 684 778 490 110 460 552 287 801 733 443 252 879 221 132 999 497 452 80 637 496 703 198 697 713 236 265 617 108 252 904 988 93 938 961 30 462 826 47 908 522 426 600 430 437 952 675 327 622 555 881 167 119 434 323 966 37 112 477 75 136 935 196 382 750 971 634 555 
694 599 588 149 667 67 742 100 359 178 397 8 466 280 44 590 118 422 28 359 52 362 402 853 547 765 346 262 110 952 517 533 606 968 883 574 773 37 744 245 834 574 892 924 270 958 405 144 1 888 40 700 966 117 417 380 261 540 591 785 102 264 769 297 830 756 265 991 102 998 133 423 646 276 913 295 940 800 63 637 185 842 230 630 430 466 439 256 824 116 757 252 728 388 202 160 850 586 962 826 
2 263 84 588 197 331 769 529 470 817 389 618 261 352 395 209 44 442 145 886 105 191 586 648 732 353 727 293 618 775 438 195 649 646 614 951 777 741 518 722 524 588 665 289 166 800 860 811 195 570 271 769 417 268 95 420 779 976 485 470 630 81 331 559 997 475 934 77 779 515 766 199 599 316 970 730 428 264 972 615 977 248 859 585 333 266 488 474 398 644 596 351 680 649 611 558 155 679 351 452 
349 292 574 605 321 200 408 652 114 309 235 158 951 684 91 843 712 331 934 729 101 290 186 615 931 582 789 496 890 53 49 560 940 490 740 504 305 455 566 515 183 393 432 109 746 41 634 543 866 729 337 222 599 762 368 781 314 320 820 151 402 626 937 291 293 553 377 980 784 376 839 321 110 584 199 489 902 583 506 912 972 843 681 208 750 123 384 469 776 828 897 485 189 834 899 346 604 309 536 511 
482 530 432 165 695 690 409 15 458 269 670 567 614 518 261 384 691 261 789 985 142 536 346 186 560 984 244 257 371 513 886 795 918 92 191 291 931 116 991 140 949 713 723 795 76 663 308 746 730 212 981 263 158 136 627 172 630 817 925 248 787 481 763 972 803 460 117 426 534 995 985 898 857 252 62 618 0 122 720 610 795 362 101 830 298 778 180 1000 13 774 180 806 59 369 478 955 947 898 297 783 
473 130 497 310 67 292 320 205 554 377 984 644 639 358 816 90 367 671 22 825 587 657 264 313 488 359 910 678 792 741 650 900 9 333 363 739 707 25 45 170 299 992 395 624 601 147 169 129 924 751 93 187 190 309 266 747 874 276 553 812 998 217 643 717 581 248 154 230 141 860 926 189 802 682 666 556 829 342 83 275 249 935 909 156 425 380 663 62 122 957 751 96 35 3 274 819 111 925 840 332 
598 802 929 6 576 3 908 502 396 873 506 813 260 233 400 865 982 492 433 436 436 97 165 828 331 917 492 343 513 498 516 6 902 905 821 425 192 397 420 349 733 13 146 251 821 441 230 320 805 411 578 933 830 10 871 849 264 877 464 342 691 752 148 456 934 131 705 853 476 132 44 380 248 527 759 367 734 674 356 296 922 893 997 5 35 907 543 914 591 806 106 798 296 602 78 64 497 151 282 714 
330 296 715 9 92 959 605 909 470 603 164 984 111 665 943 713 27 688 211 417 823 27 950 368 646 270 276 9 111 801 451 32 26 58 760 148 92 160 314 435 96 358 490 788 667 789 847 558 48 243 1 924 60 490 248 165 690 818 531 798 850 540 499 941 179 413 887 488 23 85 506 995 3 705 645 61 826 954 307 503 260 820 913 558 38 710 440 360 930 655 959 451 450 50 211 981 161 584 658 862 
408 396 708 986 131 592 645 24 452 933 772 426 988 357 456 887 972 593 549 344 931 627 817 30 855 295 455 72 223 33 675 589 759 217 748 385 779 603 107 848 654 919 879 944 934 711 439 272 420 889 474 847 44 294 570 659 78 948 387 560 760 507 419 53 33 405 140 769 234 312 483 66 264 467 153 247 489 198 674 475 435 763 500 482 94 837 750 613 327 328 722 814 470 960 450 310 835 295 152 407 
202 712 557 689 538 875 377 850 161 672 751 151 335 619 356 386 598 409 599 759 656 841 889 448 416 256 630 535 667 225 780 150 755 84 5 495 249 712 428 2 224 294 476 807 800 201 52 643 95 569 94 351 208 268 596 987 320 612 318 321 258 483 568 541 938 940 29 166 146 881 185 561 743 840 861 495 563 840 711 392 441 324 517 964 677 636 97 520 282 299 949 128 918 584 197 686 870 802 10 954 
292 277 953 221 266 1000 995 476 828 962 687 646 732 339 390 880 768 72 803 393 27 571 661 813 589 912 949 427 210 907 754 572 264 121 596 722 625 1 386 320 831 992 300 784 262 457 577 440 373 64 811 688 299 557 426 131 861 77 94 910 13 214 344 104 637 173 26 506 402 652 824 769 342 536 281 127 643 297 614 970 392 577 724 858 422 702 334 822 816 890 317 946 729 178 228 221 227 193 167 670 
940 702 768 167 839 675 55 299 686 860 316 281 499 827 593 827 975 716 100 833 203 255 790 991 398 247 495 375 6 464 476 190 878 871 482 485 570 75 336 446 187 137 580 544 659 103 47 48 660 914 394 387 979 777 631 520 713 26 963 140 421 638 133 453 144 231 771 259 353 714 417 176 692 854 689 833 745 565 1000 754 605 846 801 940 756 942 194 861 242 54 428 715 448 652 203 132 598 987 168 908 
287 662 719 224 898 836 151 572 444 449 103 312 941 17 364 719 639 208 20 905 442 278 459 77 759 479 753 980 300 659 613 437 375 88 163 613 490 612 368 728 970 192 338 727 458 526 258 730 910 587 905 851 560 528 102 386 76 933 174 526 138 810 745 754 636 97 37 516 609 392 212 845 604 995 359 282 873 411 432 499 695 87 974 519 746 715 908 119 877 610 300 177 172 771 947 173 153 990 230 423 
497 823 228 78 589 612 108 951 199 317 123 592 384 383 532 349 994 32 380 588 959 979 580 710 386 684 540 925 551 942 717 850 784 686 262 341 852 614 613 713 543 854 708 335 988 727 580 403 119 505 351 466 918 441 265 124 159 630 41 585 487 693 764 92 85 274 573 58 944 661 476 355 725 264 945 455 704 628 345 240 556 158 953 491 109 832 677 199 697 213 811 703 800 43 48 459 512 47 302 856 
552 931 200 816 654 539 405 662 634 317 511 381 986 643 637 959 639 801 18 815 618 200 366 514 648 493 379 681 859 660 584 226 615 432 68 390 130 888 22 909 560 206 20 296 410 872 715 327 988 797 872 886 311 750 633 605 502 539 695 966 346 534 1000 497 623 119 403 337 797 611 370 774 693 651 283 843 780 311 675 473 179 449 493 940 803 251 634 850 263 50 186 913 957 326 449 21 755 656 697 387 
542 658 89 901 188 941 341 440 820 717 122 415 289 543 987 97 113 707 193 877 699 889 664 816 252 0 98 171 996 704 153 84 813 447 536 204 993 348 232 417 375 784 768 91 24 317 53 114 271 403 894 371 502 276 90 357 911 14 794 51 199 362 384 331 615 446 254 710 339 131 394 636 739 772 15 978 404 479 683 610 979 995 648 986 456 329 796 757 95 67 419 195 317 969 733 636 521 857 617 42 
469 909 612 46 23 285 289 539 425 357 38 756 451 554 615 27 158 784 877 784 389 156 281 832 650 26 438 896 462 905 166 44 456 470 662 172 405 499 72 583 836 621 984 87 396 843 942 558 316 714 20 48 409 619 46 192 20 490 301 923 457 4 156 825 557 876 417 56 29 264 906 227 27 90 268 560 411 835 804 645 333 455 783 441 540 842 474 205 857 607 863 342 338 12 46 804 222 181 472 182 
677 703 835 118 417 44 166 779 771 507 661 33 92 848 161 309 266 83 320 192 452 296 281 19 963 691 317 980 338 749 902 966 315 517 812 557 341 860 321 430 420 773 804 964 635 734 704 80 79 274 156 709 515 793 725 88 142 424 144 703 159 393 811 954 324 333 173 239 803 327 784 606 569 146 514 332 898 84 34 390 356 674 302 136 903 397 350 231 602 897 327 133 575 585 943 494 206 53 758 227 
980 48 251 936 423 334 808 978 591 93 788 730 43 714 708 24 124 846 219 910 419 447 361 702 913 304 705 658 496 241 118 648 467 805 146 603 431 443 219 703 953 673 180 109 208 683 246 338 220 935 235 114 256 91 37 267 639 723 521 409 12 353 169 564 610 36 170 982 924 784 782 745 853 602 124 532 478 587 624 214 351 438 231 281 989 384 912 176 796 826 774 432 527 440 226 39 733 812 526 523 
473 849 293 990 351 749 642 147 361 216 202 604 72 776 280 642 155 958 204 726 96 636 795 687 201 638 564 129 402 228 564 14 184 409 414 782 675 5 377 828 216 236 65 474 958 449 563 982 649 390 821 649 914 911 360 215 209 494 545 114 925 157 974 252 987 689 833 186 500 987 764 992 130 857 986 587 275 581 681 972 431 134 803 835 751 811 349 647 787 436 596 925 752 976 132 881 443 580 672 824 
456 353 5 791 884 582 264 942 628 860 257 754 74 207 88 718 478 441 703 748 704 991 898 769 669 989 477 999 105 948 675 412 103 906 715 999 138 115 42 221 763 249 522 699 292 224 853 443 290 856 869 845 376 271 169 80 987 43 964 612 263 420 984 892 999 348 163 945 508 288 791 292 797 555 103 150 432 80 588 316 731 512 906 636 273 202 262 667 752 484 916 870 631 833 671 502 391 758 985 169 
747 554 740 963 858 315 70 52 441 536 166 508 899 355 272 815 204 111 533 865 105 400 937 524 463 804 438 596 41 678 167 460 751 876 747 244 732 713 544 936 51 608 772 562 981 128 584 631 202 759 623 714 190 740 982 417 99 954 142 972 854 522 916 166 584 135 835 310 430 893 11 694 128 584 573 617 731 686 766 626 53 478 245 294 522 668 836 84 10 211 99 104 810 497 463 21 202 37 43 708 
257 76 673 9 885 140 5 913 917 64 755 531 862 916 738 812 389 590 809 433 619 430 344 901 662 897 762 466 512 381 927 185 518 775 817 900 25 103 936 686 188 950 192 602 637 214 402 539 588 630 99 75 467 958 605 395 702 760 755 877 924 98 338 302 723 57 424 179 959 865 738 919 418 908 539 534 512 425 787 927 666 215 731 80 73 802 329 546 898 746 484 846 15 89 639 669 976 742 719 456 
576 352 149 372 803 822 635 739 921 80 939 175 708 174 413 585 525 310 31 741 59 901 954 583 784 621 933 306 943 256 676 966 351 712 34 444 575 187 186 475 800 432 827 288 405 615 423 276 64 308 64 149 295 147 930 990 998 574 499 967 184 151 455 905 760 734 12 776 2 79 635 49 655 13 216 171 518 646 450 793 287 699 185 573 410 915 78 428 659 557 202 533 196 901 408 793 20 278 105 754 
475 463 122 425 816 165 607 391 910 862 536 542 572 683 780 541 762 959 711 86 459 417 421 458 804 222 521 59 420 544 96 983 91 701 488 419 610 794 209 647 808 492 285 87 309 638 544 46 309 4 107 485 857 671 884 247 161 503 754 125 130 205 372 64 218 672 6 892 783 42 630 260 56 386 964 698 93 691 38 44 497 80 31 0 282 316 958 588 272 639 95 588 357 338 217 319 252 518 865 671 
244 846 353 718 655 58 129 527 494 2 471 675 772 15 81 265 867 206 310 386 395 812 822 793 984 433 604 780 520 580 273 943 47 512 370 837 757 259 808 587 659 275 139 731 427 338 713 303 80 302 990 822 633 539 440 132 420 424 364 177 476 209 52 837 442 1 698 455 1000 833 219 491 652 855 291 584 427 460 846 879 509 473 546 509 438 72 577 650 637 338 201 872 94 955 112 216 976 958 168 143 
477 149 415 618 443 967 312 587 250 98 737 195 313 632 205 9 207 215 964 654 163 784 725 270 384 993 219 782 776 532 978 798 511 453 636 265 604 453 203 507 547 37 139 166 785 793 529 843 685 359 651 689 666 788 650 937 654 236 967 146 678 330 57 418 477 455 856 5 274 865 436 473 917 281 267 593 116 460 974 688 811 118 549 159 828 104 653 82 697 462 117 637 116 663 207 345 800 282 580 5 
485 731 801 229 955 755 582 63 840 422 41 671 594 880 904 664 462 118 465 467 424 368 232 41 585 784 760 602 969 121 688 568 439 348 732 86 603 991 539 400 259 813 501 805 223 652 428 176 710 83 824 797 249 489 214 198 440 387 261 566 794 476 453 468 111 677 157 324 167 259 341 686 331 418 835 996 321 50 658 682 761 149 409 281 132 921 118 791 451 590 757 721 546 153 484 167 761 356 536 769 
612 703 187 185 847 416 535 94 566 477 593 800 739 744 584 665 182 634 742 704 563 195 875 251 164 702 161 774 273 149 921 874 74 221 339 239 639 710 675 18 746 239 74 872 0 504 694 546 153 629 572 349 872 144 696 87 239 364 765 433 431 928 212 445 674 625 551 551 105 849 324 77 219 302 555 10 590 723 987 703 980 684 637 231 925 828 778 79 594 125 710 117 959 514 819 689 914 413 158 983 
710 884 885 706 861 33 439 210 174 707 106 543 186 338 10 227 935 879 950 447 944 799 967 815 325 274 240 960 221 31 168 775 676 183 909 82 540 593 563 298 330 902 20 46 500 471 315 737 761 146 99 66 101 81 634 535 14 714 651 279 59 147 799 980 183 936 416 947 880 629 54 892 619 827 862 551 951 677 965 379 569 22 603 254 845 686 150 493 134 308 190 64 147 558 451 565 144 705 905 382 
373 537 732 990 80 27 684 573 390 930 736 224 984 520 614 32 38 35 698 750 763 698 253 626 108 808 390 422 22 380 352 507 960 488 300 398 645 806 813 46 141 595 204 463 943 154 885 783 623 455 112 423 436 703 404 464 94 421 77 962 511 500 132 114 310 799 716 658 742 437 127 321 245 889 912 285 547 115 800 2 599 824 989 250 671 97 736 855 928 972 549 474 453 225 810 13 968 584 192 911 
859 690 267 750 266 12 431 651 501 768 114 172 764 299 933 743 801 240 327 34 976 679 315 651 366 917 791 741 30 487 31 976 874 27 952 353 442 133 206 930 823 602 341 895 157 617 370 789 681 592 275 854 104 91 760 852 934 120 972 40 76 703 821 398 645 998 802 988 231 461 181 730 980 208 508 269 672 835 49 607 51 14 412 599 700 924 874 92 918 810 397 40 1000 402 325 559 594 132 679 839 
331 395 706 900 381 609 966 731 959 925 262 628 18 789 841 629 594 517 498 132 976 883 644 247 483 751 258 493 579 890 517 858 25 311 727 756 845 947 564 205 409 986 143 826 154 717 992 260 311 671 361 343 788 350 482 952 976 400 657 360 580 433 347 399 379 802 131 622 969 416 291 630 214 151 190 965 809 542 414 139 422 246 936 413 302 431 517 480 972 420 981 738 574 728 578 145 571 5 446 198 
538 29 688 662 985 59 415 601 408 710 59 218 803 297 160 177 853 441 680 142 571 55 323 841 376 114 742 764 714 94 916 586 869 239 755 571 637 780 683 552 140 649 683 104 49 621 355 655 531 712 866 558 969 881 522 115 368 431 712 954 955 798 205 983 528 988 151 98 680 454 49 863 110 891 566 429 804 90 705 649 418 766 688 108 298 397 652 687 690 996 416 493 1 2 14 592 518 23 654 9 
804 335 419 661 834 326 211 136 677 264 207 983 950 213 862 590 500 247 184 206 935 232 354 590 898 813 979 904 707 785 868 581 993 96 21 124 295 827 796 548 328 438 893 688 724 264 965 928 157 34 285 858 110 267 798 154 742 142 840 11 778 749 925 200 674 213 46 239 852 704 917 773 884 234 795 648 295 200 305 346 451 631 88 73 845 423 917 1 173 446 363 831 609 538 114 664 129 415 824 984 
581 715 553 414 324 839 929 543 445 275 804 7 686 530 547 682 461 711 879 844 852 67 692 559 227 410 634 101 505 462 923 616 570 324 250 320 781 880 963 146 879 519 729 79 627 207 659 577 835 872 48 525 559 893 769 388 201 717 422 907 727 767 736 775 605 90 757 740 382 804 192 426 870 813 968 504 328 567 890 908 397 342 147 723 450 430 404 475 620 808 189 551 877 352 787 201 759 38 583 148 
505 563 87 52 952 763 328 689 220 249 865 926 144 251 732 434 926 516 486 569 586 911 869 171 893 152 814 121 639 859 594 917 964 797 457 788 254 950 121 386 141 589 509 326 27 949 824 756 210 780 165 633 877 859 26 198 469 439 648 934 219 372 181 642 245 267 304 401 415 182 533 786 411 224 937 785 92 0 903 183 85 690 921 739 424 852 43 79 570 945 347 473 981 636 260 888 175 306 337 436 
252 799 877 443 431 106 805 366 597 89 850 484 363 261 439 82 784 330 362 154 437 999 312 822 102 221 804 180 868 402 146 588 756 300 636 36 491 78 472 862 826 659 748 416 78 935 890 805 12 859 898 954 533 727 888 22 917 177 151 73 938 385 269 139 539 459 628 417 530 384 131 233 912 525 122 147 714 952 774 246 577 761 209 828 472 311 595 863 233 845 279 757 498 984 579 555 16 383 871 515 
706 894 92 485 19 987 119 880 247 715 803 514 145 828 860 679 338 201 704 133 31 842 593 616 307 416 886 551 337 229 789 196 213 207 26 199 208 960 686 572 989 451 665 967 979 364 571 153 603 631 36 379 595 124 605 741 761 793 463 525 541 769 678 301 845 23 948 551 74 932 301 920 475 320 915 923 698 983 147 297 376 446 772 859 855 366 741 699 735 497 590 238 233 63 824 568 539 671 694 969 
637 942 886 14 4 754 969 192 354 540 491 509 516 474 659 706 132 741 649 937 266 764 60 97 190 421 466 848 304 1000 550 668 800 162 541 553 504 567 215 940 803 839 997 906 429 758 479 995 363 968 701 555 456 996 627 518 442 950 80 92 572 694 411 883 616 112 568 233 308 728 594 127 323 30 19 933 328 90 683 575 594 791 603 172 606 798 915 28 242 156 814 360 748 45 580 588 633 141 499 267 
961 115 657 945 38 701 96 339 712 32 814 638 442 318 205 997 436 114 825 770 657 558 274 60 227 282 835 896 298 557 406 878 304 869 811 782 830 907 678 862 630 45 63 319 610 807 93 280 518 493 399 998 515 948 916 0 822 543 164 523 412 172 976 925 337 701 521 182 879 361 857 250 827 173 238 859 539 38 455 243 701 476 304 49 468 841 561 266 267 140 504 631 187 680 679 862 675 707 614 502 
209 737 146 27 686 980 53 175 479 918 953 397 110 733 791 228 69 258 426 369 544 877 795 449 170 128 772 316 370 746 380 68 295 843 452 188 987 766 601 777 386 663 848 643 430 31 73 898 707 77 640 686 550 439 476 218 337 347 963 814 914 937 530 106 976 721 392 817 414 637 427 147 167 564 764 909 910 474 303 926 333 749 369 636 984 984 745 639 922 776 477 670 787 175 404 15 38 164 919 543 
875 441 199 959 645 304 918 769 398 545 22 177 22 386 855 846 953 271 739 833 448 407 367 504 51 92 859 928 710 379 872 181 944 475 688 441 173 848 987 843 684 637 768 887 927 757 968 387 386 526 396 662 171 757 938 102 959 197 211 770 582 408 806 21 701 416 945 55 584 400 746 583 420 555 889 634 608 458 119 585 797 266 982 340 324 504 103 381 972 396 272 736 555 707 396 742 706 641 989 108 
708 555 153 430 303 503 790 406 85 592 524 908 121 410 467 491 372 157 326 708 284 712 43 780 202 28 877 335 223 67 428 137 926 456 318 608 402 936 801 860 676 348 663 115 598 610 51 993 815 580 435 483 893 748 960 223 592 77 117 651 887 876 5 579 465 821 855 864 960 138 853 563 248 17 529 723 517 977 998 180 217 315 457 540 49 663 411 395 412 712 556 0 716 905 558 141 173 467 665 783 
63 273 536 726 43 960 43 905 395 164 646 641 761 923 599 532 88 277 596 385 702 434 712 836 795 489 887 637 590 132 149 680 992 866 290 44 155 254 94 567 472 495 773 308 746 775 549 139 942 164 459 269 476 499 398 24 522 525 673 222 465 150 401 128 643 787 376 920 20 408 385 11 107 549 602 950 155 927 40 590 210 386 930 946 398 8 675 929 129 3 690 598 602 492 550 839 993 328 757 801 
986 17 285 371 513 183 304 986 584 555 214 249 859 60 333 54 544 132 164 119 407 857 41 73 387 919 216 956 303 867 669 935 108 774 198 704 506 237 979 125 514 57 590 918 106 920 249 698 970 210 92 163 839 299 387 733 364 552 208 171 654 170 850 484 13 256 477 854 618 429 450 289 817 50 351 268 602 109 933 546 48 220 482 464 801 170 149 918 598 498 92 457 190 756 689 298 724 782 991 888 
521 908 989 247 299 220 248 588 676 601 673 716 780 754 163 133 704 391 238 425 758 431 755 468 259 438 181 676 69 526 698 663 730 467 792 811 626 359 820 427 119 281 755 99 750 356 165 615 373 377 650 535 841 369 322 431 730 550 604 449 625 94 463 707 727 692 322 712 477 654 691 239 351 265 282 588 856 72 998 728 246 622 848 578 610 720 954 599 595 37 804 982 624 211 131 303 963 263 708 814 
770 705 822 912 442 702 796 199 628 888 802 420 9 841 90 763 889 785 189 722 753 869 905 17 843 786 348 369 89 66 3 883 120 58 170 194 171 621 45 55 525 393 382 953 706 714 522 580 66 871 771 420 68 328 342 571 805 334 575 158 382 861 694 443 55 859 290 853 279 210 491 580 934 857 874 66 700 656 349 72 798 471 568 413 827 356 183 694 741 666 657 370 316 132 838 2 342 338 291 524 
384 360 507 244 47 585 805 842 537 944 273 204 115 615 954 319 724 444 406 574 236 286 438 504 856 825 165 626 525 590 248 321 60 417 723 700 537 679 758 995 922 257 457 854 606 681 313 247 371 866 902 969 491 237 101 205 677 659 341 872 929 809 340 939 147 843 661 483 697 876 963 785 80 689 552 139 56 578 400 924 861 753 525 419 57 599 950 386 239 651 526 220 702 227 149 315 961 509 676 606 
664 800 283 224 763 427 611 722 323 718 357 687 430 399 802 162 13 554 341 308 652 54 515 406 534 580 640 810 327 958 725 206 39 24 679 475 398 689 174 6 554 342 455 970 9 739 20 965 16 718 585 367 821 603 138 198 878 852 840 158 299 364 194 590 116 371 861 733 761 71 950 170 294 161 589 343 718 611 585 471 984 597 357 337 666 1000 923 800 967 187 20 195 133 941 889 994 349 792 25 769 
324 653 922 682 728 502 564 734 786 695 498 384 790 223 75 984 556 61 256 373 600 802 233 718 6 722 785 900 770 728 290 707 865 846 154 271 536 253 699 949 888 683 712 123 636 946 66 392 294 586 885 995 523 856 810 521 29 865 284 985 561 189 459 782 237 550 811 238 803 352 575 263 592 293 942 371 138 47 781 523 344 571 331 717 410 182 285 479 216 403 931 269 213 537 118 418 690 472 772 84 
259 1 592 887 469 755 542 350 474 719 999 556 147 953 40 543 835 263 381 803 388 685 373 13 296 284 72 769 949 511 225 575 673 715 978 658 248 161 127 966 783 299 746 127 959 173 282 505 87 5 336 118 988 138 82 150 352 129 251 74 850 840 958 388 322 614 209 621 134 475 10 779 402 49 561 381 464 683 30 202 999 902 212 200 446 488 949 80 961 887 293 179 58 400 367 738 161 871 536 782 
39 211 750 779 86 143 768 919 940 45 848 122 91 883 22 381 978 890 810 560 627 98 183 780 875 998 834 572 517 98 956 84 627 736 90 68 889 395 836 75 745 633 750 210 769 758 781 684 982 166 21 129 964 369 612 326 150 246 294 347 12 471 637 726 382 230 219 982 629 553 710 454 286 414 992 574 286 832 868 275 705 457 751 377 106 833 935 864 262 455 640 638 79 482 242 943 366 250 112 623 
129 665 58 511 562 497 71 429 838 203 569 421 257 368 570 183 880 502 377 971 956 458 891 970 219 870 462 281 607 519 797 152 31 678 187 559 32 506 479 8 851 839 16 250 541 689 67 833 483 274 676 660 566 676 91 399 862 364 630 459 192 913 68 370 162 602 907 131 231 255 882 511 825 279 91 654 656 791 464 95 610 379 371 331 76 321 467 474 287 877 135 724 41 173 817 654 889 15 952 59 
367 86 7 4 125 470 402 725 125 146 38 712 657 789 719 944 363 719 224 518 416 811 834 832 107 354 702 645 671 787 698 59 539 395 315 860 310 364 239 830 361 640 817 994 283 217 860 720 542 552 801 52 802 365 837 600 150 475 360 789 37 307 151 38 284 885 930 159 773 659 9 808 834 435 294 735 698 834 522 455 481 696 860 131 577 854 476 917 552 683 102 473 416 309 479 51 407 214 127 447 
934 648 684 263 977 135 362 421 530 53 858 389 304 941 700 369 846 587 594 550 489 143 694 689 870 608 479 22 701 375 963 270 387 941 913 238 863 179 231 646 488 820 292 810 337 460 77 887 534 341 259 431 331 181 735 807 536 66 821 338 687 853 691 482 845 214 578 421 390 137 910 996 624 358 475 701 633 624 922 440 967 695 581 857 243 897 85 644 117 433 337 689 861 558 228 333 561 764 108 237 
604 255 670 626 260 949 503 506 636 531 666 609 457 834 148 663 475 91 73 182 355 709 5 227 788 393 944 796 985 351 786 153 453 770 307 971 711 762 628 806 344 255 807 510 308 334 31 141 470 453 93 204 538 398 925 523 243 757 257 767 259 442 554 388 816 554 269 21 407 6 123 856 860 694 931 504 64 477 720 434 684 321 704 341 333 820 689 724 83 665 927 254 773 83 195 180 452 327 106 172 
729 902 61 112 800 835 458 95 230 258 952 665 913 729 977 478 966 742 985 282 929 6 954 528 749 973 179 201 978 956 938 805 584 430 212 331 966 507 222 508 682 853 804 582 932 215 359 665 66 459 62 207 251 977 726 94 679 329 798 962 399 272 857 991 563 627 247 329 951 313 437 230 896 108 187 562 604 451 151 129 770 755 994 247 638 111 840 739 567 729 56 183 506 113 881 634 913 692 707 352 
168 386 348 321 826 299 134 553 657 291 809 995 561 923 322 17 37 238 955 38 258 354 744 773 945 319 794 888 774 518 373 269 333 442 925 189 497 178 729 987 594 301 71 881 632 1000 557 971 925 278 695 812 142 746 746 721 326 739 989 157 565 842 771 901 374 492 604 588 902 847 123 137 100 309 569 503 456 765 113 674 477 972 82 648 914 998 565 188 439 630 553 685 570 407 530 961 823 222 215 530 
114 245 973 151 7 562 961 321 625 662 608 614 252 64 294 73 702 614 618 160 844 661 62 781 384 285 454 744 528 633 996 562 274 564 23 552 328 151 366 338 274 65 617 233 231 540 873 550 525 200 465 139 900 823 156 497 778 368 673 966 635 296 36 973 512 108 521 353 721 920 888 146 818 822 343 560 862 198 284 427 58 894 340 113 422 637 990 0 777 184 581 99 428 192 448 143 429 291 278 243 
82 506 852 975 76 254 755 652 260 67 323 790 662 106 660 334 696 715 687 311 313 803 705 58 838 808 39 599 365 793 921 886 205 982 273 884 729 900 152 376 768 985 712 557 707 103 933 393 392 849 935 683 950 328 197 406 264 181 382 538 172 332 261 437 573 885 503 519 541 262 238 804 399 775 987 763 821 345 145 266 873 653 105 994 352 108 196 113 108 533 917 283 969 265 69 464 179 770 169 645 
379 569 823 788 221 876 726 711 659 788 735 166 340 97 607 258 810 539 188 775 445 591 522 373 763 87 210 30 816 654 635 877 992 650 513 824 613 265 742 406 648 132 130 564 416 750 688 336 827 283 727 994 577 171 974 710 9 170 329 92 44 764 675 656 708 437 800 659 147 827 308 290 536 754 286 345 729 828 142 782 516 926 5 668 6 701 370 830 774 462 932 149 361 660 423 560 689 694 853 851 
200 951 885 13 943 338 73 414 282 175 102 940 866 257 986 713 769 692 281 789 182 706 213 57 288 149 883 798 206 648 8 557 517 873 197 761 585 352 760 349 321 960 264 36 233 450 351 593 625 65 964 977 494 532 499 83 63 558 319 620 840 364 245 44 74 752 984 594 30 781 845 485 775 9 531 67 282 136 427 1 367 812 999 265 691 941 744 478 259 646 116 726 270 728 944 505 704 548 914 729 
688 697 227 370 307 315 932 426 330 890 201 721 934 991 333 730 61 478 443 444 683 29 612 995 259 246 506 827 294 161 797 939 946 540 213 314 595 180 933 828 636 580 104 382 171 814 254 564 289 860 256 797 615 318 274 376 433 185 510 409 353 268 361 262 514 224 765 406 583 536 738 399 441 752 834 822 803 100 289 892 602 841 903 26 872 826 21 631 236 743 147 791 477 919 854 152 541 781 452 203 
387 3 928 529 359 328 134 371 417 167 906 429 302 426 21 876 833 559 603 975 336 723 444 450 141 278 550 782 114 401 243 797 275 491 178 92 306 154 71 81 145 280 713 212 312 978 313 912 325 711 29 383 317 820 333 162 831 283 858 315 811 847 676 406 216 213 480 703 481 668 67 414 967 570 160 392 314 999 222 356 354 366 331 477 377 974 152 994 827 87 877 448 17 90 676 810 326 818 155 645 
132 374 322 96 600 906 313 870 626 989 98 386 804 955 246 267 403 859 48 61 112 378 185 480 475 481 396 528 275 622 850 92 65 797 951 721 229 21 48 933 403 464 261 191 756 59 515 548 384 136 32 509 45 104 962 752 531 972 779 825 614 798 868 137 896 264 298 876 230 961 557 148 900 773 239 80 993 86 375 385 709 906 62 897 758 135 713 398 706 696 937 181 188 842 345 849 483 617 919 877 
341 606 756 401 940 78 990 861 727 812 599 972 681 956 64 35 218 418 235 343 678 715 867 582 24 946 635 404 613 333 198 409 195 590 984 536 85 979 647 153 501 784 801 556 397 288 262 827 794 436 145 853 773 547 891 649 237 262 945 800 848 468 378 971 796 809 375 421 54 96 81 310 926 901 20 424 307 593 513 954 632 268 298 765 662 295 72 839 62 629 294 221 299 792 12 735 422 414 66 375 
35 461 157 468 793 621 724 489 407 991 792 229 380 618 490 170 582 388 730 746 821 252 289 26 159 0 623 951 239 782 878 281 93 788 552 903 946 913 62 366 697 355 549 842 394 286 694 703 271 175 438 429 46 124 698 634 260 118 805 341 613 769 957 549 726 909 417 653 974 346 369 473 154 695 857 263 624 368 475 244 598 830 517 233 673 967 267 98 567 821 229 93 129 668 77 695 270 301 101 154 
977 922 25 603 86 507 697 372 375 861 839 401 876 642 471 120 734 921 683 444 977 168 541 471 69 181 385 436 42 124 488 958 899 211 846 308 401 34 387 210 144 259 123 133 874 329 429 968 15 25 116 277 265 642 232 861 951 426 620 378 147 393 379 285 433 850 12 136 913 100 947 818 910 611 79 475 625 121 619 9 824 756 930 837 262 929 428 12 267 501 203 760 380 155 900 190 864 147 267 864 
607 821 217 117 373 246 374 26 735 71 147 232 548 684 447 860 314 540 791 1 261 559 61 176 254 102 299 370 952 736 635 206 690 486 927 84 347 250 970 659 282 520 265 985 555 824 291 560 394 1000 452 349 19 825 862 294 814 364 693 143 433 685 271 244 155 951 330 848 655 286 864 289 453 704 345 132 174 235 293 714 566 979 720 451 829 247 722 395 226 268 196 10 607 11 491 467 763 70 671 28 
908 961 354 125 656 775 647 407 619 585 922 980 752 106 994 592 474 666 631 465 535 751 839 762 992 8 812 450 384 300 674 834 809 690 893 672 113 119 938 351 744 439 448 648 728 966 694 441 979 994 165 300 969 712 534 226 108 261 27 750 47 468 710 722 633 737 239 862 724 880 873 556 708 464 445 140 488 361 102 724 503 628 223 120 910 352 231 543 959 110 781 160 265 190 789 808 985 232 382 531 
480 362 694 627 177 228 771 932 242 564 471 148 307 940 476 138 539 933 838 200 347 469 835 736 475 147 231 351 338 800 875 548 389 562 59 476 304 666 885 68 4 903 264 759 68 274 765 390 680 448 953 406 674 380 13 550 519 556 773 547 28 529 935 858 767 260 203 393 819 736 196 837 190 342 497 118 507 628 510 757 62 567 961 450 263 107 860 417 61 576 734 193 889 755 274 134 768 556 867 338 
820 363 952 413 869 350 450 687 386 113 425 936 912 653 887 693 865 780 603 989 130 409 364 224 241 488 864 688 242 792 296 832 520 292 553 779 922 914 481 129 365 651 318 776 188 132 458 308 451 688 781 803 14 287 151 107 213 379 163 89 226 933 668 840 900 112 327 562 89 468 307 877 48 950 580 857 370 55 437 739 225 983 809 844 560 467 89 240 671 707 498 857 817 468 542 405 560 535 145 441 
307 788 422 324 840 673 589 441 880 386 602 735 689 523 631 999 705 755 610 62 938 920 948 533 682 792 162 324 815 689 17 450 281 142 931 510 341 230 871 225 120 887 897 613 303 936 612 684 233 146 257 807 477 566 165 674 12 781 66 579 622 733 975 130 41 57 118 730 406 757 398 161 717 868 201 916 154 717 844 363 352 657 254 990 166 748 219 617 894 694 144 776 295 409 733 672 217 669 781 499 
580 185 120 62 518 840 281 410 358 884 12 301 314 828 548 316 237 521 300 515 828 706 715 79 65 542 893 108 569 793 464 379 973 628 78 976 409 675 989 720 638 980 538 465 825 514 936 988 322 42 247 775 0 944 455 408 50 827 910 139 545 240 4 884 78 123 191 192 516 816 624 836 30 129 474 501 938 168 902 278 895 154 800 39 468 939 892 643 784 387 65 665 224 755 675 58 113 511 54 523 
88 490 418 914 22 604 129 735 464 736 279 608 728 602 888 712 675 158 135 527 767 686 642 29 249 498 336 223 876 50 457 83 871 68 826 319 504 802 251 231 226 770 635 551 547 846 890 218 105 797 698 600 750 302 249 781 742 398 47 659 246 967 42 579 986 814 831 398 324 739 229 463 974 406 206 391 792 65 268 151 677 484 230 875 694 233 828 262 860 639 15 85 918 303 165 900 221 714 890 336 
593 665 997 868 465 475 155 360 27 234 15 422 43 909 726 928 619 927 755 545 603 49 2 41 782 216 147 535 915 185 379 60 98 419 53 391 658 766 325 976 175 430 796 637 937 266 835 906 362 3 32 457 803 695 142 748 648 464 783 7 612 597 892 717 575 568 837 354 179 293 85 611 730 653 486 884 505 630 809 441 784 959 96 924 917 854 902 66 764 542 456 76 377 851 743 712 662 814 305 466 
834 472 897 987 337 824 624 323 370 801 1 314 444 601 183 729 262 856 533 969 721 515 922 341 369 353 21 771 672 454 77 764 831 1 66 580 498 778 961 891 669 940 679 748 630 111 420 344 906 23 845 151 352 910 853 47 382 224 432 700 153 648 626 817 12 130 364 836 223 290 366 380 815 128 371 704 388 114 722 400 426 3 686 901 163 810 13 270 760 891 312 567 33 932 634 265 349 259 848 358 
258 687 765 565 331 766 689 614 413 535 568 773 585 295 882 821 596 303 790 427 921 859 915 689 681 55 168 579 38 123 243 275 292 820 540 39 773 344 339 733 734 88 380 488 37 511 230 365 130 878 633 690 193 293 866 610 735 673 629 863 720 295 242 329 43 50 120 919 600 36 98 855 610 63 720 550 547 340 450 598 453 202 426 333 519 746 689 212 526 46 223 823 113 168 419 583 250 845 222 990 
497 693 603 193 136 309 803 355 978 773 49 484 231 810 23 830 198 470 170 827 791 998 557 722 448 217 599 338 976 135 664 818 648 255 166 271 709 582 484 217 662 13 398 63 113 947 941 83 954 673 22 940 504 346 838 843 335 700 189 500 445 716 610 533 58 32 309 451 141 969 314 473 432 484 549 550 739 405 435 568 105 368 786 187 3 233 844 904 296 576 36 901 527 576 844 886 976 864 241 475 
289 611 182 369 511 311 628 830 774 161 227 916 746 562 830 873 379 678 696 175 41 804 952 445 391 245 693 187 932 132 356 119 249 46 694 587 724 525 278 101 885 303 722 710 817 285 385 744 929 404 26 156 748 643 405 652 562 645 206 210 233 731 835 721 481 316 655 63 151 482 879 610 954 403 942 471 956 691 450 688 130 90 568 883 796 992 756 116 554 834 522 725 591 221 372 607 572 937 633 492 
795 748 598 977 895 718 412 371 177 217 43 241 511 793 864 414 407 29 891 625 139 926 300 777 878 734 351 288 725 355 930 734 639 122 363 204 771 370 786 895 202 568 154 763 893 520 258 459 685 358 221 817 841 298 153 159 777 823 638 384 186 548 65 965 21 139 618 870 162 576 368 743 980 283 153 648 614 48 756 44 514 643 149 390 828 427 174 96 494 907 783 58 402 163 50 649 994 244 965 526 
887 295 650 322 337 771 228 647 696 870 357 544 175 171 473 655 16 492 559 996 2 55 193 179 897 291 274 725 416 593 205 660 892 893 788 248 955 187 278 311 340 428 550 939 660 867 722 459 72 694 415 545 320 29 969 756 396 231 660 502 974 105 331 337 613 871 86 804 207 261 553 787 865 535 812 896 409 423 251 155 846 648 82 335 206 964 567 498 894 31 885 593 823 688 968 632 526 546 522 309 
631 788 140 814 904 439 477 735 431 909 962 185 369 541 715 671 977 601 979 522 30 923 575 808 582 481 524 663 537 118 269 505 243 837 437 35 375 823 832 277 854 292 607 492 454 294 30 773 275 60 296 78 1000 671 274 987 589 866 785 746 818 897 979 893 308 198 730 485 984 291 507 572 714 6 955 692 167 104 822 390 154 851 452 150 729 504 486 730 147 53 995 230 333 730 652 917 232 851 96 829 
697 411 29 507 752 178 765 392 560 701 557 977 493 42 120 745 78 698 649 486 528 788 363 671 321 337 949 377 522 959 682 575 228 446 887 360 829 773 216 694 101 963 301 927 301 510 751 859 553 419 472 355 634 227 422 878 444 787 647 978 729 901 896 961 581 445 602 720 773 665 290 728 102 150 502 539 154 901 117 817 613 987 714 544 722 476 744 866 853 640 26 706 878 704 696 469 669 393 455 907 
83 463 401 582 424 764 190 890 540 103 76 302 771 61 181 58 467 145 116 227 865 181 984 623 234 469 654 58 682 321 672 440 762 908 37 49 625 838 265 314 990 948 896 200 212 710 726 692 351 861 616 211 219 518 377 471 606 955 871 907 200 198 328 496 120 713 861 911 226 247 244 48 703 657 130 610 849 134 170 985 248 384 879 37 655 167 674 174 700 682 348 763 955 415 143 674 571 51 506 44 
302 434 736 612 4 746 144 576 710 151 748 524 935 589 693 701 535 370 720 926 108 641 743 613 929 862 893 955 380 12 705 748 562 628 428 393 271 353 496 369 352 957 403 301 765 34 429 644 275 493 228 795 260 208 452 524 224 592 632 191 948 960 21 292 217 719 751 713 261 871 733 357 852 634 860 202 84 841 500 693 729 875 499 674 225 11 694 867 657 81 334 758 909 730 401 127 606 971 252 958 
128 238 442 877 404 275 438 843 68 794 921 209 244 805 97 474 767 740 284 121 866 752 102 303 854 579 888 675 439 700 239 672 468 54 197 268 285 720 626 49 62 25 556 125 472 158 500 514 132 742 228 517 505 217 753 233 361 248 284 876 114 257 343 764 422 487 181 9 24 459 543 457 603 408 599 177 353 581 748 812 898 844 752 201 930 528 839 90 95 281 936 383 808 952 956 6 913 853 580 169 
517 188 586 159 850 325 678 894 424 221 61 992 179 601 752 690 983 723 791 33 888 183 925 4 841 818 64 956 127 503 236 864 820 405 215 116 133 983 616 636 90 47 848 947 331 194 639 946 277 167 72 698 190 367 675 677 688 426 28 500 754 602 726 859 620 502 791 275 469 438 690 946 687 529 821 256 846 583 679 366 969 754 948 666 383 9 411 261 20 361 627 876 245 515 657 466 431 180 891 558 
702 562 361 995 392 782 85 752 20 687 904 339 606 914 259 549 144 895 824 694 423 197 614 883 905 95 717 338 750 538 813 802 1 931 111 7 500 345 921 145 60 462 462 951 394 737 707 799 440 692 404 759 99 678 376 474 75 385 207 535 230 360 818 709 874 662 447 803 277 162 432 726 750 363 807 575 797 997 316 330 531 637 191 904 46 166 16 451 380 482 191 645 113 421 799 339 427 303 971 754 
872 742 205 851 525 448 844 648 936 8 204 782 146 904 441 114 486 202 379 601 20 80 360 799 376 213 69 603 75 711 174 609 247 205 798 783 346 22 809 484 849 332 589 264 684 252 756 148 781 10 755 811 935 335 310 529 300 428 595 460 618 529 40 603 593 992 975 324 243 488 663 931 536 164 629 256 895 318 258 989 125 277 126 829 724 924 901 776 426 604 639 159 69 507 642 810 503 469 803 643 
509 345 566 609 431 507 764 89 283 497 288 580 650 239 110 539 229 562 816 316 658 997 845 627 261 766 401 766 490 697 108 47 94 303 523 956 622 952 871 956 399 924 347 504 663 848 363 416 677 265 445 601 402 464 607 688 761 508 485 107 414 935 138 950 383 824 717 184 688 316 81 528 569 624 346 101 273 542 523 170 436 208 19 9 818 63 934 355 647 41 213 153 343 904 194 20 137 433 378 982 
455 993 904 550 102 472 415 574 936 847 883 252 696 849 118 531 383 387 647 159 8 130 356 674 785 848 493 927 380 166 369 175 109 521 967 884 740 529 915 824 684 451 530 762 184 847 9 58 732 63 81 599 932 924 94 699 745 535 327 882 729 555 219 739 946 274 461 484 793 949 805 113 238 106 126 689 24 44 797 408 116 591 547 879 657 564 972 328 512 673 464 858 218 816 161 131 306 738 37 649 
