3222421 2967269 3945047 2165576 4267210 3472849 3249457 3564654 3095729 3359259 
3438278 2953421 3492050 2605045 3743856 3608660 3062313 3174071 3714412 2727364 
2903628 2724928 3135884 2541729 3838041 3242856 2504238 3222422 3552213 2929550 
1740885 2133593 2404264 1959651 2982540 2392406 1984855 2555431 2535863 2184521 
2395946 1711622 2449489 1585932 2960403 2382652 2146518 2087202 2689540 2456060 
2689782 2149389 3090971 1682616 3201561 2576853 2679976 2170933 2468407 2284024 
3299974 2922386 3963156 2125017 4298637 3661710 3222546 3025845 3185712 2494643 
3829690 3348562 4236464 1993104 4713013 4092524 3382191 3834086 3703116 3124040 
1821337 1263174 1803019 1177259 2108710 1803687 1789061 1722937 2294475 2091231 
2570813 1756895 2570584 1881140 2569261 3014170 1902981 2121729 2707950 1761408 
