23489314 25578384 22523593 21321400 23842723 21687806 23685818 21225058 24053328 23507725 24689663 22869769 24591972 22544127 25196812 22802374 21188728 22054465 20762292 21668641 22552366 22854210 22715495 21590975 22486722 23064683 20459909 23803742 23064377 21398999 22566900 24411771 21375750 21386814 23168708 21063796 24338635 22436714 22809552 23208068 24876897 20038794 22963874 22750997 22212797 27811886 23277307 23735017 22370836 23617512 21972264 22641471 25398763 23871691 23472920 24867648 23430241 22478828 20637587 22013573 22932386 22222503 25714850 21930151 22193140 22984882 22816622 23360684 22028228 23029006 23517452 21189064 22474875 22425716 22857388 24813860 23607827 19799518 22191619 24414235 20695152 19444258 21004815 22147295 24028914 23170388 22854583 24109658 25979601 23488624 22249976 21643218 25187411 25622404 21384893 22992734 22883872 19306248 21656124 18729289 
24237640 25713818 24711664 22037179 24763974 22910179 25258393 25115916 24735327 24252473 26153431 22251174 26424937 23211303 26502004 23204187 23471178 24623430 23085995 23473272 23297714 23789089 23840109 22686009 23646692 24692978 21268664 24587428 23482213 22640388 25028735 27401215 23843834 23258592 23001979 22184407 23845663 24359568 23875502 23585278 27317523 21131159 22519293 24005288 24409445 28016831 24969844 24459639 23156059 23734721 24248141 24504458 25265802 25009598 24850156 25327312 26824343 23210883 22302908 22879469 22958271 23961123 25571342 23239496 25363805 26070830 24340634 25270227 25017035 24758700 26118727 21305739 23751138 23139928 23442491 24260157 25048303 20826327 23598245 24607638 21508384 21107683 23477166 23056429 24226804 23879221 24914365 24937804 24065923 23001144 22977608 21170768 27509988 26051869 23081061 23502143 23781225 21696778 24431363 20610052 
25977679 25649859 25249415 22967507 23710875 24450305 25487483 24394532 26201791 25532488 26262993 24662535 27579241 23992975 27108150 24743835 21405637 24558564 21732525 23518165 24891337 23894289 23451145 24296047 25259384 25082235 20806314 25373153 24240625 21785876 25797533 27144084 23154483 22156005 24754803 21869675 28826359 23637864 24551829 24509851 29077535 22211887 23199365 24037410 23833452 29873129 25979600 25728499 25001540 26366053 23378214 23787484 26935695 25508724 24463196 26344940 26241843 23884826 22037354 23979589 23525851 24480147 25088674 22719012 25173013 24048987 23616266 25280637 26169212 23548973 27217651 21148128 25323925 23520528 23845581 28325032 25176013 21163780 24683860 26567341 22840641 20410369 22418681 23454364 24206914 24422226 25186278 25362968 24718895 24715270 24451317 23148242 25748984 26341446 22878244 25179968 25078552 21741239 23798436 20523388 
23325501 25448561 25393013 20773746 24462477 22893049 25586692 25131093 25700486 23029148 25677457 22975540 26550024 23652593 27158716 25732435 22663078 23542948 22765933 23247805 22360408 24579101 24123303 22203277 23948386 24450573 19420638 24548951 22346815 22414532 23673724 25058075 21658752 21241262 24560435 21181209 22875842 22476545 24510891 23266524 25708863 20635721 20507938 23147812 24402739 29451734 25521932 25235626 22002245 23929548 25158485 23095635 24912055 24365101 23615018 26429422 24469226 24433883 21163739 23834931 23554761 23869153 23776486 24020997 24758712 25830372 24305620 25831153 24652147 23561371 25095642 21734284 23246508 22634148 22596298 26068863 24520380 20998564 23209788 25807673 20504139 19670901 22701663 23100019 24541404 23352795 22263435 25409792 24511368 20905181 22830480 20552610 24698408 26692090 21329383 23842779 25412754 21384925 24435567 20072893 
28799496 30218200 26298764 25234690 28609478 27233607 27188643 27578009 29119995 27144380 28867609 25134664 28798349 28299581 29844538 28089466 26216621 26980650 24610456 26099317 25766707 27476657 25474898 26651949 25886157 26993752 22948910 27524143 27101638 24191483 26895231 28240627 27251001 24999090 27208438 24138500 28927569 26733115 27381542 28085164 29446083 24090493 25117109 27455944 25198288 30812345 30198228 27919742 27315022 26780763 26597065 25722144 29955438 29580026 27285918 30315039 31777672 26215832 25868090 27035786 26659610 28379906 28334897 26188731 26759623 27118057 26825157 28888461 27700506 28693902 30557512 25703037 27222020 25915297 27502832 29135566 26334966 24293180 26318523 29018098 26538010 22960471 25836116 27727314 28784422 26417079 26587248 27853937 28662198 26860233 27021319 26724410 29778921 29910886 23711474 26593916 28236581 23902476 26972311 22916161 
24741076 26361123 24462800 22455424 26193085 24390255 25663118 25378305 28289117 24190373 27143785 24502623 27891034 24145058 26471317 23644228 23809080 24886936 23938252 24868545 24475245 24124142 23912484 23595941 24481299 25800472 22006315 26263442 23090154 22033245 24948482 27612838 26457297 23177312 26422424 21948826 26315760 23675892 23909089 24472478 28224807 22708208 22101318 25567568 24877573 29409377 27028277 25744357 23906005 25504508 27135495 23623817 27776495 26880893 26218422 27288120 27439521 25973326 21377438 23789130 24142073 24061199 26080537 25523400 24794499 25226039 24853342 26179301 26480942 26685304 27817654 23919873 26186067 26149654 26108383 26910664 27285307 20924038 25829971 26420969 23455439 21638190 24195685 24597365 24458965 25014694 23641213 25617505 24285478 23234342 24950684 22538689 27199065 27661078 23232626 25844783 24618463 22974496 26790555 22280214 
25642718 27627085 26961120 23480736 27339159 25423789 27294608 26508200 26949051 25705382 29688862 24807913 27717246 24758699 28769422 27035863 26179793 26230322 24282500 25824694 24131872 26888596 24887575 24170123 26098750 25824418 21493397 26978195 26493668 22525614 25466322 27010430 25014530 23590565 26304266 22586009 27204140 24433464 25967502 26064788 29783357 23897033 24291411 24916219 24416610 30308783 27806098 27561012 25346240 26083986 26663717 24832674 27208048 25717068 27192555 28379775 27062995 24374948 22528268 25666728 24763824 26330032 27742019 26385958 24206592 26517445 24820880 25870874 27209564 25692619 27912833 25300396 25855649 25411012 23845094 28530455 26028919 21849572 24046766 25613006 23120373 21693560 25073031 24772902 26118101 25675184 23373111 27212781 27249753 24073752 25287398 23865962 28796035 28250320 24447273 26053117 26859387 22738914 27468905 20820054 
26237443 26022634 27960345 23648555 26958792 25246098 26848884 26963473 26272193 25185509 27292043 24617792 26621580 24759237 27871725 24164367 25238457 24905972 25343591 25506332 24586986 24758059 24742532 25273621 25981963 27597125 23522789 26503514 24103905 24665164 26395000 26826857 26831576 23342367 23875259 24817423 28105008 22875335 25957903 23713233 28800207 23698721 24624166 26066605 24427504 30241869 26318476 25807876 24819803 26670745 26166226 25032674 26918473 26983975 26038518 27869681 27503754 26153435 24044475 24558344 23858623 25884056 29153271 24796743 27344749 25029199 24368818 27688692 25646255 24932330 28855695 23399004 26016784 24023545 25511613 28079351 26027443 21319701 23838448 26065433 23003756 23143468 25258430 24520707 27282804 25133928 26428427 26673728 27640448 26268988 25703537 23128810 28162561 27849598 24628206 25007885 24216787 22447276 26212236 21289479 
25237088 27088024 25524145 21696651 25558189 22494456 25223965 23451026 26339559 25756552 26922957 23639455 26796421 22836744 27299944 24339190 23394824 23854075 24004843 23405894 22615275 25231472 23196287 23891976 25291861 25947070 21910682 26212545 24507214 22230917 23857549 25355467 24980443 21189179 22216116 20223996 25396432 22395272 24602496 24431095 27006012 22052257 21874589 24008292 23011049 29466558 28318590 25069755 22955640 25415699 25947391 24891514 27361316 26620931 24357726 25841514 25661942 26214141 22657410 22707409 23938030 23116927 26668605 23860105 23559304 26912264 24638883 25806772 23899173 25345623 27372735 22141861 24718624 24150007 25101836 26776162 24259303 23406710 23988634 24255621 20595174 21117155 23793570 23333778 26454581 23287923 22533717 26320517 24777092 23677114 24486454 20479082 25468666 25178590 22516954 24319781 24176501 22293354 24482853 21672371 
27474944 27697302 27635122 22393394 25627618 24670500 25964989 25801355 27845458 26000583 26705862 25194274 29230489 25116426 27873194 25983680 25043811 26022608 25045752 24786091 24429745 26013116 25501124 25215153 25570440 25722264 21655925 26050547 25399031 22010631 25211950 27688783 24577789 23534998 24926776 24379941 26714031 24983651 25116392 24101257 27843689 22464606 23749000 25635059 25189625 28889958 26751836 27076572 25077596 25684657 25278482 23895269 27409141 27218827 25777777 28277599 28569453 24348581 23422990 26235193 24809124 25506007 27366244 25235315 24632144 27197128 26085770 27499676 28130730 26848352 28769195 24605512 26296924 23712074 24246577 26985040 26224259 23511473 25720432 27119686 22087449 21118250 24247990 25270717 26845274 25491127 24720333 26549741 26697349 25391673 24566165 23435401 27793763 26960042 23714694 25293861 26132947 23156950 25152597 20624113 
25457629 27094075 25812684 23308417 26106872 25882448 27046540 25404975 28476523 25429260 27472609 26155849 28259161 26659844 27216111 25179089 26448246 25668745 23738459 24313478 25169012 24905536 25186359 25002244 25536622 27101636 21636598 26631887 24521347 24237294 25966061 29077260 26461458 23138546 26192089 23005147 28346158 23400357 24342701 25110085 29541746 23852123 24980408 25630953 25791934 29412441 27107965 26672419 25363768 24949838 27091011 26593076 26243772 27783879 25740771 28663384 27936520 27695241 21789317 23710528 24153742 25014180 27978094 25911557 24948835 26629272 26225523 27984174 26345243 25186189 26749624 24799378 27548754 23098303 26815305 28323268 27077552 22891099 26322188 27615524 24116575 22519259 24573444 26229705 24977661 26182939 24619357 26638200 26487612 25478815 24227375 23700974 26844268 28239214 23162698 25901601 25449293 23336334 25125954 23931203 
27954675 27046337 26209463 23179561 28786254 25192318 27190955 25762166 27490397 24855060 27456128 24583988 28592372 25876047 27706665 27305505 25120096 26375148 25358724 26627521 25415098 25736614 27559231 23278974 26119026 27128874 22573216 26637154 26012815 23663163 26989237 28200308 25967250 23478033 25677885 23153568 27873743 24400591 25987943 26169921 28391911 23969378 22863309 26321093 24312906 31702659 26773094 28759142 26017594 27644137 26823793 25839515 27627171 28450046 26208594 28070789 27046373 24631374 25458205 26035388 23716614 25813945 27994143 27338612 26143658 27797285 25452884 28027974 27247094 27642330 28600020 25336037 26006577 25877438 27036035 27498342 26385780 23904594 26190798 28167117 23711897 22638789 24307682 26172064 25345157 25263627 25230216 27754169 28056724 25665626 27281936 22539227 28620989 29952211 25301175 27067346 27453620 22999461 26786137 22845936 
24584944 25491892 24832631 20497192 24101325 22347911 26486517 23359186 25059118 21291857 25377365 22749097 25782147 23280474 26019469 23736688 23479064 23002421 22037619 23939466 23431691 23833685 24200921 21364302 23380485 23390738 20342859 22897471 23592859 21386809 23054270 24026204 23223567 22561336 22193745 21114406 23851111 22074735 23062034 22237082 26090286 20223553 21335131 22851767 23897019 27723002 24817964 24262309 22099595 24181790 21496363 22257171 24679359 25227063 24680845 25278310 24497879 23732527 19915219 21362945 21201525 23632593 24243910 23308827 24023714 25223514 22732852 24505651 25302772 23976089 23987869 21049273 24914540 22657188 22521105 25242487 24527542 21146372 21475486 26139239 19398960 19999190 23127618 21769329 23558232 23852918 24094671 23883206 24481619 21422624 22188460 21488779 24115648 24610868 21779445 23551170 23862568 19489043 22947452 20434980 
25589783 25948254 26045767 24588559 26051254 24196787 26036488 23610785 25919589 24946286 27062125 24767712 27653109 25576869 27058739 26247265 25286825 24723749 22811315 25378579 23777776 25349668 24038810 24796313 25146613 25947242 21483456 26538279 24395891 24697821 26124948 27645792 24905282 23674733 24623105 22343183 25592639 23537550 25302974 25342865 28450274 22719860 23089094 25889993 23810604 29478000 26399697 25187291 24956371 27010339 24808008 25456628 27716400 26160463 25385378 27896306 28154508 26160571 23665358 23656338 24912939 25513978 27709935 24841574 24390438 26418182 26249319 28796281 26507999 24454231 26332808 23131519 26242673 23432401 26193220 26229826 25319753 22142135 25904970 27267219 23027823 21787598 22658372 26132436 25725374 25376097 26012604 25552047 28250466 25227221 25125914 23295709 26558742 27415752 24046038 25255485 26064530 22537996 24782432 21092697 
24963606 25369616 26582763 22101190 25153318 24713318 25354029 23708485 25415745 24136288 25318325 22056387 29378976 24064710 25717890 23357055 23202703 22944879 21906423 24195787 22270829 25393110 24355172 22672114 22963279 23696827 20097064 25239949 23548688 21549852 24672313 25630916 22107810 22800439 22120246 22475136 25875363 22710643 23095551 23788506 27342094 20237962 21091046 22287146 22595597 25485553 27242413 22799127 23340075 25664352 23643104 23703532 26315228 23778165 25873605 25993962 26415385 23798581 21114678 23736346 22623275 24759614 24843993 22487042 24829448 24935956 22373454 24508327 26282989 23616051 24460842 21265437 23986314 23313568 23373541 26497680 25395309 21813583 23690851 24977102 21167839 20897821 23165217 22502676 25699556 22305601 23902131 25896381 23668840 24587071 23324109 20746861 25229432 22412947 23215040 25022884 24702169 20058395 23627743 19158011 
26995809 28906665 25831525 24070878 27832540 23449376 27779626 27330873 26934938 24914106 27222612 24614599 28652386 22680934 28650057 26535400 24818225 26298772 24935808 25885400 24634701 25243391 24765050 25244524 24574885 27140503 21548123 28542523 24841091 23564962 25558075 27275141 25148355 24882897 25580805 23493672 26901867 25579288 25512589 26065898 28351502 22116795 24283596 24965016 25474708 29883408 28824201 25873407 26065907 26655267 26882433 25206484 25965414 27284503 25118318 27349632 27790675 25796795 22593578 25205903 25313259 26010037 27699807 26203037 23923301 25573060 25985414 26935527 28206165 26015848 27380555 23571497 25549431 25156282 26476192 27553707 26011177 22766353 24548235 27349172 24436492 21780684 23503029 25345816 27282421 25131097 23454525 25990619 26855629 24291377 24102971 23407892 26930118 27769404 22357404 24506548 26831454 22019155 25225074 21768709 
26176549 26827201 25663900 22695039 26168624 23040115 26278369 24523321 26774802 25228789 25535328 24330239 26832785 24059760 28273614 24444840 24518551 24591168 23972749 23812825 23409772 25174050 26010966 23137232 24438802 27056109 22903881 24664538 24010606 23439423 26888176 26745498 25079474 23389332 24323773 23224384 27735903 23849050 24983231 25126434 28258430 24803777 24869910 24243643 23719924 29957555 27468604 24607656 26181481 26183551 25234877 24709491 26600555 25659589 24882651 27258566 26045040 25061395 23578240 23773920 24486635 24870513 27855968 24188260 25956608 25264752 24357334 27827980 24202349 25633935 28170128 22823536 25540261 23215722 24293122 27490820 25276328 21710254 23774277 27270214 23203059 22206297 25443869 24985232 26346828 24852940 24727214 27925249 26470896 25019708 23957620 22121512 27663161 27752986 24643779 26225362 24984430 22090068 24855058 21104040 
26337421 27636389 27383822 22874131 27651889 25303926 26911328 25267121 27133282 25061160 28851628 24911560 28651851 27053176 27632448 27347591 24062332 26355766 22269598 24343025 24144322 25742600 25397291 24952674 24832617 26336608 22430836 26032700 25040573 23471319 25974821 27992647 24358387 23352729 25352946 23031187 25975007 24945120 25749306 25321998 29919426 20524817 23971634 25800623 25412756 29771057 28109931 26431341 24477839 27114395 26923351 25216265 26982426 28036370 25024989 27267278 28135496 26414582 23248511 25607991 23625878 26287686 27799241 26369437 27120848 27248837 26230602 27679030 26712725 25567905 28124954 23022153 25574720 25319502 24504111 26691517 25105135 23570492 23900399 26776030 22380734 21648266 23783710 24989382 27539557 24862154 23497017 25432813 26812503 23688317 26250531 23669613 27833719 26237395 24170880 24685305 26690314 20969418 25325371 21643941 
26467780 27535893 27837726 23839182 26577258 25516729 27471490 26467251 27013104 25595194 27852666 25738811 27589113 25094887 29367102 26870169 25574010 25824479 23408281 26575703 25460420 24690563 25471555 25247549 25690952 28466422 21929702 26270280 25454430 25331676 28087094 27765080 26866430 24053743 26174053 23713020 27963284 25480023 25827197 26166900 30451935 23809128 23842627 24505620 24528917 30192002 27734043 26729781 26079380 28013251 27527249 26692659 27979628 27599082 26617925 26787391 27301217 27261121 24355962 24734806 25888548 26069927 28017627 25815657 26499067 27565215 26172986 29612255 26660067 24600626 29642001 24845301 27436775 24453860 26216788 28480327 26625518 23695407 26512455 29304541 23947816 22552999 24174369 24989154 26716019 26236267 27210208 28506256 28111311 25806333 25406797 24112047 27724355 28892599 24221959 26746519 26768050 22696553 26208677 21991915 
25824040 27637821 26418947 23646651 26645812 25385841 27682068 24838370 25982086 25356711 26901226 26195357 27161204 26670999 26711265 25024133 24689857 24873747 23786066 24737880 25140363 24935701 25164064 24257661 24636594 25359901 21507416 25820933 24600350 23597092 26815232 26560453 25243620 23465509 25215665 24104356 26561099 23649137 22812403 23360939 28941384 22126163 21800080 24191443 26391329 29449045 27436449 24973874 25336390 27574364 25822685 25546620 26140404 26174374 26812770 26878118 26372285 26179732 21909902 24346792 24320990 26552364 26022249 25558256 25033236 25608390 24682713 28245397 27178116 25866762 26532178 22651383 24544623 24531263 24724850 28321215 26756823 22068233 24185166 25914017 21731081 22701718 24093459 26021974 25250551 23428077 25798015 25753539 25630110 23401963 25027667 23012061 28123279 27868328 23117121 24357960 26938064 20649412 24785153 21654695 
25087794 27625545 26126832 22795264 27373348 24599145 27198433 27014330 26377386 26425714 28651326 25692716 28772907 25730473 27505700 25531448 24419063 27492786 25743288 24751307 23229523 24834717 25037312 23460332 25729400 25469391 23469583 27559631 25923724 23767986 26609731 27345482 25795989 23423604 26207931 21985508 27254619 23680157 24963861 25376573 28045309 22850917 22925724 25140581 24705862 30149685 28404418 26580206 23501459 27386708 26239075 26520191 27788953 26927145 26885952 28974617 28455005 25270140 22528955 26043062 26489436 25605368 26629178 25504408 26216746 24939286 25895533 27569593 26136787 24649163 28182374 23938668 24188365 25404846 26655979 27191013 27036386 22476909 24873158 28261641 22998738 23012899 25159307 25727719 26698619 23936386 25032937 26246665 26247156 23481980 25193919 23306022 26912931 28997449 23326100 25441064 25097258 22857278 27048131 20787767 
27622889 30399545 28696469 24884487 28290783 26103480 28064177 27001370 29330550 27408054 30919218 27764568 30211698 27833851 30510655 27733763 25652390 27382834 26725580 26944959 26837583 26663703 26840415 25470985 27571121 29265040 22102221 27230071 27113641 25100983 27724198 28809253 27217996 25201807 27859128 25676510 30039288 26628019 26814042 26338606 30718989 25524918 26019197 26227494 26759311 32847714 29926711 28520786 27505303 28579608 28574848 27881712 29687718 28697073 27234666 30486944 26985879 27576780 23628713 27029530 27067190 28154262 29656338 28865295 25995592 29212873 26544249 28996882 29009191 27196736 29969404 24826181 26149002 25816477 25797412 30067439 29571556 22794000 26399444 29946249 24978156 23716811 25444013 27590521 27779998 26301200 27073378 28203523 28832251 26170706 26198975 26595663 29929568 30376578 25363970 27596167 27703030 24903646 28181536 22142824 
24763189 24956358 26014530 20981429 25372561 23556419 24136405 24508195 25387679 22290824 25460860 22730219 24640982 23408935 25570709 23018451 22384509 24015490 22996907 24837107 24104908 23408444 23755341 22025016 23623226 22048962 19019249 23821788 23057249 22467260 23757812 26864474 24170621 20899766 23329315 22334194 23915484 24611263 23953308 22519735 26983762 21998334 22090558 22307409 22858039 27368370 24716175 24068820 24166645 24269528 24297115 21974516 25350181 24546646 23609786 24613189 26137152 23558766 21884014 24033944 21838401 24119953 25147114 23459013 24478056 23151798 22482671 23889132 24702019 25118350 26905580 23663166 24044807 22666656 22917222 26079758 23611775 20796536 23400015 26381782 21312189 19815246 23161949 24190580 23793710 24786310 22882902 25502909 24270324 23209687 23953890 22056419 24941537 26681624 21953324 23869049 24626283 20889311 23986673 19878481 
21957730 23959724 22282153 19439146 23153262 21417637 22439454 22448622 23619319 22199220 23361468 20583641 25411967 22704408 23165165 21708016 22002130 22334849 22068979 21774531 21461338 22084249 20975137 21036432 21181766 21271298 19841712 23160385 22240650 20306839 23146893 23513149 21798632 20079134 22569839 19884700 24279123 20892431 21427019 22681548 25542026 18265413 20643062 21634767 21143066 26412323 24157660 23039191 20599405 23683100 21437724 21920330 23079057 23800344 22925202 25484144 25217290 23366213 19194041 21854069 20895232 21969955 23771682 23226423 22393133 22515803 21788295 23600500 24040677 21776557 24363855 21744585 22219683 21088341 21028584 24424342 22332308 20079765 23471308 23223352 20373426 19470864 21250511 20900896 22956604 22227627 22354536 22613146 22931519 21999849 21356008 20281875 22284512 22230263 20473013 22169438 22914237 20600804 22392997 18706871 
24461391 24597204 23023116 20612656 23974031 23660387 25332208 23083282 24588015 24375455 24350372 23591694 26907765 23927747 26047668 24403644 20341256 22036426 22403580 21979523 23055564 24096744 21319987 22540155 23340523 23857855 21068516 25963019 24367396 20629071 22864058 24346160 23317502 21795841 22959705 21428232 25268741 22052535 23263773 22838350 26530942 19341886 20263095 23492504 22948559 27860808 25694953 23768278 21276083 24770572 23276126 24047227 26009530 25841282 25287273 25492776 26341962 24918317 19625521 22563024 23742628 23282750 24706348 23792950 23576850 25253183 22524562 25342499 24312752 24381608 24725082 22114353 22558136 24929792 25683283 25901855 25029438 20999715 23363167 25280283 20201816 21993857 22739121 23535656 24361754 19992019 22916013 22725309 24663614 22179592 23910866 21528180 24744211 24655349 20088784 24123082 23741011 21043353 24177502 20041171 
25178197 27033867 23928954 21994399 25475949 23009542 21906398 23705076 27927102 23146811 27472201 23688152 26639839 24219668 27480013 23102119 23713487 24430547 23464411 24285591 24118867 23444341 25002984 23118429 25257783 23825924 20311286 24269757 24233639 22072638 24677762 25570652 23704935 21428309 25170377 21212348 26620868 22498375 23780750 23176612 27241857 22709428 24278570 24516241 24279970 29811308 26051000 25984612 23521973 25091116 23651847 22335279 26286940 26445041 24262744 26879491 27442676 23645847 22865491 23834086 23490088 24506520 26189016 24536396 25300539 24556780 24176576 25504547 25144342 25151262 27218782 24344420 23456295 22459605 24186024 26254936 25236007 20267313 24680436 24970274 21821915 20091167 23201012 24999997 26215462 25844269 25276907 23675096 24888591 24082313 23017756 23790456 26372538 26400390 21595845 23760317 25214923 20290165 24136195 20566870 
28922998 29580506 28784304 24239513 28977531 26567707 28039382 26832920 28148483 27983950 29061384 26994520 30573247 26598935 30519467 28135748 26981539 27247832 24549219 27509064 25852444 26250216 28060934 27348593 25471712 27989373 23998675 26438860 26218857 25529264 28832035 29392311 26856882 25783041 26691432 25700373 29124698 25064565 26422605 25752297 28566351 25733967 25492824 26690510 26071673 32562822 29175578 29512549 28096233 27542572 27265487 26191087 29124895 28637497 26900504 30897694 28246179 28034343 24935595 26533722 25830270 28279800 29635273 27803908 27083305 26358612 26455830 29147368 27715497 27677023 29704055 25284851 26894336 25813634 26640461 29641401 28121458 25223381 26774659 27699278 25147399 23094378 25808851 27236367 27743238 26955262 26485213 29042251 28155328 27753158 24723707 24289018 28923895 28033161 25947761 27849834 27842817 23464221 26827231 22460206 
27317038 30128945 28232647 24354676 28609594 27740474 28525427 26569362 29343816 26760513 29055718 26729818 29763403 26772933 30612338 28535045 25254984 26193006 24780834 27458240 25521165 28002297 25382578 27262722 26676238 26381531 22026794 27171108 27410162 23731993 25809889 30706595 27416186 23832640 27378360 25106556 28711796 25918322 27828425 25657330 30911677 24123316 24511770 25782066 26405687 31648118 29757355 27626421 26761249 28254875 27231179 27012535 28988102 28579306 27757080 30824086 29791184 26740057 25034877 27142396 25044146 29318573 30507507 28317197 28029919 30207641 26045979 28782226 29935915 27895878 30054993 26341198 27012517 26097360 27423676 28761352 29192292 24070788 25796420 28441285 25574101 24425387 28414067 27591737 28432933 27279934 25172901 28043780 27744149 26075860 26820029 25125401 29726772 29462339 23715796 26750646 28387925 23391722 27634208 23864772 
25677642 26846363 26473053 22645594 27054643 23876213 26344520 26593434 26117244 25631035 25894958 25765517 26708561 23958368 26879614 25374519 23742622 23102744 23991086 23753721 24409626 24777716 22462936 23758599 24779010 27490323 22982337 27175944 24838981 23062912 25099807 25675122 24813318 23610651 25187405 23391145 25753051 24741625 24075196 23952823 26925819 23143198 22242729 25189629 25579480 29306346 26686323 26682176 25646369 26203470 26153942 25238256 25443222 26740276 24725983 27633313 25552138 27127215 22436217 22884378 24298455 23664472 25127707 26032220 24416190 25206112 24171698 26202857 24752084 24817879 26784159 22467048 24372132 24298678 24879952 27383017 24732890 22378996 23607827 26513783 22990476 21767684 23296813 25553535 24997997 22864737 23566440 24978968 26179906 23198477 23001645 22732390 26709038 26728132 22904521 24576845 25544076 21548427 25124630 19994002 
28801717 29624086 28447747 26647926 27964240 28553740 29281152 27489161 30584266 27128865 30521625 27308712 32055832 28586722 30699079 28577296 26253669 27884455 26177338 27837322 26757733 27146631 27693994 27352502 27064517 30164540 24029461 28043847 27085013 24493189 29050898 29579070 27084893 24784697 27214046 22985194 29641963 25515798 27653198 26375594 31114924 25363987 25813851 28101140 26870486 32380902 29203799 29290215 26731825 28420858 26960962 29095668 29159939 29734871 27631675 31359361 30034015 29097688 26539838 26895894 24368318 26515669 27573984 27949535 28678729 28649147 26777898 31138632 29714704 25738375 29740891 26175885 27865726 26131595 27221638 30456771 28710739 24032899 28855772 30527983 25472207 23052384 26058951 26215276 27803073 26436694 29248138 28294358 27504577 26622184 27651711 25771107 28182138 30579903 25293368 27651905 29066204 23319483 26869431 24126130 
23355855 26681695 24227083 21208164 25073610 24130690 25311302 24562520 25952517 22882927 25097263 23407666 26427335 24306473 27103644 24882348 24428782 24179970 20188403 22882900 23849918 25475854 23584334 22977014 25357002 24188310 20053207 24420739 23352578 21520821 23777379 25486041 23011125 21281485 24537390 20288190 25578842 23935512 23844764 23446651 27245191 20280427 22152992 24869187 22508347 27908169 26242462 25072931 25432671 24018949 24344309 23854894 25461676 24704014 25005541 26035570 26329484 23057260 22047779 22674159 24709070 24617708 26397050 23423878 22981913 26300030 24230874 24844020 24401666 25754615 25692016 22798688 24843810 22261066 24026889 26062226 22810309 21767734 23114648 25964907 21707588 21317870 22949779 23683699 25214041 23527364 22829424 24823173 26406590 22095814 22970985 21913394 26736525 27182216 21106703 23838299 25318903 21566038 24032822 21806065 
22627491 24390646 22490731 19305501 22916718 20780240 21600568 22222879 23474071 21131931 24140469 20803731 25509014 21724312 24031133 23092111 19963126 22631852 19796123 21785776 21562400 22042650 21534392 21661374 22433546 21106743 17018643 23638256 20583343 21063133 21223531 22905092 21040207 19070587 23172692 19580340 22718559 20959404 21707527 23448185 24135567 20047572 21238999 23232909 21447322 26070593 23870273 22914253 20699673 22796937 21614876 20666741 24578945 24023706 21785228 24593919 24845886 21617409 20663256 22498976 21476495 21900925 22658155 20894644 22021307 23728348 22034206 22972259 23452067 21546306 23379642 21371675 20076088 20046099 21939611 24233215 23596732 20137061 22392672 24379449 20517751 18750215 20539956 21005115 22356976 22020969 21312044 21495011 23249941 20549957 21782553 21906002 21785738 24512210 20301736 23433890 22034613 21279643 21730946 17638315 
25947590 26186307 25236875 23440845 25106253 23567846 25198306 24555981 24083961 25783275 26846902 24531065 26449808 24592465 27023592 25295740 21776195 24640186 23830992 25044045 24006646 23784434 23157241 23500120 25622200 25603635 21407998 24356857 23850184 22075127 25141281 24343840 22968452 23064899 26292916 22497101 26471094 22283249 25916102 23881938 27399053 22467743 22297213 24773970 23762941 28800149 24710954 26328454 23648461 24979259 23694662 24587049 26589049 27278462 25753137 26918331 26797935 23716033 23283504 23804798 24363500 24785123 25578636 25814671 24683256 24820451 23352399 27164456 25008187 24570360 26197332 24106239 23799279 23644682 23932707 26618211 25881893 21294802 24420876 26656560 22455465 19692426 22448573 26001689 25531471 23223739 24388668 24352777 24646180 23569441 23699741 23706286 26441996 28037611 22676561 24550718 25979151 20279577 24070260 20082445 
26376173 24808001 24817336 21001859 24109097 23284132 23617822 23962268 26040747 24569733 24513527 24184914 26764764 23453698 27653044 23946774 22961745 23928872 24457321 24388293 23648845 22396379 22803670 23237995 23784841 25301924 22331582 23291109 22315676 21377645 24538833 26534269 23785349 22681770 25344949 21887686 25548879 23126709 23816892 23282948 26448035 22118336 21659413 26509480 23358065 29828286 24045313 26051665 23162598 24880183 23336942 23818544 25583982 26104146 24679407 27947320 25262179 24232601 23305664 21729782 23031731 24310578 25680018 25328602 25368800 24827887 23493755 25909753 24531989 25078257 27516218 23472947 23165383 22900670 24852597 24531207 26840019 21415504 24624074 26773996 22649723 19721897 22626203 24545206 24097635 24062752 25030926 24358842 24862086 23983297 23424994 23018963 26238249 26753746 22509877 24388181 24834633 21760428 24598837 20848717 
26625445 25870470 25457420 21821355 24771896 25198772 26072578 25532084 26123565 26140962 25663548 23529382 27106580 24654592 26106064 26036336 23337379 25452899 23960728 24322866 24472436 24667085 25055027 22920907 24519072 25472804 21447065 25539917 24575797 22838425 26191280 26273864 23229420 22103077 23360076 22288094 25626448 23360701 25567315 25430983 28565289 21111893 23065939 26030834 25134349 29462167 26921402 24895836 24913509 27934346 24355767 25083373 26339836 26470438 24711758 27482915 26021148 25562924 21069499 24240861 22918249 24728565 25028238 24643545 24043529 24660362 24380662 27209770 27148263 23919601 27197459 23055581 24800482 24638343 25218351 26930727 25704837 21698986 24079776 26976684 23245850 20896172 22610743 24926854 24710767 23553361 24297878 25059895 26228296 23416838 25440846 22723802 25369203 26867217 22215713 25959908 26403217 21484096 25125229 19917767 
25971820 28054286 24835536 22366056 26682983 25208169 26056711 25725204 27443884 25120015 26575984 24508568 28258474 24867454 26760636 26370475 23218171 25515591 24010182 24402516 24648971 24987365 25474685 25075309 24474854 25935779 23950780 26082354 25398594 24514528 26467006 26034130 24062191 22804523 26033439 21834844 26737440 23605864 24396305 25279226 29079078 22697693 23088837 24217288 25754310 31265691 28261671 27045718 24675078 27726542 26443477 24740512 27104320 27170430 25492471 27027017 25993547 25809889 24107725 23212793 23872226 24973438 25887008 25904694 26144800 26287001 25975699 27875234 26388834 26500893 27805322 22979715 25469483 23996529 25109471 27458711 25618914 23405197 24842995 26650273 22411791 21502165 25167473 25318571 27124412 24834032 25297870 27558002 27626406 26627513 24975164 22803691 26779399 26712925 23991848 26304909 26742667 21058118 25057468 21778019 
24543496 25282504 24748053 22956648 26371798 23977974 26637224 23126258 25934845 22550219 24848956 22602193 24289451 23963426 27122903 23694074 23252833 23859449 23988797 24283305 23796189 24035580 22089693 22732091 23842846 25121350 19628865 25384565 23759395 24634614 25253199 26110059 26096432 22612986 24626061 21812738 25438434 22822199 24487234 25352264 28689080 24456134 23784803 24201311 23471867 29236702 25434899 24404856 24640060 25218276 24389662 24667009 25319181 26915661 24803761 27123067 27785551 25479650 22659901 24260380 22879908 24459306 26478939 23498068 25648857 24696498 23264923 26512033 24185900 25383408 25116130 24305579 24888759 23596529 24157955 28000130 25171742 21741521 25031826 27546783 22956033 21090690 23965922 24038409 24005827 23175010 24495389 25207655 25604495 23909597 24486399 23142109 27030388 28706844 24715917 25173254 26297955 21663956 24751761 21497378 
27304473 27199494 25681594 23152512 25461073 24699910 26432502 25634251 26873151 25141256 26902533 25064365 27026516 24117743 26893601 25230121 24346971 24470116 24851044 23825629 24060835 23929087 24472752 25192431 25565707 27049355 23320475 26029115 25508851 23846104 26261516 26729285 24580239 24708256 24309220 23364452 26512686 22836299 26009904 24401258 29957189 24371139 25321646 25143219 25259955 30117051 26692773 25918173 23467333 25793612 25108042 27337982 25777248 26855739 25136534 26399918 27987299 26370506 22912628 23862869 23269015 25988303 26604600 26281305 25713430 24988716 25098965 27693764 26237716 22773432 28359970 23729716 25584587 24481953 24736358 27491766 25766713 20641081 24228217 27069962 23369128 22150975 25206832 25473256 26194909 26644363 24919489 26153286 26175844 25178057 25753049 23373497 27136403 27582297 23652501 24184322 25285927 20857568 24177655 20448542 
26468083 28621545 27245885 23673815 27357754 26452149 28351092 25562131 28254242 25315028 28756976 25072375 30140315 25846763 29079037 27207479 25940732 26249414 24165205 25365443 24745696 28333237 24825561 23213413 26525291 27333526 23325221 28177516 26451154 25877110 27387766 27611703 26258602 25028850 26171265 22692760 27621386 25676481 25466237 27977088 29358008 24379833 24048429 27786619 26181394 31386388 28702388 25683605 26418310 26542362 27763516 25144289 26462792 29475729 26456095 29596864 28314559 27943372 23870141 25099310 24775472 26220110 30208356 25961395 27718724 27803414 26886032 26594017 26778373 26986317 28363569 23696329 26813872 25321401 25745379 28638384 28389429 24147255 26209317 27544473 23560257 22136072 24628529 26756160 26271565 25605224 25772394 26307312 28208836 26072729 26783870 24430015 28299623 29341691 24712581 25836288 25943913 23937189 27661244 23259438 
28514770 29799204 28850398 24939407 27489887 27678125 27273919 26955752 29002501 27963253 29759896 26697864 29385207 26726242 29802713 27912785 25649004 26641224 25796576 27125935 25709492 27567534 25887764 27389940 25133389 27391951 22677634 28702391 28079155 23460435 25604939 29326622 26493901 24575667 26582167 23110678 28198704 25258920 27646458 27171114 30736418 23492275 26643407 26688041 26566195 30936468 31148623 26723993 25859030 28427498 27032124 25267148 29501260 29876042 28252807 30377277 30677477 27345596 23966544 27927499 25983989 28213623 28520930 26163183 27345028 26983566 26742350 28442685 28715936 27243614 30282435 25261606 26467877 27177607 26541444 29726685 27806159 24275122 26589057 29328827 25831110 22738849 26010645 26570762 28343470 25374381 25837692 27222657 28130351 25821375 27225272 25716047 28603288 28826968 25381194 28244527 28411833 23208000 27606785 23173222 
26109472 26479863 26424049 23153696 24858176 25605443 25449934 24751147 26036667 25804813 26101245 24926228 28142381 25081121 27369432 24511436 24097352 24493611 24180868 25337963 25101843 24350743 23321397 24454050 23745923 25109531 20694459 25973028 25283130 22694053 26136855 27528834 24726108 23091200 25514169 21259276 27269688 23658115 25462893 25078638 29859000 22808520 23401205 23431882 24971184 29499295 27655758 24484409 23609757 27450298 24122651 25542358 27045747 25379631 25535288 26939310 27099796 26066203 22300507 24672543 22912325 24937738 26269837 25252969 25003072 25086830 26319823 27856547 26254139 23976944 27342541 24210566 25625585 24270845 25117527 28447174 26375738 22474402 25364000 28370494 22491224 21226862 23288414 25428396 24750186 25530864 25993099 25956720 25384128 24031587 25984828 24367400 25639479 26849233 23221378 26639341 26105677 22752325 25213950 22163300 
27180583 25884400 25834782 22563195 26279286 25476161 26999077 26698777 27359586 24921370 27441273 24220293 30322422 25467249 26771319 25417162 24724238 24961872 25094392 25806128 26316437 26595980 25420854 22701031 27051231 25221062 22836502 26059168 25418134 25033424 26767751 24988994 24932745 24180086 26940178 23224234 26072390 24415620 25429314 25446664 27402027 23451879 21945643 26952521 26338074 31027904 28156292 26721603 25927995 26701961 26181481 25844919 26236509 27630430 24958579 29564734 27085928 26294237 22252227 25021110 23851733 25061823 26941665 27425250 26678873 27433749 25530693 26777904 27512468 25596454 27283583 23378459 25081202 24394235 25833610 27462608 27544830 23708461 23681002 27772135 23196140 22437657 25422385 28259062 26463489 25431950 25573036 26415179 27058599 24924883 25093274 23504662 27778248 28482421 23357386 25249187 26703878 23721455 28270042 21146748 
27436450 30800839 27841959 25306218 29010752 25541987 28975176 26434097 30586201 27739040 29807544 27447235 30936499 26665496 29801947 26283918 25274222 28763570 27754974 26067075 27878395 26141367 27799802 26605305 26714762 27706007 24408606 29832074 26045431 26095629 29596895 29653350 27390442 25566904 26418414 25059854 28637687 27094211 27543620 26464989 30888148 25319318 26660130 26960242 27912782 32663211 29901591 29173297 27481958 29428916 27963853 29400496 29500391 28982245 27050352 29983064 28657372 27225117 25402931 25984800 27338696 27017301 28458731 28163442 27002156 29183561 29615402 29802842 28606415 27693235 30593721 26714104 26953976 26185766 27322028 30491107 29339706 23168685 28453731 29802491 24980461 24424031 26263607 27501375 29080396 28058309 27993435 29370714 29133522 26448809 27739567 24847148 30455936 30226405 26032029 27540465 26632017 24976023 26846037 24739351 
25699554 26963973 26411991 22969475 25825631 26236697 26965851 26108012 26981461 26048397 27828480 25250407 28687316 25308399 28408057 26539279 23564535 25781554 24962080 24358486 23887232 25216964 24667786 24862643 25512148 24258863 19798764 25802178 25674730 22369828 25427661 27367015 24875610 22833198 25174608 24716317 27232983 26860191 25894001 25375122 30915978 20557914 23250142 24768288 23997698 30592425 28839839 25530249 24687484 27518821 24827351 25702239 27596806 25779441 28939518 28977325 28184171 23555479 22261055 26355842 25489873 26069220 25169686 24415606 26380739 26027099 25858762 26787758 28422047 26454698 29680606 24735291 25780510 24422170 24856606 25932878 25606006 21754890 26339070 26842401 23465553 23020857 25465133 25855331 26418856 25948127 25889786 26083232 24806074 23752997 25211388 23525933 28373265 27063186 23743555 26116784 26512512 23372112 26117321 21247716 
23928730 25931318 26373303 22896224 26067705 23849561 25260950 24469580 26988537 24884242 27767786 23325873 27438155 24137667 26825279 26415962 23561696 25006758 24375921 24876036 24984073 23837345 22928558 22032023 25009701 24392132 20815463 25961570 23944958 23453931 25491309 27527085 26009496 24279652 26692484 22882265 25888541 24005956 25182605 26098642 27913400 23055964 23545122 26312106 23351327 29949735 26757477 25355279 24654318 25373563 26074802 24191053 27593202 26146585 26629647 27465872 28257767 24627435 22895513 23794529 24388308 25014025 26197947 26447250 23982835 25600349 26026849 26062869 25617463 26002718 27651624 25217381 25445754 24282714 25480657 26744927 26839734 22645777 25704826 26011684 21723981 20983688 23064560 25542280 26576099 25529376 23516801 26505912 26865211 24848949 25655740 24155502 28120965 26829705 22618815 24830699 25285269 23812571 27132153 20970674 
27005131 28459125 27666782 25287251 27276026 25153506 27923815 27240870 29448966 26549110 30501243 26910066 30869256 26769853 29559290 27122654 26213989 27397312 25895739 25216648 24704305 26415912 27713449 24555440 26900992 28346170 24834264 27123361 25279230 25840445 29167394 28200826 26561623 24930341 26540434 25174075 29024197 25940780 25890900 28032705 30010093 25358429 24809369 26256467 25603380 30695790 30081063 27828839 27178656 27964722 27856249 27403498 27190284 27955544 27871601 29348535 28546112 27026505 24780710 25069800 25643800 26636218 28147513 26654464 28051680 29636977 26394850 30222304 27424003 26266053 29213137 23801699 27559586 25598666 27100888 29097881 28378660 25187275 25816953 28619525 24921095 24047225 26145404 25794073 27970635 25719905 28919759 30084323 29645728 27652105 26566291 23947358 28479399 28682573 25069680 26243579 26743232 24200440 26358168 21956197 
26276361 28623455 27355830 23433607 27486543 23796201 27398645 27804026 26773673 26221427 29081047 25482915 29729045 25857137 26973921 26934247 25222324 27069743 27432828 25361789 26047795 25333511 25851473 24606041 25228409 26516526 23982605 29287675 25093571 23981096 26539094 27505952 26978743 23938832 26055333 24752769 27044348 25560071 25402819 25479385 28771349 22424785 23605242 25397183 26421649 32726472 27948469 28533052 24801911 28846237 26132986 24378984 26399001 27744905 26150288 29737083 28292073 25829608 21595675 24683793 25479254 24849747 27287104 27893549 26250212 26105958 26587869 27120447 28724625 27052531 29124040 24197703 25920856 26073871 26591285 26946781 27726064 24166217 25479849 25798709 22815152 23440022 24532411 25084214 26598729 25243713 25848418 26974703 28766515 26044239 24468466 23137514 27598546 26659519 23916402 24806047 26203567 22917491 26186164 21465011 
26174687 28623771 25204043 23929917 26313475 25008043 27739986 26847266 28548805 26310814 27243040 26057890 28098832 25509236 28076983 27157199 23980571 25553681 24391759 26753649 26578276 25161871 24279890 25588133 25715715 27440282 21476530 27475763 25872654 24692657 25061495 26647188 26473229 24256470 27751452 24705055 27628744 24799093 24807109 23403365 27862382 23021267 22701139 25549970 26018267 31247888 26186217 27737980 25442473 26257949 26989832 24820313 26215560 27791807 26657177 28809695 27271134 24273582 22876723 25088973 26533774 26603156 27522669 26200715 26067752 26327621 24609739 26776715 27395847 26121013 27402550 25232196 24382569 26777943 27331762 27817437 26750078 22708460 24217460 28691980 23937369 21846501 25196975 25091006 26916776 23743399 24478156 26111818 27315268 24112295 24775649 24621371 28695958 29629660 22741458 25618896 25619779 23133005 26497099 21739588 
27274704 28197865 27441224 23297520 28846402 25692409 28533506 26571370 28895507 26245213 28051137 24975247 29249028 25371570 28193352 28227795 24742286 26421006 24525180 27102340 26645357 26796615 26198762 24642140 24702082 26506723 23277505 26893079 26348104 24717561 27169941 29304504 25935491 24445716 25302423 23039758 26840352 25908345 26430318 26035748 29490618 24707600 23845860 25493230 26413532 30618434 29529183 26995207 26376952 28600290 27784710 25638234 27251867 26999103 27650091 27606114 27146201 26852108 23268554 25432366 24231719 27080313 25841661 26064571 26355976 28077858 26620344 28884941 28017024 26473612 29055448 25056700 28253476 26460106 27166515 27633554 27416625 25029918 24883317 27869425 22965275 22155287 24709313 25925502 25436506 26393096 26624399 26903996 28605656 25468458 26145006 23310574 26680226 28029158 24626724 26144757 26710256 23337116 26321008 21609317 
28243001 29708962 28317488 24764900 27923949 26824968 29308462 28128041 30349065 28302022 30948257 27384823 32946678 27487711 31257363 28540643 26733555 28435955 27000103 26308457 27537575 26634695 26007114 27707385 28429391 27985574 23454168 29048543 26736683 26154561 28785138 30787227 27196062 25283755 27945679 26208133 30030096 27049403 26543522 27181028 31418990 23969556 26314359 28244393 26789861 31838878 29962583 29019972 27830427 28257282 27539438 28865794 29282519 28934986 27698944 31953215 30112108 28398245 25035284 26988581 26849120 28338911 30440573 27060640 27366945 28158327 28755484 30290852 29059681 26254889 30917565 27296807 27085747 27460773 27526099 31150534 29577114 25101448 27186106 30181770 26789030 24281182 27267146 28377215 29739805 26883259 26731866 29894035 30530715 27427267 28624034 25590100 29491409 31507981 23978141 28142897 27529104 27533693 28458394 22252345 
23911118 27190828 25834166 22846681 25182941 24398145 26046728 25176480 26748420 25790186 26668712 24845968 28364153 24166971 26192054 24763956 24861598 24286190 24018559 25241265 25585206 23552285 23866329 23620495 24283651 24147835 21314820 26804597 24133606 23119829 27041470 27871976 25738558 22044244 25599620 23313629 28535631 23298438 24356039 24121804 28341900 23255598 23186776 24960347 24759683 30299720 27049340 24945388 26766162 26490229 27050984 23881779 24976765 26196632 27661237 27472740 27451700 24046893 22647405 25013667 23662796 25324706 26109390 23827245 24397960 25021323 26351199 26881104 26852752 24902409 27957220 25168589 26355110 23520652 25375185 27379971 24744079 22100106 24661818 25436282 22768933 21578559 23513564 24394713 24609211 24926697 24695766 26926275 27003037 26429088 24052140 22156621 26834671 27925404 22871665 24071168 23964682 23960692 25781812 20674667 
25391771 26265973 26146349 21596420 25597350 23446715 25458050 24684311 25987898 25618994 26207285 23635331 27634288 24950854 26473333 24885871 24664338 25757676 24026230 24080912 22111039 23417557 24129083 22158659 26025575 25594983 20654561 26171283 21674145 24216028 24495804 26041817 23410243 22647888 24560076 22104762 25193473 23168235 24870795 25009616 27154339 22896741 24575958 23906499 22990748 28604503 27197762 25522834 23456767 25465935 26521727 25673174 25594001 24852930 23076486 27179536 26024218 25155101 22523075 24018477 23217271 23551159 26992792 24961104 24976050 25661029 24145385 26329258 24468719 22197748 26109844 23008414 24321847 21759358 25229139 26903698 24388571 21028326 23977323 27552269 22829996 21823237 23148493 24494673 24690632 25157067 23337525 26385882 26014726 24053530 22219503 22236988 25303614 25365738 21880127 24084228 24825062 22497166 24991989 21453568 
24730171 23900849 22740525 21276588 23813729 23910819 24554365 22347129 24233751 23815227 25327756 22100996 25475651 22111640 25774993 22448641 23242295 24163401 22930117 23633346 22656606 23113564 21643864 21716442 23510359 24874944 20819310 23528284 21881068 21721453 23755705 23464163 24173194 21009379 22439097 20128139 25465167 20692990 21612487 21745781 25691613 20991414 20448717 24609340 22124101 26468161 24948355 23374308 21584762 24504919 23870259 24819423 24035678 26624404 25066491 25326528 24313926 22222235 21391040 22721161 20856051 23671725 25078943 24061932 23887449 24716049 22389378 24993880 24155366 22961165 25440950 22678510 22493968 22462167 23365037 24328009 24503399 20712538 23249539 23912439 21312600 21891247 22131255 21951939 21825960 21582227 23273678 22299512 24040448 21123369 23143672 20094992 25307502 26276840 20599578 21708062 23224625 20506726 23492666 19864072 
28146442 28400014 26157718 24491713 27712456 26267590 27398339 26137703 26812831 25989131 27511893 24371987 29042492 25691381 28478699 26649725 25477935 25505786 26013337 27292883 25108190 26446840 24620410 25174290 24100012 27907175 23254281 27632094 26498662 23550670 27470883 27170422 27056592 24119777 25735056 22530245 27623794 24457300 26948675 25514454 29161692 24180039 23782330 25148843 25404991 31908881 28689356 26776233 24588095 27997278 26744022 26573521 27568382 28135472 26663396 28087654 28904013 26367229 22757970 25769439 24933205 26004862 28176590 27685358 27011577 26127760 25423730 28849622 26333779 25824618 28708820 25068589 26607540 26473099 26368838 28844390 26554024 23212635 25496155 28266339 23837031 22280120 24365010 25021541 26878479 25678014 26414527 27308926 27741391 25967964 24294915 24881503 28247641 28673696 24154890 25037077 27692573 22221797 26161008 23189589 
25197389 27946109 25537333 21757155 26611276 23126509 25200944 24429504 26404211 23854272 26778556 23165745 26906181 23301994 27566823 26399902 23450816 23350894 22212579 23716448 24740083 24116639 24360987 23905738 24597695 26009144 20112695 25371508 24720319 23245857 24703904 27525368 24988563 23837362 25152465 22885933 25794614 23851947 25029631 25303008 28989849 22344479 24117922 24110515 25120966 29678594 27466597 24298713 24791081 25804853 24951774 23547811 27177439 26003869 26083120 26620637 28172843 24919738 21394383 23334366 24117765 26631222 27272808 24993311 25035852 25291134 23267719 26319209 26058008 25396254 26895734 23177515 24816965 25312565 24702404 26966148 27599948 21629066 23244166 26810132 23178352 21325105 24654765 25089016 26826125 24145996 24019377 25889332 26366891 25107520 24430184 24294462 26917998 26648682 23827047 26358554 26106648 21000227 24656319 20814341 
28601026 29440477 28463946 24063374 27952501 25381480 27588041 26364431 27450537 28731482 28830496 26663978 31100332 26752153 29158410 26987203 24861388 26543337 24895898 27554175 25385325 26983622 26357870 25490188 26050202 27496618 24617840 28844939 26365305 23981533 27932948 28413583 25040724 24835218 26347137 23897983 30167860 25072873 25935102 26907609 29394386 23228115 23828344 27534307 26741917 30577024 28276710 27199813 25221878 28573699 26718609 25053733 29766600 29480237 27095833 28736176 27957497 27077748 24903474 27082400 25830630 26332187 28016579 25496206 26561502 26961526 26216426 28134352 29109900 26510098 28996232 24827383 26569568 26610298 27425610 28652041 28855987 23439631 25997125 28125065 23530982 22203789 24385702 25567192 27420973 25833190 25925704 27411586 28281061 26791632 26445020 23984173 26773006 27934251 25582180 28541193 26211485 24243253 26145100 22544646 
25940516 26649436 24804370 23682372 27064030 25626260 25979430 26420277 26538184 23798814 26447761 22758342 27523533 26010783 27282625 26202577 23938209 24509003 23005909 25021263 24767545 26486225 24573707 24640895 24261733 25247007 22722877 24335681 23671514 23363994 26514387 26029964 24170877 22535445 25460139 23570913 26139415 23683748 23517626 23940722 27745088 20920168 20903437 24718576 24110114 28973586 26551049 24359480 23922120 26906584 25256498 23536797 26725803 27371853 26576446 25630632 29080175 24339512 23704305 25063277 23184228 25637634 25204453 24607166 25723322 26153076 24674911 27912563 26740627 25966751 26646778 24601995 25668634 23236551 24384434 26562490 26383321 23378326 25263165 26157218 21695528 21465824 23915369 24276184 26613772 22808396 26168624 25990665 25693444 25639402 24777025 22153934 25065039 27270601 23991456 24044819 26376820 21304902 25625624 20322720 
27026634 28865685 28056752 23171446 25730764 24239380 28050247 28112104 27180046 28109240 28805201 24764517 29869207 25488836 29436870 26332760 24526081 26665224 26453749 24972305 25987675 26376731 25087316 25198510 27374188 27807762 22961255 29334038 24564514 24707732 25887586 28687330 26571271 23349477 27426880 24435260 28212417 24609562 27259569 25337851 30187171 25221278 24012039 27347553 27021558 32270817 27229462 27672194 25258118 27082074 26717617 28106591 27694521 27170173 27010460 29004375 28542826 26187986 23386787 26377114 26998760 26431730 28142058 25782848 25040610 27027458 26347654 28145056 28115688 25358240 29403704 24887904 25612450 25827841 26501430 27960670 27610782 23246825 25720502 28606604 24199460 22918197 23600739 26605906 25716409 24936394 24494279 27300519 27283434 23397063 25879639 23963451 28631664 29166281 22530346 24928501 26646858 24478402 25608738 20667884 
24335461 23185124 24351933 21414510 24070269 22047186 24674104 23112777 24872218 22896154 25124802 22848597 25364797 22678140 24707066 23334938 24194458 22666651 21631032 21656348 22824280 23510621 23553340 21511544 22281579 22146783 20429395 24647941 22868452 21519647 22631404 26073416 22632318 20579289 21820488 21273198 25123351 21346311 21915700 23420513 25434932 20741347 20607935 22929952 23355853 27798450 24413811 23765277 22574031 23111572 22952188 21532473 24672586 23019569 24322980 25241369 25304316 23072581 20413298 21558247 21077459 24549248 24560160 21153117 24248745 22269653 21165729 23191347 23417147 23890640 25074942 20758336 23127235 23494749 24451975 26465458 25461485 21675220 22132764 23910904 20360700 20545396 22400194 23109286 23285859 22700594 22128911 23191074 24883577 22592835 23212313 20480342 23537281 24135694 20513063 23786039 23044253 21525205 23034039 20006601 
26139809 26865037 25047145 23679168 27806836 24816333 25514835 25394911 27222941 25254339 27185111 25984054 27427501 25025471 26970265 24372807 25660176 25692544 22993767 26008030 24180050 23582803 24619510 24305374 26043031 26072747 21994695 27176974 24843901 24878073 26437374 27049134 25358024 22802251 25158778 22300444 27691710 23898085 25514793 25231860 28059162 23215024 25381054 25500017 23069824 29537890 27221823 25371246 23726918 25931641 25249275 25774398 27703519 27384792 25310525 27775323 29253146 24633140 24072228 25316856 24964016 24586747 28414112 25434611 24856765 26132177 26597306 26670192 26487236 25610619 26645909 23956347 24927805 22944917 27113467 28378032 24787680 22772177 25758231 27470752 22775715 22163751 24313459 24333192 26476545 25432938 26577236 26612644 27249897 25154957 25235764 23806802 27241632 27911728 23665526 25642125 26319814 23301209 25241435 23061560 
23637187 25300349 24332709 20903297 24204797 22552875 22401726 23768225 23775797 22036344 24958635 21607756 25382423 23204559 24693949 23761114 21282837 22939066 21510267 23666720 23853783 22661620 22723334 22025951 23468425 23707794 19365975 23293891 22378258 21097280 23810617 26774788 23257123 21257859 23441947 21743911 23442837 21894298 24008460 22216390 25805305 20635938 20789604 23741542 21600709 27940944 25181482 23080208 22743914 24852279 23326977 23693868 25698745 23532829 24736561 25932370 25745089 21655211 22051393 22413249 22167902 23763631 24662096 23290031 24420568 24201489 23221585 24155680 24971019 23875021 25363869 22500671 21350499 22723103 22665754 23636003 25520942 19816612 23848145 25876369 20013875 20130899 22385223 22910307 24367392 21674276 24114355 24010664 23868052 23065965 22937615 20775501 24588556 26324025 21886844 23197999 23522616 20258697 23092772 19729501 
25194445 25319517 25801932 22348253 26309503 24938021 25268472 24175335 25075371 25145001 27432697 25611596 27124847 25635014 26575262 26057075 23097576 24785212 22124146 24268697 24854647 24318594 23980137 23885569 24882219 25549291 21061029 24431246 24154133 22841830 26045627 26117105 23849191 23310952 24164866 20941621 26704298 22974400 22734217 24417092 27925860 20305378 23809264 23318913 22136080 28731277 27508036 26261149 24485139 26223349 25190495 24726701 25599349 25590434 24795046 26635432 26239104 25362451 22486186 24073762 23106390 24916864 25621658 24405023 25051214 25534587 24153912 25821675 25532680 24497778 27660069 21548239 25960283 23425190 23773442 26131726 25119244 23096343 23793507 26024158 22240485 20306509 23474316 24776359 24294531 23533618 25548701 25901048 26324891 24077047 24700805 22669219 25548728 26935098 22332631 23536154 23997811 20955097 24982695 19686840 
27402373 27630536 27508076 25169601 28047267 25322495 26826193 26643529 28464107 24806100 28450929 25144101 29815306 26240424 29478267 27766673 24810081 26496727 24460145 27657237 26023930 26574414 26259718 24935524 25497353 27357014 22559660 26879813 26155773 23957560 28012868 29255392 26555571 24430272 25971615 23136125 28275232 26582376 27483742 26546917 28943640 23375717 24384180 27902294 25053439 31570272 28547243 27430569 27072048 28170377 27077432 25295572 30026153 30101853 28214992 29523409 29040676 26282845 25241177 26089082 24954211 26211548 28747379 26317510 26701995 28797211 26302020 29008669 27117697 28871804 28974076 24311463 27913661 25535113 26906807 28628086 26790269 23829132 27665280 29999447 23488066 22073554 24287012 26230578 25881111 25740013 27627564 26644374 28038744 25903429 27248477 24242581 28208162 30127350 25242230 28325916 28078970 24077129 27032804 22459651 
25095912 26167831 24696373 21912010 23941676 22297087 25146743 24170434 26033379 25414163 24849068 24568126 26481716 23590574 26587493 23819922 22580626 24425352 23077087 23654324 23752612 24567568 24140251 22805994 24575879 24446287 20717634 25077473 23922670 22489341 24821815 25391330 23171481 21982665 23649834 21030347 25829237 23872537 24012210 23661035 27055615 21028076 22949689 23600858 24576495 28776032 26143314 24102285 24935419 25879895 24299336 22742691 25233595 24829538 24097360 27070222 25589778 24108052 20731210 23837016 23089804 24823642 25212037 23662281 23645291 24668091 23377610 26075624 25202335 24548441 27468010 21065152 24596481 22567949 24020436 26134469 24632808 20554911 22544825 26264633 21370797 20031756 22951753 23766528 24319032 23802650 24477089 23959456 25808988 22222038 24056555 22615610 25632732 26253739 21849922 24203484 23805134 20947302 23026252 19098715 
27854546 29524133 28834475 24518613 28966778 25687773 29065340 28812221 28443407 25512539 30523758 26819892 31438003 27573246 29829319 29374902 24706533 27760308 27090362 26997213 28139077 28244839 27222284 26070023 27799387 27300323 23226962 29375381 27151823 25169942 26717250 29891984 26540215 25425103 27882575 24224391 28519528 27085575 27950545 26581480 31801945 23845088 24665873 26179483 26193089 33051717 29390567 29332882 26136934 29166162 28096784 28523513 29339331 29449344 27974637 29613815 29583647 27010859 25700343 27537300 25066914 27276983 29196107 29038355 27949130 30377778 26700642 30603904 28892732 28139849 29126868 25624648 28051571 27388215 27446662 30201263 30231758 23045759 26568789 31357886 23800093 24835667 28004045 27506938 28067416 26248018 28150220 27477974 27857015 26174224 27557324 25070288 27261589 31448453 26899424 27616110 25947213 25293317 28370898 23179666 
28309387 28104427 27150924 25682788 28517968 27212535 28275924 27704223 28811236 27849803 28650329 25756028 30637247 26621703 29501668 27960620 26519938 27933113 25666320 27238988 25968768 27384204 26597108 25503869 27649154 29310597 24142849 28910564 26855971 25819735 27572849 27901328 24977399 25391083 28321761 24232719 29173982 25012889 27315057 27946804 31168714 25733554 24450198 28435426 25706529 31764939 28333010 28863138 26716696 28668170 28799153 26385791 28797731 29657147 28164443 30046024 28749178 27031710 24827163 25091469 26754885 25754810 29131069 27079570 26774814 29621194 26681391 29389758 27767796 27621358 28451039 25733751 28522225 25510498 29327032 27965045 28648996 25536043 27264035 29870925 24052271 22968989 24800333 27104663 26941598 26147603 27399533 26627560 28635288 27857157 26954421 24133050 28997683 28396353 26480900 27918587 29007349 24727337 28387448 23597829 
22935374 25289188 23518843 22064203 23035360 22748705 23301265 22589684 24271260 23728259 25563860 23477544 25449275 23221954 24929578 21738881 21510687 23666952 22110390 23563897 23318701 22011358 21294424 22424177 22832999 23343621 20706840 24124352 23829497 20672884 23580777 23901791 22396917 20289151 22910874 19447366 24769121 21476258 22581014 21658311 27292379 21204876 20252818 22258931 22657038 28212864 25332105 23956760 21241589 25133297 20943004 22939998 24930714 23820314 24234605 24230956 25569127 22694488 19480425 21730816 22062813 23573328 23570761 24310176 23047878 23237937 22977216 23524545 25382410 22736148 25597980 21034043 23011250 21880274 21994209 24660854 24910852 20470722 22706932 25279728 19064054 19467697 21674301 22692129 23320724 22967799 23399027 23131767 23202722 21667416 22275471 21991057 23602506 24361677 22277405 22583899 24153992 18669442 23234671 19739165 
27808460 27687345 27684142 22386403 26615366 24235810 27167002 26083990 25562044 26417151 28002811 26278185 28973108 25888167 27839109 25353374 24298544 26098719 24725180 24171257 23171398 24543420 24858252 24741405 24921128 26504325 23014659 26736354 26194204 22015847 25369642 25663208 25572932 24228271 24083271 23109750 27871861 24157189 26158851 25389884 27818707 22979814 24540360 26270883 26451926 30462641 28296554 27889855 23688040 26928596 24302708 25135445 29205096 27375068 25925938 27986815 28186797 25814807 22324188 24493378 25313037 26429347 26976075 25823775 26284158 27170281 25006747 26920432 26613051 26462734 29345321 22598149 24989247 24437973 25592189 29439673 25628281 22790661 24415948 28241555 23910983 21486487 25010245 27089046 26664498 25467143 24903916 27749836 24860705 23520142 25506531 23770476 27385772 28149001 24076328 27108705 25804267 22702468 26963496 22098709 
27750396 28392640 29165521 23844342 28352619 25993562 27671886 25757948 28180338 26967805 27828030 26173989 29317816 25175377 29094204 25750180 25991581 28077583 24932501 25852046 25908992 25315042 26853410 24806805 26579951 27566744 22486375 28497482 26612126 25473697 26291982 28731717 26246561 24028871 25099388 24516344 29770083 25704732 27139775 27121395 29618721 24800141 24363831 26737670 26014291 30857814 29189301 27152629 26210572 26862198 27028952 26036605 30242224 28182460 27931248 29197902 27893488 26403623 24555671 24694413 27389803 27380379 29643434 25902198 26956703 27530241 27858274 27469896 27251993 27379851 29797817 23597569 26000595 25473912 27298046 28791401 27248524 24740641 26255435 28831367 23815003 23629416 24897484 27452001 28176092 26586103 24523213 27991790 27563167 27650505 26990143 24705575 29674181 29147399 24682194 28551166 27045284 24012836 26486556 23786935 
25895262 24810949 25528731 21889545 25630076 24380661 26864682 24801302 24462970 24740320 26944733 23823040 27128433 24475496 25549732 26440122 23627814 24427565 23863013 24910607 25102791 24478224 24019804 23635449 24841481 24063210 20964555 24994849 23792660 24666571 25801089 25868132 24759545 23270916 25711098 23405562 25328641 23205259 23890365 24128451 27176000 20599632 21870131 25734568 24350315 29897127 26983745 25771217 23727217 26957764 25044744 25527575 25064831 25459837 25891399 27402827 25581003 24335588 21725076 23565460 23881285 24696508 24298631 25409545 24833116 24695264 24731397 25861152 26106899 24341429 27049600 22508757 23552690 24978116 24567513 25581576 25588884 20716611 25093147 25921531 21848956 22529264 23482767 24184376 23835935 24861644 24111719 25471517 27369959 23127861 24080172 21881737 26965017 27519818 20655776 23819484 25098926 20417335 23167917 18202539 
26209804 26559963 26339127 22837100 25251218 25435083 26602809 25009399 27250380 25003603 28482032 24388821 28494621 26543067 27947633 27857853 24408581 26912003 25037068 25436574 25511353 25742002 25364178 27359798 26545865 26647629 21207823 25810430 25102648 24488840 26814854 26755913 24641025 24364425 25334794 23672293 26131032 24800909 24664398 25057545 29918013 22282064 23271800 24807402 25440845 30729329 27758070 27547229 25120431 26392707 26671151 25909695 26857150 27789313 25200818 26759818 27812503 26537852 22980734 24941833 24848146 25538089 27225801 26111551 25920051 26885342 26495492 28097075 27822048 24192397 27753160 24854907 27177067 23776202 25479853 27634563 25860164 23412178 25716441 28190855 21709583 21541932 23280894 24836062 26038140 25163300 25637941 26531607 28180954 24638583 25608102 23403621 27670495 27719206 22185989 24685126 26720608 22881596 25544023 21750062 
21921466 24720639 22994447 20691504 24044429 20553070 23098659 22466346 25380082 22308309 23974565 21769502 23395096 21679713 23633017 23400655 23924145 22475033 20897576 22358438 21911232 21251050 21922753 21004577 23372828 24723491 19162300 23056163 22436881 21774973 22866932 24859466 24672837 21395815 23585860 19701937 25250197 21438070 21669112 22594754 25936203 20764190 21598567 21189725 21758500 27443268 24155600 23058697 23043737 23481167 22649369 21531269 24301617 23279833 23471504 24322677 24198174 20937072 20404886 21005901 21843899 23498456 24564474 22715251 22988385 22982281 22712870 22768141 23854342 21722680 25030900 22380758 22795081 23230617 22889569 25199601 23824130 20572274 22769978 24523501 21038566 20235153 22362310 21459913 22919700 21976470 22159662 23951232 24217655 22494590 22919616 21697056 24940643 23155149 21173044 22575265 23348795 20311984 23288119 19368227 
26406935 27024992 26835900 22957749 26010014 24669324 26572130 25443840 27677089 23172671 26363334 25163176 29288367 24896350 29089761 24719335 26027507 25216065 24304963 24800800 23550786 26105126 26011253 23556140 23514123 25651198 21858535 26798441 23891767 23383672 23721133 27550948 25580395 22879487 24480516 21923004 26974709 22539295 23671526 24704434 26347881 24004465 22242498 25514499 24246776 27928579 27126243 25577587 25215586 24861890 25542714 24780657 26376062 25895655 25120859 27237353 25457456 25813196 22221391 23623311 23681379 25635048 27821593 24629383 24656383 27416027 23727132 27359717 25572398 25856053 25118318 21309824 24133403 22337117 25111078 27248969 28225363 22565716 24260801 26263636 21237795 21680248 25101436 23956940 25750638 24777666 24030375 26453288 26469055 23894915 23653790 22539096 25582903 25763769 22077081 24331272 24996149 21128391 24267683 20925190 
26758764 27088412 26599078 23804803 26797036 25678995 26463554 25151191 26770142 25964459 25185037 24916402 27794923 24248157 28425762 26950307 24589020 24811124 24999608 25636412 25409645 27321821 24155895 24818141 25169561 26539244 22221896 27087967 23292940 24349202 26656047 27268445 26086091 24515590 25503921 22654871 27579757 23497095 28158142 24708947 29336881 23137886 24485734 27671541 25327793 30812101 27066837 25196316 27100727 27364619 25061310 24847649 27481940 27261958 27120380 27997106 27739833 26775890 23040045 24512180 23504595 27114628 28374244 24642829 26621949 27277479 24672817 28924098 25088775 26357781 27843650 24949836 27642520 23824732 24103533 28475920 25931840 22340114 26309241 28528779 23444636 21951038 23248888 26679764 25923641 25729258 26797619 26071674 28155818 25094684 26084018 23422038 26658538 27360172 24188394 25672781 26780315 23540781 27438429 21996149 
26814735 26034615 24719208 22110575 25736128 24623964 26842974 24134016 26522942 24113719 24984558 24567545 27194739 24021505 26824092 25475543 23567314 23396698 22296963 24266080 24476499 25337902 24043904 24121043 23136359 24673349 21718498 25218554 24946414 22394058 23299226 26322400 23767955 22934475 24037085 22781549 26128141 23296205 23129604 23994128 27869711 21656995 22837958 24283324 24426479 27193642 26270377 25114943 23715663 25484503 23712940 22633475 26782274 26146383 25055042 26189901 26535769 24421999 22536238 23801359 24038941 26230789 26048353 22539933 23317272 24890556 24332822 26272098 26081506 26079876 26388706 22747664 24982988 23880937 24610575 26272785 25330652 21581562 23022012 26533082 21947042 20953749 24422893 24019799 23688452 23735254 23960999 23859549 26672968 22654693 24757983 22732775 25532976 26580452 23093778 26557750 24313945 21974569 25259445 20222271 
23355198 25431479 22363902 22326575 24515330 24077067 23881061 23460517 24684631 20814975 25105934 22058534 25660973 23543091 26129183 23995887 22424819 23798348 23154139 23601330 23371573 23041619 23308691 24058540 22410569 23918530 19025879 24136154 24268556 20846931 24539111 24385915 22975677 22365621 24057353 21580167 23503087 22958571 23249627 22420211 26939589 21882036 21912812 22743034 21742571 28488902 25236138 23543295 23100367 23647324 24681770 22854300 23844885 24107896 23956138 25227104 26321744 23121815 20244535 23749134 22578463 23592714 26644239 24428651 23961274 22348492 21503358 24907435 23264346 23255042 24929892 22292877 23645793 23855751 22098052 24517790 24871865 18834370 23438415 26225122 20646836 20678355 23070285 22560047 24920410 24675730 22865771 24394051 24355277 22804767 23281828 21787925 26473890 27678399 23240669 23476637 24336916 19190364 24096078 19802187 
23211637 24747891 22334403 20041163 23643101 21741577 24014398 22646231 24567043 21959367 25780141 21245774 25970412 22226978 25246686 24127382 19390650 22687981 22729337 23129225 22900466 22102682 21501255 22027324 23421691 24126487 19065073 24042884 22364801 22235264 22580282 24468626 23842324 20165679 24173284 19746544 23855977 23220756 21817156 22806201 26648204 20526431 20592788 23564976 22078153 26859054 23803900 23338869 22227786 23319368 24017469 22653242 22874485 24614457 22465015 24702428 23736485 22832542 19787572 20891726 20841665 20591796 22808155 22959502 22353561 23640147 21852453 23731150 24108287 22681387 24550573 21789243 23923527 22253947 22943000 23467853 25437323 19992252 21882721 25020178 20821787 19181582 22474642 21610229 22520390 22124469 22055997 24274121 23411774 22222373 22753439 19947346 23402794 24124708 21273177 23422917 22728870 21791412 22943959 19026486 
27552003 30874969 27694777 25970057 30363057 27196806 29232793 28572212 30203987 26288902 31217012 27213631 31276065 26839293 30577719 28719521 25635480 30436117 26958357 27302725 26886032 26201048 27046670 28382999 28716533 28599044 23593098 29400727 27000449 27135866 28678693 28328725 28056722 24494349 28483671 24555234 30518157 26321544 28229778 26234431 33148336 24327345 25771129 27790803 27968686 34329430 32019574 29578127 26619794 29508879 29344353 28250031 29888808 30668636 28630212 31381570 30122723 28623083 25378294 26677563 27218570 27675070 30343144 28026521 29820402 28831373 27596839 30597871 28446362 27392374 31241654 26344042 29448637 27464452 27678273 30023687 28435337 24788655 27422754 30465445 26263685 25000991 27311898 29009570 30472059 28215026 26880716 28974797 28106378 28038682 27896952 25675668 29029988 30129475 25646624 27847738 29104762 24865488 29005970 25397905 
26073946 26389042 26073563 22772964 25656597 25213565 24365630 22409526 26589784 25676202 26712513 24797240 27782301 24625721 26897721 23137970 22009413 24255168 22927645 23883007 22504348 23836956 23489115 24349799 22877600 25235608 21711468 24544888 23829314 22295830 25607669 26418268 24402467 21730128 23080116 22044362 26932168 24169374 24033797 24639660 28526835 22640022 24260097 23793162 23017542 28646065 27708263 24407892 22954242 27001746 24691443 24480567 28409457 27185049 25553133 26486539 26187482 25424300 23221987 24500613 23268788 23589839 26551747 24454105 25065110 25136359 25127356 26238175 24816759 25671829 27519084 21952899 25279221 23163158 24592203 26219463 24747649 21321071 24302634 26421383 22216350 21850588 23740990 23968956 24457882 24207668 24431707 26021063 25791355 25338255 24738434 23659364 27349582 26481975 24490714 25914041 25168279 21044614 24212272 21392460 
27603252 27744499 26871515 23376745 27031970 25958678 27198465 24921008 25989123 26379962 28733165 25806519 28037069 27094534 26370159 26377605 25296063 25929301 24227569 24137262 24572097 25674624 26557042 25205528 24374033 25174201 21925477 27039508 25654470 24286138 26399121 26700618 25010320 24758703 25399370 25209913 26374029 25226357 26565034 25468122 29406171 21464299 25364273 24478040 26720122 30065136 27701801 27980645 24823383 28254984 25062508 25683977 28180975 27439346 25732039 28685152 27710476 25753542 22567768 25197261 24728565 25677436 27000781 26308494 26957123 26455319 26688514 28915200 26984451 26340358 27436236 24190094 25386203 25866434 25246386 28365575 25120140 21920782 25261338 27558408 24419801 23387623 25200518 26351931 26445675 26032469 26448904 26906186 26821632 24617035 25317722 24125451 29016311 26745841 23566206 26773720 26867201 21394710 25187697 21199614 
26954805 28383849 28404519 24890092 29080914 26681716 28121364 27447395 28000299 27631868 29044182 23869146 28583402 25260743 28370850 27045766 25950215 27791902 26687460 26741425 26362884 27419339 26581772 24777504 27002548 26971870 21713606 28572614 25628913 24493335 26825431 28611557 25758126 24381361 26038737 24991879 26787942 26630972 27993197 26305485 29942450 23551710 23805236 26391417 25995898 30537863 29393168 26877637 26337490 26438862 26713811 27324857 27899243 28001952 28046955 30351309 29450686 26218042 23169537 27168162 24358524 27324585 27546927 26320360 27751531 26979380 24839133 27820170 28379059 26583244 28079450 25550918 25843753 27121145 25034054 28163101 28131635 23754505 27331016 27152428 23723970 23634994 25444018 25719350 26827886 25306324 25596470 26734703 26443319 23850179 26936721 22674282 27410554 28734454 24906531 25534011 28089533 23629397 26343262 22406613 
25290139 25005051 25555704 22553754 25199749 24915457 25259074 24326733 25427235 24083148 26539974 24574056 27920939 24003278 26581268 24323470 22509704 23697148 23502415 24504959 25116827 23230595 24827675 24287690 22752534 24207174 19232263 26272790 24417557 22627851 25289927 26157601 23262307 21658172 23640573 22610266 25211914 22939058 23027445 23312203 27581777 21862281 22349056 24488060 22185837 27884097 26766737 24949716 24068463 26333663 24181641 25000313 23792277 25774397 24595636 27508611 27058708 24580928 22138037 25177584 23457247 24296455 23865468 24313125 24431721 24429511 23186890 27061886 26974908 25030615 26535589 23086853 23371599 23629517 25540368 25308518 26708548 22339750 24039099 25987298 22082377 22544030 23423180 24490439 26614947 24021144 25763128 24726546 25707240 24269664 24114174 21876217 26097192 26906829 22441382 23904732 26121825 19578129 23847674 19222654 
25958365 26356536 26511156 21746108 25648160 24484626 26529289 25324453 27209277 24655219 26932114 24727400 29157204 24810335 27659310 24464639 23262876 24462178 24019663 23715884 23283100 24490124 24402851 21844562 24380139 25200282 22101593 25449205 24847148 22273723 24422547 27668444 24449600 23086719 24337616 23110735 26202956 24399576 24964385 24142115 28254207 21913454 22202457 23632232 25211632 29541724 26440811 24766174 23738491 23990739 24936785 23494329 26704734 25737733 25336335 27153674 26723418 24814996 21509710 24208424 23428938 25825142 26332187 24120350 26697533 25780750 24421402 26404605 25960584 24801528 28061544 22329668 24755939 25182137 24066213 27988179 26610025 22196792 24043821 27698404 22298302 20982856 23570609 26340559 24968984 23995067 24412923 27445328 24711198 25119260 24786741 22600802 25699130 27394236 22214296 24582044 25001504 23009652 25122468 21279829 
27339758 26688483 26878970 25056195 25138173 25074347 26960192 26479409 27300568 27562648 27309051 25660755 29382788 25772505 27366966 24030905 25841835 26094279 24798041 25849424 27072932 26279551 26441548 23956365 24926434 26627215 22599544 26940721 25529885 24451680 27367817 27319481 25670120 25230853 25396031 24540366 28568884 25843105 24803772 25907720 28425127 23904054 23128670 25564411 26369514 29522910 28309529 26870604 28061583 26364514 25113862 25959588 26243308 26659650 26152420 28218323 28308415 26249316 22353496 24200257 24807922 25913769 27604889 25976839 25768323 26690456 24330124 26052050 26804858 26756077 28556589 22754124 25519082 24912889 25888526 29957397 28807279 22498552 27594819 28118216 23095709 22758548 24813548 26715825 24559291 25193169 28405023 26267154 27218155 25214503 25533366 23568746 27210368 28699326 24379657 26772377 25899762 23110506 25391514 21825744 
25309625 26364718 26545969 21573670 25575511 25205845 27026042 25490857 25407564 26254855 26556407 24443465 27191461 23730828 27888112 24302226 24464702 25121312 23709355 23530841 25976969 23600593 24170894 23622119 23195381 23657685 20214228 27572520 23997246 24022281 26160613 27150915 24374647 22864359 23810764 23564594 26166723 25064342 25171264 25078677 28457897 21160866 22912149 23793412 24820410 28859928 26362442 24936470 26018917 25696492 25685999 26528314 23585769 25609942 26145752 27338413 26516608 25292779 21639270 24053294 23473773 26670790 26097396 25217143 24566501 25027462 24722555 26151611 26251909 24791670 27869881 24126903 23483123 24410724 25637067 27610273 25647926 21775618 24721967 25801417 23567488 22744875 23801338 25393818 24742066 24415078 23725933 25824728 26268952 24188864 25570132 22099606 27475243 29507028 21942659 24167319 25397518 21575412 23988727 21568868 
24055377 25432268 23839989 23498722 25525744 23364014 25568739 24178904 26748064 22130743 27268427 24057587 26696578 23498112 26246958 25562444 23106002 23947034 21898082 24379218 22321319 24688742 22211720 23148799 24401205 24703453 20618298 24141721 23123030 22135262 25530558 23442629 22997397 21594859 25368912 21281355 25972260 24192568 23141989 24613681 27384366 21867632 21295756 23949895 23196333 28149790 25704457 24740002 24336297 25990202 24809074 22404723 24564602 24918405 24588652 25814871 25781027 23914537 22327241 23352507 23304308 24103917 24056082 24359075 23137991 24794635 23020254 25645263 26247301 22833520 25860957 23529725 24500645 23143941 23866604 26707756 23757258 21777248 24069164 25577037 23536180 18621992 21979954 22640022 24083839 22556973 22609965 24839517 24699772 22692336 23857027 22715467 24465822 27501414 21850991 24052712 25819340 20840298 24608674 18892010 
24862043 28110663 25466616 22808723 25729549 23728903 25284354 23546678 26418630 24349022 27176442 24796539 27024123 24932634 26594744 25410818 23062441 25126688 23718057 24202661 23694088 24595971 24455778 25115336 26616984 24460184 20041029 25632845 24163362 24639552 26024661 26234517 23997999 22862571 24835454 23914948 27198382 23399262 24848095 25692123 28686069 22523968 23664642 23996893 22674423 29132545 27585065 26113795 25612557 25809269 24657386 24747833 27124110 25595522 24821000 27592297 26707667 24280707 22232859 23542846 25916750 25186236 26762958 25470203 23960060 25349516 25581645 25384267 26550845 23870810 26278491 23570999 24115243 22655199 25405562 26876344 25567478 23271412 24840668 26804863 22888273 21491900 23314907 23808676 25856938 23308442 24247320 25863037 27664763 25066791 24567848 22784587 26892825 26157382 22346084 24737067 25809570 22625401 23485020 21396366 
26039776 28791454 27445301 23795762 27632304 25486904 26949087 26622806 27512717 25540378 30038340 25563408 30200737 25487755 28758698 25756938 25366154 26965263 24069400 25373942 25376311 26458778 27652977 24638299 25600554 27081817 23659545 26840198 24407903 24834283 29155503 28160646 26021259 24224695 25878413 25224807 28568645 25035365 26143000 25747680 29812958 23536814 24802834 26944651 26018339 30817614 27522895 27729266 26243566 28133169 26110545 26098948 27638150 27739273 28235742 28891917 28690586 25535107 23044436 24201134 25484718 26055566 28142026 26517141 27525564 28810862 26570925 28241802 27055796 27383454 29175015 24029655 27113779 24774642 25751301 28850371 28736771 24820607 26501431 28385893 24049476 22664177 24466292 25640782 25595298 25909333 28426599 27548500 26793017 25363832 25830589 22541853 28160145 29941174 24506054 25951523 26338313 23920620 26512993 22863798 
26492940 25921088 26513182 22495884 24042574 25169901 24749223 26546895 27127190 25500701 26413518 24874595 27930525 24631003 28607360 22909825 24055510 25706439 24868263 24828382 23904771 24345519 25442698 22321673 25045712 25389136 22597171 25058053 23925452 21843562 25388926 27496672 24980426 23369677 24853520 22399872 26543057 23820513 24839251 25074102 28600036 23319459 21832368 26513498 24329849 29936997 26548772 25431075 26295391 26864645 24631145 25344795 25008136 26380546 25698376 28107236 26707917 25038253 22200721 23831214 23589569 24315835 26132049 25033428 26235870 25745847 24762106 24983273 25935545 26209902 28278223 23096021 24557534 24216388 26138156 26763680 28018534 21447687 25335823 27361371 21844321 22225338 23737107 26540985 24315773 24537057 25872289 26522245 24734053 24067195 24702354 22023553 26788880 27277787 23136933 25172450 24520092 21166741 25566092 21762985 
27070078 26324928 25333636 23021784 27423011 23925673 27145100 25687973 27578261 25794097 27129398 24408662 28109479 24592550 28701321 26104157 24907461 25755929 24525923 26919688 25418325 25527942 24654398 25055871 25905368 25562799 21099364 27885496 27023439 22721502 25256546 27269065 25046084 23107203 24623781 23020438 26860521 25020120 24398430 25533170 28742004 22453799 22916410 24722012 25016093 30399881 28637953 26598009 25760379 26771699 25554178 24348173 26851548 28141672 25422263 28114160 28126180 25879026 24003195 24393698 24542112 24406999 28013088 25085394 24827086 27651246 23946836 26456115 27155224 25336113 28887610 24800730 24377402 26245741 26503652 28186036 25580145 23640025 25688472 27610389 24328722 22087240 24727117 25831249 27812920 25881616 22927953 26509283 27088814 25265400 26609371 23379018 27602455 27696366 22704993 26726897 27108860 23291269 26280410 21048000 
27751450 28218323 27341948 25752607 28005073 26222858 27980664 29446042 29501312 26839725 29519986 27302207 29199485 26107696 29361108 27015543 26423169 27907572 25525997 26626513 26210878 27603016 25906253 26310267 28259314 29610699 25411143 27748440 25800161 25150560 28656518 29717791 28085349 24102317 28369279 25265245 30960477 27032159 27068432 26955900 31599137 26957033 25342852 27525735 26584629 32552423 28008024 27577043 28008252 29875765 27065513 27065319 28853017 29736297 29805001 28730229 29915558 25867088 25279979 26312248 25866765 26737424 30237061 26052712 27118998 28285932 26803385 29630136 28583706 28047190 30154028 25608082 28824987 26103794 27755915 29193978 27931805 24709680 27601291 29231422 26326430 24938841 25944907 26514480 26232425 26468552 27325902 28883414 30181307 27216968 26544384 24332871 29123978 31066827 25803041 27905069 27405175 24781920 27241451 21729072 
28784135 31533497 28448361 28181153 30793690 28044013 30272719 28618265 30594776 28009993 32123374 28060764 31525122 28588685 31040531 30260973 27726230 29440809 26623310 28469900 27851170 31024582 28719386 28136442 29186511 28391646 25350994 29510603 29152451 27389273 30005976 30092807 27633036 25776824 28387232 25146832 29829784 26860792 29007251 28128010 32262836 25743782 26807729 27821890 28010311 34158985 32065964 30429609 28751582 30101586 29833791 28014028 30259974 30118352 29725348 31244102 30575746 28163608 26005167 28686163 26886262 28813621 30757284 28933061 28735120 30930415 29218516 29935691 30057478 29867041 30266184 27069539 30263334 27947659 27835712 30261508 29674720 27272379 28402627 30277067 25308887 25592504 27866803 28193226 28843892 27649863 27826475 28851387 30981573 29010014 28602485 25358959 30306522 29681501 27769027 28408804 30417343 25005979 28394017 23059939 
23938511 25590945 23352932 20433890 25213632 22630282 23987853 24462644 25456414 22945957 25611424 22427575 27024021 23673003 26346122 23233440 21984766 24591744 23686946 22758181 22540202 24037927 21071662 21908065 24852534 24666878 19718476 25188272 22374022 22291551 23415775 26720533 23499814 21040720 23148422 19413328 23469051 22580821 23051833 23420330 27572659 21063466 21884532 22706224 21940842 26506845 25567875 24037913 22024191 24877222 24253028 25124340 24869826 24108818 23904787 24917479 26288364 23332838 21015952 22135525 22992745 23497423 24462237 24197180 23081271 25016529 24913013 25172667 24696784 22847200 25812658 23045300 22745106 20343714 22681013 24739574 24074536 20866787 22960150 25558023 21640097 20154050 21726246 24211559 24222320 22885985 23396220 24269129 24506985 22114181 22028398 21264822 25315580 25740340 20506046 22442578 24421977 21450989 24315081 20348919 
28440166 28208942 27643544 24398271 28149110 24420369 28465565 27020678 28316248 26780292 28889678 25857293 29238548 26436833 28739328 26312401 26308574 27344792 25586525 26093425 25242448 25863734 27442349 25611622 28385943 28088262 25473913 26970636 25696364 25477021 28608692 27769919 26087155 25572123 27921742 24045710 29270546 24649864 27359425 27199203 28698852 24587874 26441029 27554205 26803444 32482417 28505877 29299321 26593551 27098580 27389705 26513609 28353599 29045744 25194833 29361886 28270788 26718073 24853016 25337233 25583314 26133832 29228651 26822297 28027043 28072305 26727840 28962991 27871856 25851296 28764060 24454740 26961617 25319900 26870532 29463566 27426056 23033213 26033080 28682268 24959016 22839162 26095054 26889472 28914432 27415675 26072065 28851129 29025966 27314642 25838601 24034334 28754677 28327245 24267255 26505399 27085766 22636939 25770598 22075221 
22665191 25573265 23445639 21348499 23645617 21889467 25012193 21899866 24902239 23996235 24326030 23270134 25514826 22627632 25412114 23856685 21468569 21770346 23333201 22981483 23892469 24090729 22270355 22853775 22595105 23205809 19782807 23732021 22575010 21777012 23875529 24733396 21866788 21880938 23780706 21285064 24874120 21917540 23371221 22552425 26028105 21156983 22660171 22626168 23618322 29035851 24967340 22166232 22366307 24497939 24020072 23202840 24711260 24058666 25267563 25711691 24161640 23922003 20145459 23460160 22839459 22570010 24772260 24096610 23547033 24373613 23044009 24254549 24106137 23724741 24549174 21311313 23465593 22147804 22285034 25332128 25331920 20146327 22571378 25369961 19895250 20169472 23259241 22999975 24730741 23203390 23579287 25339019 25225960 23665979 22033580 22165496 25846724 25516332 20883097 23136672 24131887 20174844 21814676 19420794 
26573649 27028313 28050756 23901873 26832654 25850662 26622422 26156639 25770346 26234906 28073354 25358163 30788448 26389547 27087133 26343729 25292589 25310784 25976777 25514095 25802466 26774526 24205876 25027680 26055599 25444598 21857137 27982875 25344775 24312273 27361545 26502625 25228948 25662629 26032561 24233050 28792789 24912148 26481492 25593905 28963091 22846475 24577739 26492271 25564300 29394409 29434001 25802084 24900841 27761047 26381824 27283829 28482224 26931103 27919892 30438573 29357443 25568821 23134648 26115311 25174009 26146555 27639082 26485324 27215560 27381526 25025082 28007935 27354375 26282439 27416904 23423240 26521560 25442319 26674780 28359477 28375254 22669631 26068312 28845215 24425519 22303208 25426713 27246406 26200831 25532441 26812984 27494322 27073657 24578162 25067027 24034239 28231375 29546892 24455308 27849699 26494606 23989117 26703604 22285986 
26304329 27095074 26009332 23289666 27222974 24692718 26528086 23813404 28009982 26239783 27074129 24937382 28127397 25479794 28067177 25706426 23834012 26138758 23989743 24610982 25753772 25149517 24985120 25613176 25387996 25799497 20995125 24849214 24436226 23045352 25015080 26461913 24775320 24191338 25870549 24450902 26828419 25501851 25857230 25658982 28226843 23017063 24276143 25201922 23575662 28605488 29298946 25381404 25612346 25629952 27414423 25958463 28043662 26921958 26277915 28889889 26937072 25178156 24125676 25120918 24816542 24805087 27567265 25880280 24927086 28679374 23864183 26600863 25776697 25615766 26685262 24235450 25773837 24391217 25365198 27138673 26352059 22464583 25327999 28760106 23058355 23381788 25200245 24812005 26289404 25181999 24337728 27219438 26117177 25442005 25232474 23350650 27991346 28493324 24133305 27207741 26198010 22129841 25067241 21433267 
26650703 25931428 25660537 23131991 26073270 25967794 24951073 23293954 25267574 25120993 26045544 24407585 28679914 25318814 26583502 24548401 23368061 23809923 22980973 24094948 25614441 25223525 24225604 24582314 24383781 25212136 22705689 26071424 25351215 22357006 26884957 26276500 23897283 22817843 24654870 22444668 28267064 22767812 24435952 24572085 27948597 22614582 22531885 26282949 24402103 31035797 26873054 25547575 25527479 27706409 24025174 24522761 27014265 26850795 25877493 27403635 28152848 25259747 22118807 23660598 24236134 25961931 27778187 24341574 25346976 25783332 23996075 26799328 23956094 25077831 27437018 21909687 24132042 26070486 25297081 28759279 26324457 23127388 26526655 26180205 23213195 21255907 22281846 25387063 26138918 24677097 24799882 26291141 27136094 25369202 23536848 22495119 26543579 26430271 22807479 25386014 25191107 22760662 25461316 21844420 
25136893 26276854 25674898 22478327 24243879 22567901 24012129 23356707 24363051 25040054 25483700 24091894 25756533 22232419 25411424 22873435 22487371 23518322 22443521 24199709 23070204 24117550 22860717 22200869 22658585 24763709 21395517 24809939 23799164 23091557 24938885 25132192 24060352 22172722 24964478 21586636 24985845 22482026 23974975 22880426 26466174 22157155 22483339 25291986 24766233 29096929 25144450 24500437 24430198 25086278 24227292 23480055 24303637 26243476 24044553 26793147 26030186 24351878 22483492 22767934 22565676 24506444 25853919 23620220 24744135 25265886 23260205 25637975 24367952 25708065 26519616 23003700 23434863 23554977 24186609 25046346 25773292 20833355 22997456 25620533 21432754 19908691 23212768 24018264 24968828 22512283 24220844 24369719 25002920 23866837 23109557 22010858 25438840 26718584 23768756 23497165 23883258 20231214 24217985 19083649 
27783550 28109926 26208386 24629410 25624131 24657294 26765630 26323348 27243575 27570579 27174255 26111040 27774155 25429608 28343305 26522460 25549931 25858976 24527784 26048172 24344037 26949571 24747927 25131387 25125047 27898333 24772759 27015746 26072693 23218934 27260274 26091486 24906037 23745087 26467873 23580970 27797332 25183584 27213149 25232869 29158595 22802734 22865038 26268729 25423161 30428856 26652834 25829730 24900014 26182095 26761239 25138359 25987106 29410790 26529891 27467381 27688513 26166218 23893753 24702475 24681296 26084962 28301866 26273367 25643492 27433539 24960825 29433361 27062681 25968182 28647437 23960559 26877666 25757884 26274467 27229561 25838230 22532806 25875570 26641903 22400026 21682228 22595431 23771255 25648379 25077536 25615772 25287554 28059602 24015600 24923342 22820177 26994749 28060812 23762314 25081558 26689335 21831974 23909284 21809693 
