950 121 667 361 520 131 806 910 777 785 560 710 601 121 295 536 424 513 310 92 570 136 398 87 1 938 458 316 56 125 955 507 943 997 788 947 453 101 148 401 797 79 892 507 288 688 31 387 816 231 849 399 140 477 64 35 764 672 357 194 436 239 573 855 876 486 315 706 105 6 392 659 359 805 163 103 23 762 313 1 824 257 119 188 541 125 643 243 430 751 119 235 805 347 498 599 618 809 249 569 
746 841 307 174 921 654 739 96 651 957 568 513 430 778 8 297 625 474 434 397 766 795 300 270 500 126 793 569 478 492 620 883 394 664 549 679 715 520 707 38 625 572 434 537 848 166 602 836 494 871 813 956 149 337 105 341 365 853 616 269 199 209 305 843 930 562 157 807 481 995 522 317 402 2 896 424 609 309 946 772 974 846 514 759 194 652 734 283 375 785 107 18 641 487 427 309 936 799 116 180 
868 176 107 878 57 134 666 952 365 339 902 939 209 297 184 912 71 709 560 30 440 924 248 988 793 322 125 151 595 777 293 320 910 697 674 679 735 564 150 976 685 709 178 200 500 283 436 576 308 244 612 486 880 233 427 445 519 98 832 413 193 776 582 210 349 351 64 894 485 697 218 564 508 973 234 689 82 924 69 63 391 507 340 710 474 12 894 889 347 997 862 701 582 531 701 357 236 362 816 724 
1000 367 423 949 456 957 605 909 82 765 828 380 960 384 337 489 577 84 202 147 377 969 224 972 926 708 284 528 221 611 29 923 882 732 720 453 752 770 441 24 111 529 458 562 91 118 907 569 774 810 573 694 521 561 564 371 781 606 700 137 431 910 668 721 435 949 936 437 205 133 8 744 666 898 43 869 572 574 728 738 266 316 917 424 883 431 640 121 438 263 197 596 760 439 393 676 662 565 24 378 
538 339 951 280 320 245 897 419 150 89 608 127 555 509 570 812 750 899 375 786 240 440 170 15 150 318 952 85 835 961 229 151 713 546 626 612 655 833 128 71 183 829 219 398 330 968 120 870 609 512 834 66 570 9 527 486 704 718 954 309 286 637 308 473 522 931 153 20 214 341 967 879 503 799 547 409 844 771 212 405 608 556 221 469 377 431 450 959 570 25 742 386 687 81 391 360 238 743 197 225 
368 113 914 583 985 528 612 716 282 172 270 515 756 582 333 269 966 8 362 619 815 92 268 407 395 664 972 988 607 862 161 930 464 510 88 159 824 416 281 916 113 138 789 694 740 648 699 850 907 536 962 578 738 567 118 383 707 729 566 482 521 228 936 713 257 949 48 53 659 862 197 267 733 52 610 410 858 225 998 261 793 728 723 339 801 311 487 915 889 72 742 522 662 316 476 176 257 232 745 525 
206 89 656 360 608 998 12 41 189 955 845 636 696 676 868 750 794 869 273 997 836 533 665 936 21 854 257 427 509 201 127 948 175 559 284 577 91 519 265 132 420 676 213 542 510 377 221 634 800 113 852 665 957 411 142 690 587 324 275 615 903 399 178 417 596 496 513 760 486 348 616 434 926 733 955 150 597 842 988 711 265 796 353 893 621 432 532 101 417 736 874 786 510 928 52 912 209 447 483 668 
847 933 544 337 319 380 952 820 465 802 326 593 382 85 764 893 627 182 466 852 292 774 675 430 942 465 233 981 536 118 424 53 605 126 399 37 664 29 850 145 647 498 479 213 432 724 542 23 996 69 774 262 709 189 55 488 632 15 211 694 927 390 601 111 663 346 444 589 126 778 0 165 786 725 487 809 685 501 756 521 530 195 832 927 714 265 526 666 427 22 215 828 586 321 665 29 235 422 201 408 
56 394 219 951 180 694 727 254 269 917 202 690 11 661 386 549 609 436 533 737 411 504 153 534 185 272 4 948 537 667 251 397 585 623 67 107 971 445 455 317 623 914 783 868 537 512 833 530 321 555 108 289 374 345 280 798 381 661 425 841 2 187 337 108 654 276 488 615 32 914 816 821 905 342 545 335 650 49 41 892 231 607 473 594 329 405 983 538 875 882 977 589 301 144 191 706 409 805 208 210 
524 955 286 325 548 872 366 643 716 237 200 366 850 886 748 848 294 393 994 596 448 984 874 107 150 626 467 387 339 307 674 997 778 123 582 647 354 958 211 550 508 351 623 304 311 294 154 121 783 113 816 916 299 921 205 395 488 313 512 413 948 635 367 562 255 451 836 903 244 376 804 206 957 229 595 527 757 843 330 45 448 423 158 69 4 605 362 233 36 447 941 207 531 912 111 675 734 102 632 433 
315 693 744 878 584 312 988 218 721 899 558 587 938 791 907 31 509 507 846 26 513 603 52 999 494 525 805 979 709 393 808 593 275 325 126 99 30 436 593 297 612 653 277 357 220 875 164 569 569 303 604 969 34 363 316 842 639 791 84 851 940 350 226 748 769 18 771 547 392 291 6 917 26 881 779 950 531 803 529 910 529 395 401 435 965 900 244 803 935 129 172 29 860 429 873 503 661 437 738 617 
150 247 924 992 56 658 816 346 387 760 401 415 553 510 432 810 22 66 544 222 377 71 495 574 256 926 653 520 633 665 581 85 222 722 996 888 928 667 383 170 684 939 715 334 265 946 28 560 632 471 69 601 729 430 412 162 582 629 86 512 574 93 989 17 91 358 952 260 42 552 751 78 951 423 679 800 5 409 722 673 146 365 722 642 250 591 761 206 68 337 509 357 568 613 543 882 153 264 738 275 
948 357 870 339 430 722 305 866 724 712 887 150 182 311 61 515 505 88 827 255 426 55 137 909 778 842 314 318 651 783 646 192 413 820 932 852 938 744 471 64 718 964 764 92 83 521 132 141 742 377 770 804 918 964 577 265 710 967 206 39 29 774 146 724 751 896 722 842 752 694 337 639 646 738 308 222 429 592 302 56 99 923 458 633 612 552 716 520 130 727 400 5 133 714 260 477 605 644 830 444 
874 341 506 606 908 295 347 161 738 971 577 637 388 84 763 387 931 952 181 798 652 754 221 503 738 310 328 38 584 135 95 960 314 397 742 155 827 728 503 864 727 551 656 524 141 946 742 866 796 581 624 739 619 842 21 322 434 812 741 292 211 537 601 641 392 504 83 632 489 766 233 41 20 816 612 633 653 239 499 429 711 224 377 929 309 43 940 989 607 657 141 38 624 379 665 296 677 963 307 62 
138 331 175 987 707 834 609 395 252 794 751 905 255 893 246 926 995 955 204 273 523 114 589 317 527 273 480 365 417 613 382 124 508 280 961 369 957 47 168 910 138 472 899 675 521 185 383 962 351 0 911 336 698 691 905 980 206 762 751 493 539 560 463 138 39 915 857 668 768 115 350 391 615 862 575 189 350 371 114 337 520 574 29 649 859 689 673 985 376 470 447 964 10 464 230 921 337 495 993 769 
473 709 411 823 101 95 246 504 826 951 425 130 881 464 437 913 357 498 214 123 365 72 148 100 958 877 347 798 659 582 359 169 6 820 354 936 560 496 688 903 547 896 35 821 23 974 215 829 236 676 268 786 191 848 700 602 811 869 486 605 222 462 40 217 725 879 0 86 217 125 575 442 919 467 599 136 846 795 60 975 805 763 23 11 604 849 671 97 522 299 341 289 853 61 673 69 627 332 137 507 
595 121 943 412 268 993 768 788 139 464 49 488 804 845 204 708 836 679 409 572 595 804 444 449 399 648 543 979 95 782 131 938 510 867 94 564 798 479 521 717 596 442 170 513 804 331 60 344 403 478 613 860 403 398 776 234 286 553 693 792 325 350 221 246 719 155 387 770 118 458 990 483 355 930 832 566 600 110 518 747 43 447 42 406 451 660 929 13 197 811 420 559 305 94 442 149 412 978 212 673 
8 510 29 355 416 27 933 750 823 219 882 142 232 530 355 151 149 769 699 550 687 393 728 444 863 656 814 684 149 257 975 464 491 783 509 641 744 162 454 948 983 310 841 592 748 611 200 952 505 692 244 198 582 809 523 705 165 53 128 288 854 394 60 463 308 936 329 358 996 890 826 716 755 540 118 223 676 810 267 459 589 761 804 298 167 910 535 580 518 292 529 3 126 684 250 816 620 92 998 326 
856 899 20 64 170 360 971 896 792 333 769 375 643 713 328 992 388 950 846 549 811 229 627 318 258 331 888 743 659 209 489 5 134 971 410 811 354 93 549 952 597 800 671 872 37 727 300 603 429 11 873 307 359 20 460 54 824 624 175 916 730 183 231 113 706 684 50 431 100 985 721 430 526 32 818 112 591 890 586 872 203 42 108 71 912 53 478 594 940 839 66 490 571 901 669 847 882 299 128 316 
674 262 846 687 509 100 101 925 339 974 482 231 131 893 946 9 887 835 835 559 874 301 137 113 946 802 375 979 174 662 532 633 167 512 946 157 532 233 91 619 449 642 481 98 653 230 171 1 733 810 628 524 109 925 86 676 29 567 753 421 298 665 600 211 975 953 316 152 326 723 826 869 338 720 755 164 367 58 918 408 894 74 895 241 146 827 578 741 378 842 459 919 290 716 143 1 274 146 404 100 
873 789 144 132 793 640 994 198 56 855 927 284 927 736 437 714 936 430 91 795 765 390 403 166 882 805 646 130 199 193 674 373 950 971 185 75 889 927 962 638 89 382 279 539 535 42 389 748 645 556 550 992 607 662 269 738 984 994 630 872 854 887 370 827 260 846 991 706 804 423 310 106 404 696 518 57 667 914 861 430 775 797 470 97 557 806 940 986 797 765 404 92 349 697 792 670 874 439 453 952 
390 503 529 558 683 262 955 447 876 706 190 219 836 436 768 207 769 795 423 7 842 661 460 837 964 514 820 939 654 437 769 223 467 163 868 109 423 186 701 576 162 849 173 795 654 9 851 832 15 709 248 516 543 46 30 448 729 201 152 120 811 36 15 168 326 672 899 310 665 581 939 313 847 911 391 753 127 616 583 74 720 452 364 217 908 131 911 209 353 456 524 908 936 425 804 99 91 916 365 453 
743 223 746 406 556 25 295 892 824 45 475 360 658 984 774 48 65 910 187 987 766 405 261 923 283 403 255 256 175 421 852 150 756 270 914 649 251 339 956 352 917 611 139 379 871 547 151 397 204 602 296 932 612 966 262 337 604 738 976 521 590 660 720 149 539 32 313 731 483 546 350 799 629 813 684 782 174 528 836 967 327 336 185 617 596 970 81 624 824 51 407 304 265 337 242 260 71 964 890 693 
464 699 822 300 376 72 951 115 781 514 234 696 923 504 713 496 864 907 61 145 519 62 110 264 900 157 482 221 77 858 266 704 190 848 559 310 805 701 347 727 698 60 833 651 107 49 258 748 69 327 781 312 406 711 951 606 607 437 139 2 898 534 643 950 464 198 272 190 49 532 650 790 577 47 208 359 135 479 689 878 390 77 101 919 810 178 721 602 307 219 111 68 628 184 883 457 133 935 894 582 
754 813 7 862 190 788 816 318 328 531 219 429 665 288 547 883 637 711 177 477 834 807 349 281 859 784 350 923 773 952 582 729 196 379 105 816 918 185 639 980 898 189 84 998 615 1 289 406 769 373 157 38 795 788 84 315 122 672 481 190 289 447 974 67 973 471 10 476 982 498 308 964 764 516 905 277 229 2 626 234 300 575 416 357 123 543 837 627 340 349 774 644 911 421 706 393 39 821 170 513 
141 684 361 632 360 10 434 671 152 781 839 356 838 652 647 77 351 930 644 446 267 151 125 357 886 614 639 586 928 355 773 521 639 362 189 770 154 267 148 417 194 16 151 407 919 808 953 542 747 748 376 576 969 88 186 694 872 496 708 845 294 447 542 781 559 395 567 159 646 975 508 183 989 139 204 844 296 570 649 415 986 698 736 584 583 665 88 191 614 99 803 678 949 643 529 237 967 985 996 667 
874 44 269 35 765 425 436 942 886 769 26 591 469 21 555 881 450 75 712 676 455 965 521 167 714 836 569 769 373 732 174 841 516 953 682 611 222 568 304 548 321 230 336 218 740 819 913 849 536 935 70 316 193 95 4 770 855 988 306 817 562 881 275 910 423 75 54 778 936 394 44 10 749 204 981 316 142 854 235 345 298 426 353 891 278 622 357 624 743 277 348 166 589 33 764 270 540 691 321 151 
818 827 970 433 644 258 596 617 794 800 774 235 356 472 558 563 48 126 825 442 623 117 879 382 58 382 546 205 975 543 312 1 782 959 325 5 597 829 872 408 557 657 206 657 186 183 549 998 455 187 341 929 354 826 691 82 265 432 924 491 204 892 418 213 269 346 238 433 981 281 410 335 891 355 921 388 994 414 133 397 638 417 980 433 390 484 271 594 462 103 251 575 408 797 350 736 641 901 262 265 
897 625 201 322 24 496 793 129 824 126 714 161 380 736 839 380 658 588 56 933 774 240 544 509 839 562 382 854 221 311 876 297 756 979 544 673 22 983 456 964 790 79 683 356 976 466 833 281 730 595 519 776 911 291 964 862 53 695 921 965 643 915 582 889 184 283 981 450 596 194 504 950 933 752 277 798 666 392 481 296 471 782 101 537 838 802 314 661 193 217 277 157 713 925 157 312 290 121 776 77 
606 282 822 447 859 715 522 132 624 954 717 939 725 541 905 233 59 924 1000 80 332 179 813 324 793 860 429 319 837 820 565 571 814 149 768 334 158 537 812 728 266 956 883 214 550 665 871 843 150 724 832 141 334 105 857 847 532 998 115 782 493 267 789 758 348 501 806 774 52 401 275 132 786 839 438 2 371 915 547 120 684 210 753 801 694 756 674 53 179 791 3 757 243 155 126 108 970 283 418 133 
898 135 804 50 154 868 972 351 543 763 276 392 24 699 366 988 700 838 44 632 801 505 330 287 92 868 429 33 427 424 520 528 2 440 428 811 46 436 45 739 187 715 748 143 118 414 170 212 443 584 400 734 329 276 970 656 138 441 273 689 998 546 750 829 666 796 469 753 910 60 12 62 90 607 596 178 725 27 798 749 524 800 988 244 247 225 98 788 586 197 433 28 343 563 288 207 216 362 992 515 
697 595 709 247 357 870 399 22 637 426 844 156 882 981 79 137 142 151 910 976 679 470 76 732 332 195 914 488 957 118 843 801 778 134 677 399 548 512 74 1000 878 587 673 458 186 213 880 977 246 49 947 688 718 603 54 55 651 186 102 978 440 831 983 465 615 9 813 433 746 491 85 749 439 757 618 532 871 827 888 395 219 487 174 841 448 953 852 19 4 983 957 696 268 592 264 492 676 842 472 647 
823 492 997 136 568 109 956 62 902 800 564 989 402 33 913 239 312 580 435 234 369 68 711 233 187 636 481 357 203 876 294 541 867 514 518 993 791 162 302 948 853 870 175 966 302 683 229 726 867 284 485 690 19 548 853 195 721 765 805 893 14 385 557 774 212 132 646 451 509 915 198 542 862 125 175 172 510 852 666 485 297 637 505 582 934 520 288 467 547 200 65 464 912 96 792 255 582 175 601 313 
816 388 710 238 186 415 275 262 842 737 669 395 735 383 848 184 303 3 47 299 730 693 983 104 26 107 54 911 224 64 454 425 16 363 640 87 305 686 824 244 1000 731 449 776 143 89 58 956 610 997 368 113 77 124 362 793 553 932 673 717 136 761 16 448 623 819 620 35 662 367 638 34 843 831 834 893 835 524 227 777 94 747 130 754 874 606 677 106 803 69 644 598 634 156 433 635 463 388 183 669 
98 296 686 308 645 188 50 898 514 71 431 778 71 909 758 687 739 669 822 716 618 630 576 982 520 196 903 397 53 151 868 847 620 437 169 132 712 440 114 449 389 311 597 338 799 54 305 519 695 770 675 898 624 348 422 895 267 343 584 278 503 677 723 438 64 504 477 62 453 593 972 815 695 357 903 167 304 33 768 348 502 466 2 1000 531 477 436 289 156 645 71 6 663 569 689 955 399 803 863 819 
578 173 147 614 897 8 826 431 860 297 307 948 364 335 856 763 424 131 218 506 41 516 648 583 477 706 554 549 128 80 769 477 460 386 605 634 102 769 39 733 516 653 497 40 865 44 866 9 314 839 960 533 408 453 474 906 864 464 215 995 575 810 437 417 92 959 185 412 116 557 201 951 608 80 115 720 985 314 653 932 760 604 111 528 17 366 947 494 881 421 399 876 321 919 769 965 321 371 651 970 
149 264 860 990 87 513 849 534 970 897 275 344 822 289 364 305 783 931 233 322 568 217 722 380 670 193 725 138 474 32 403 354 866 510 901 312 644 801 40 907 11 912 409 661 790 265 467 77 760 544 485 753 75 551 976 886 343 68 124 930 220 20 759 908 723 949 296 835 461 542 792 947 19 771 98 37 245 3 983 431 159 204 179 68 298 584 783 803 398 757 857 54 827 962 633 225 331 547 630 534 
544 529 178 461 454 166 452 319 712 689 906 162 953 632 575 931 305 116 466 818 953 170 718 512 63 726 212 616 32 462 399 670 325 429 307 943 767 972 107 590 234 862 424 351 681 100 551 517 416 424 419 216 80 758 721 752 782 871 418 898 389 201 440 574 447 31 60 396 287 359 261 864 53 666 370 195 876 767 178 214 248 616 908 424 422 91 863 944 446 124 25 70 352 9 458 450 587 228 200 711 
252 159 220 784 399 426 937 794 670 596 408 714 432 569 974 186 969 900 432 78 267 777 283 652 940 365 520 259 896 773 764 826 367 53 388 164 838 586 832 533 742 743 547 168 282 95 20 26 194 972 43 823 273 612 52 931 590 516 739 13 591 32 966 458 864 233 342 879 801 866 76 728 440 363 306 358 619 562 77 859 836 701 959 463 152 390 217 997 259 264 10 732 473 92 4 499 666 123 692 717 
768 112 129 745 769 943 985 194 630 861 696 403 428 10 9 57 920 350 708 719 233 109 146 712 519 979 596 992 452 611 589 684 729 515 151 387 455 100 232 344 674 593 975 989 21 39 786 445 280 838 266 874 568 906 819 925 314 540 655 13 42 745 53 533 45 740 735 501 241 800 553 414 358 679 906 580 86 316 67 209 753 714 201 211 108 62 928 759 786 64 525 998 510 256 636 766 564 509 751 489 
612 432 904 596 826 258 793 948 121 690 815 528 949 348 921 452 22 363 248 278 316 463 98 510 878 661 230 231 60 372 162 44 832 956 999 19 581 115 796 917 828 664 709 663 575 887 678 729 56 932 669 761 97 216 643 881 165 587 844 607 460 784 325 982 843 905 171 169 50 729 49 372 267 22 843 47 918 495 342 808 763 994 118 104 306 719 41 317 51 577 900 558 867 8 414 294 777 652 6 881 
281 883 71 352 298 267 206 288 377 559 224 294 432 70 260 261 103 87 814 753 656 649 713 42 533 616 439 301 542 20 524 87 747 585 581 120 403 303 944 450 224 609 7 773 236 560 289 195 90 146 603 245 441 30 854 89 315 544 62 832 352 850 211 87 497 552 90 707 251 837 833 595 226 343 545 40 22 941 940 788 201 945 256 402 418 896 843 301 677 742 72 649 680 648 549 611 880 946 260 580 
63 919 339 408 436 61 364 961 98 494 575 674 60 213 776 838 685 606 722 340 989 601 687 227 179 315 42 615 214 628 209 117 25 570 254 784 346 583 17 547 989 786 230 940 27 411 250 835 371 506 563 478 208 528 605 161 97 161 38 286 908 409 219 383 702 666 669 594 226 83 47 46 930 632 981 993 347 978 415 104 168 985 918 917 440 764 728 483 754 616 596 181 835 612 594 745 621 923 273 464 
875 476 268 562 892 795 489 699 31 734 100 316 978 896 849 958 495 895 201 482 704 477 742 184 678 957 439 112 366 329 833 400 52 179 607 465 807 578 832 934 776 710 743 739 684 531 205 796 284 660 46 889 336 449 525 624 303 410 228 713 891 540 429 228 621 241 203 834 263 852 652 214 302 915 602 117 900 871 459 97 653 548 794 149 27 984 102 798 234 537 663 337 332 625 122 636 802 793 127 738 
616 129 146 612 493 30 590 12 567 757 228 558 306 332 52 730 731 307 975 564 356 650 652 368 163 664 95 801 38 223 535 585 314 155 479 31 896 512 174 551 243 241 467 322 475 967 193 421 122 932 208 977 183 79 647 772 937 785 678 431 390 874 756 241 998 785 113 619 418 93 721 23 76 395 111 853 547 741 541 14 562 546 716 941 301 938 885 241 122 824 762 649 981 530 209 282 846 215 408 573 
286 481 692 200 277 810 134 972 153 558 987 185 873 648 540 441 662 790 22 791 171 982 511 29 462 621 40 779 360 392 863 558 103 553 430 402 996 488 13 507 999 599 110 748 869 323 934 637 643 443 47 23 889 379 459 968 123 489 380 682 127 500 560 699 741 42 481 316 833 1000 50 622 928 61 15 711 596 409 39 236 184 603 337 738 514 877 142 863 318 846 662 490 436 799 907 520 585 539 759 109 
955 181 662 971 862 915 283 238 728 89 636 404 678 152 841 325 829 418 703 969 904 768 444 635 603 889 108 788 129 658 210 399 620 219 704 3 880 314 922 960 482 290 71 698 124 614 880 479 533 313 192 918 959 711 354 16 968 448 834 618 77 591 902 897 719 729 767 18 554 744 999 137 271 228 506 106 468 58 667 442 900 211 978 694 597 862 95 950 19 981 329 765 232 407 671 137 773 568 609 838 
747 149 266 82 921 207 901 616 440 943 520 987 206 125 325 278 427 175 590 614 55 71 235 743 975 884 300 278 557 996 760 371 362 296 598 293 204 692 789 68 17 916 711 746 600 414 258 695 403 901 626 773 825 567 523 914 969 623 131 315 574 251 576 392 790 857 432 843 193 273 450 875 219 161 880 581 103 41 193 104 520 217 315 889 0 112 50 920 193 288 729 459 970 535 155 648 519 113 575 226 
378 81 256 730 15 985 899 302 405 632 388 21 851 156 788 6 25 51 133 526 103 335 639 220 163 215 819 288 206 784 994 427 479 616 531 383 373 925 746 997 970 45 756 509 431 757 615 831 968 653 848 697 257 481 420 300 14 602 122 929 29 457 630 936 2 827 857 211 477 791 954 194 499 856 392 42 919 599 379 563 534 818 631 72 540 610 463 939 275 338 106 630 621 591 848 654 656 225 360 859 
114 89 121 966 6 576 163 599 177 32 558 237 626 790 791 379 375 147 886 677 890 203 366 616 417 909 766 1 501 161 124 915 132 793 613 925 333 530 742 191 893 398 240 370 125 867 365 298 85 210 521 827 866 996 877 559 41 975 838 35 642 631 961 668 571 359 962 454 253 428 283 544 558 492 803 922 732 632 275 739 146 235 202 849 117 344 691 259 845 212 90 114 656 333 152 815 719 353 739 582 
362 557 205 268 697 433 630 578 679 962 175 776 308 436 188 425 316 63 55 52 398 859 369 622 980 218 376 129 295 706 921 634 306 46 811 280 619 652 114 401 162 908 765 531 224 490 908 595 470 732 171 427 106 7 170 879 266 557 300 583 0 339 65 726 804 753 274 426 715 15 904 601 822 149 677 76 771 724 654 280 364 35 46 440 989 292 46 332 431 402 531 995 867 303 361 120 524 38 27 832 
155 261 626 274 460 496 338 586 326 977 149 47 621 924 964 623 832 488 346 813 506 451 478 654 642 773 651 717 155 723 4 131 99 644 952 154 612 533 736 115 734 739 806 442 596 799 55 311 803 432 906 978 451 757 535 698 432 559 372 408 482 370 41 948 611 610 439 278 872 36 739 63 747 217 197 117 934 872 658 743 102 694 8 779 525 86 527 152 85 527 803 313 207 780 268 433 458 225 643 485 
919 764 800 480 950 378 649 706 823 968 187 224 207 340 56 557 819 26 291 745 823 1000 526 519 922 283 293 318 553 144 292 394 253 663 575 136 654 542 137 696 52 712 891 237 864 44 512 310 572 350 715 716 734 287 288 227 808 887 885 952 796 342 906 108 995 985 301 541 179 345 620 62 804 671 110 854 95 19 349 903 16 989 228 466 502 11 294 841 841 111 19 794 817 72 949 340 384 734 652 780 
650 186 408 732 259 565 729 606 217 540 138 563 928 685 385 544 38 415 82 977 546 977 514 982 697 412 656 81 220 71 363 868 180 221 89 663 744 376 967 577 375 339 255 55 583 240 780 725 852 682 551 363 367 779 7 609 914 101 859 583 20 616 42 611 653 256 469 79 489 435 224 437 290 754 859 847 647 751 166 617 746 652 900 418 495 349 56 21 865 488 816 299 473 647 336 107 238 677 964 906 
128 41 695 147 204 271 611 148 409 606 630 295 278 835 923 65 33 542 783 881 656 487 116 74 815 741 761 461 632 473 452 881 917 705 88 53 635 898 724 595 302 424 818 645 770 847 461 947 410 987 924 968 123 987 35 673 393 670 242 170 991 281 478 926 351 646 210 943 235 376 749 129 721 567 338 339 825 891 70 362 741 805 915 914 967 453 651 360 270 394 199 418 60 748 689 161 725 188 711 642 
712 356 939 670 557 36 803 597 65 39 466 221 441 750 979 473 256 103 102 590 783 810 634 483 607 904 663 823 877 121 90 792 766 555 363 107 199 449 49 782 552 598 412 851 204 911 456 273 739 798 582 527 865 77 626 918 543 909 321 978 876 763 644 100 266 826 154 847 652 789 194 713 100 151 866 165 926 659 639 235 929 781 149 152 344 564 485 382 192 609 186 349 876 591 164 990 856 31 129 808 
481 747 299 589 929 764 239 110 461 915 706 387 698 648 317 108 993 144 238 725 63 58 197 400 939 616 476 58 508 593 949 525 940 233 57 126 17 424 19 651 167 614 794 816 827 818 313 395 957 769 24 78 842 975 616 670 294 837 691 709 849 389 877 460 116 356 251 378 351 746 115 458 120 96 521 231 423 149 463 521 485 184 291 791 843 237 814 678 128 250 600 31 804 929 558 89 116 766 721 376 
881 503 924 130 810 486 941 360 509 635 869 479 676 481 664 270 652 352 391 274 587 979 715 215 587 452 645 863 859 958 374 88 507 232 829 754 177 332 409 416 983 105 973 714 213 805 80 205 786 564 174 370 642 537 357 13 759 944 12 552 565 255 677 408 641 991 437 255 239 24 425 218 422 903 743 263 150 765 160 368 671 641 186 250 734 988 287 791 23 86 546 163 865 336 868 858 460 32 346 639 
918 596 11 276 598 534 465 789 593 989 664 427 94 650 830 636 231 129 723 853 611 8 209 357 393 645 38 48 854 257 3 357 778 576 524 47 276 322 748 83 908 726 91 168 319 957 467 954 691 531 679 990 425 77 60 376 544 934 346 846 182 835 797 29 347 441 232 394 688 796 92 845 26 482 959 766 50 994 523 818 49 606 241 200 381 685 610 918 542 944 819 423 111 150 11 673 312 961 120 340 
858 235 908 700 899 779 321 730 705 478 862 557 915 777 620 772 593 662 699 421 545 839 597 588 896 845 345 133 36 349 608 878 656 923 158 334 926 696 573 604 28 210 513 126 79 652 437 363 182 756 1 712 359 141 799 941 392 225 574 403 118 853 83 776 300 938 147 811 551 510 988 648 333 468 13 31 517 284 894 432 400 933 66 710 257 945 698 525 593 401 859 982 702 396 754 748 727 544 949 260 
337 809 541 585 281 996 516 857 586 854 822 934 322 62 959 654 943 762 951 500 642 517 373 616 284 367 345 766 318 732 725 795 519 543 626 24 754 463 736 887 683 660 829 529 682 130 825 362 636 243 92 16 268 123 136 645 277 912 460 528 922 13 44 291 147 605 898 415 403 123 517 515 652 764 795 63 363 773 309 752 170 991 979 217 402 504 853 673 673 655 680 560 333 213 189 651 420 377 947 187 
401 81 404 667 67 778 936 347 397 57 743 230 742 746 81 806 415 958 327 758 412 639 535 434 655 889 843 844 231 422 274 544 955 740 224 841 468 457 909 306 67 421 500 480 432 700 89 669 233 606 680 728 113 932 881 955 499 561 200 286 690 477 321 866 167 451 301 411 291 278 271 660 621 315 995 784 928 722 965 537 327 965 528 433 504 839 512 58 178 705 99 922 746 238 622 409 111 102 287 459 
431 83 687 521 774 235 185 962 829 245 342 904 271 186 558 114 160 33 70 777 958 364 400 291 258 630 737 839 255 404 655 328 667 923 463 193 915 932 556 21 444 548 197 462 197 730 432 453 712 282 907 468 351 224 971 930 537 384 727 653 725 658 167 505 316 147 417 160 350 554 317 174 853 572 721 662 421 512 888 42 418 931 488 357 561 585 404 414 246 780 277 596 149 902 323 652 712 851 783 382 
670 720 950 871 161 591 614 445 486 199 514 473 484 294 418 496 907 317 662 832 349 217 518 189 829 533 356 523 612 465 698 184 780 756 338 614 939 681 466 660 825 355 441 99 415 237 73 917 858 546 323 353 296 316 319 507 309 18 296 961 216 492 889 346 928 374 952 244 687 627 626 575 823 245 466 468 949 405 419 776 649 48 365 413 553 640 856 372 8 214 505 190 345 725 604 798 257 950 632 188 
162 799 962 877 111 496 160 180 47 976 694 13 179 460 806 94 991 135 427 0 75 296 985 507 932 120 211 917 877 643 1000 765 830 814 977 610 254 804 996 603 656 602 725 165 820 328 12 255 246 525 533 11 563 31 947 28 853 313 717 766 832 450 634 968 371 152 997 594 327 215 621 349 543 686 440 220 779 98 696 849 548 577 891 972 31 556 321 569 736 315 625 382 77 939 65 339 808 947 672 172 
285 199 556 314 65 685 607 114 757 880 233 794 684 470 233 596 588 27 674 972 222 705 911 965 1 241 174 346 647 154 705 919 862 778 118 940 707 68 735 450 809 987 666 994 785 861 70 740 207 277 778 20 972 985 861 55 724 857 919 722 819 720 722 632 61 286 971 269 436 77 242 642 652 7 737 8 937 184 718 700 768 206 587 131 701 897 102 885 251 900 646 401 872 230 778 311 647 561 38 678 
221 589 274 502 328 271 57 57 321 90 720 524 226 408 445 864 123 741 7 610 393 244 239 175 842 281 448 135 690 173 897 269 142 975 306 90 526 939 345 480 294 339 470 913 642 629 941 913 311 284 534 307 185 817 209 654 660 883 448 865 501 712 536 591 797 1 653 926 127 15 462 198 795 612 516 278 672 402 17 947 560 774 570 343 284 145 351 129 143 592 386 615 131 356 997 724 31 168 316 919 
572 383 850 513 68 525 163 137 18 650 361 605 534 33 187 887 53 601 791 121 64 937 655 834 521 801 606 328 329 959 489 951 547 995 920 258 305 887 723 525 583 886 81 226 439 701 219 497 902 197 165 511 855 861 354 711 587 531 540 783 109 806 169 17 153 515 749 4 411 246 145 504 576 628 803 267 397 785 993 464 898 825 324 689 680 32 924 728 352 820 848 400 809 879 479 909 518 930 250 481 
732 318 220 988 723 879 16 980 815 99 484 64 116 459 199 99 673 203 456 325 165 648 199 81 369 730 460 206 149 715 632 654 267 344 920 274 215 586 814 383 476 198 146 142 546 30 881 485 50 868 232 155 999 525 70 374 931 506 286 28 83 847 630 225 946 276 944 712 309 231 85 384 923 240 686 262 953 777 633 621 987 665 956 109 947 82 836 710 704 488 273 948 964 488 43 89 781 937 926 669 
994 543 756 148 374 961 907 60 981 204 958 747 524 326 908 289 855 893 139 20 39 729 636 727 644 281 778 935 745 846 762 442 768 743 852 999 398 474 44 164 433 663 948 953 724 582 161 679 169 600 198 66 220 164 341 462 305 261 563 863 111 945 210 843 349 602 4 946 569 965 855 83 934 27 221 546 95 129 86 499 806 16 822 286 399 763 904 783 280 803 369 862 426 493 715 869 237 79 978 930 
928 14 975 342 240 216 970 198 238 65 386 917 682 382 397 193 976 96 966 854 671 401 196 954 654 458 437 638 357 43 37 987 699 306 471 343 697 120 323 687 269 213 114 466 258 88 324 339 746 777 549 350 549 476 762 855 649 185 647 530 686 718 350 191 474 337 411 74 900 920 44 340 985 740 740 916 279 240 674 569 565 114 939 723 677 695 213 966 367 607 486 491 155 840 607 241 724 609 931 455 
340 735 912 103 843 917 348 375 374 456 949 366 826 548 447 789 560 260 937 250 316 404 152 714 203 639 717 226 330 292 230 721 189 937 123 528 694 235 658 208 689 570 643 389 143 786 327 517 2 489 482 888 533 166 700 835 458 621 675 441 297 318 68 985 322 381 99 10 556 842 522 546 983 284 885 63 255 982 201 868 750 577 802 99 418 159 368 287 963 824 890 903 134 796 989 445 66 248 382 244 
255 683 414 942 54 180 831 648 536 828 685 904 158 486 857 414 966 93 327 192 99 895 942 819 158 801 89 612 11 101 71 542 425 423 856 143 34 281 150 696 257 549 521 442 172 795 777 612 783 750 881 329 363 908 505 578 869 630 887 414 465 246 660 618 469 373 32 386 266 733 749 182 200 46 753 496 393 964 910 110 279 766 446 813 564 205 409 110 555 635 680 249 939 154 221 160 569 896 234 413 
995 81 586 370 669 864 512 50 844 319 324 632 625 25 13 438 497 668 473 722 418 166 828 964 934 646 115 732 238 539 732 89 945 770 462 957 72 801 834 917 212 780 385 737 801 166 445 984 238 908 522 342 803 990 899 715 625 163 258 806 798 642 711 180 278 177 694 782 253 937 920 181 759 327 335 922 401 139 873 794 816 666 858 804 885 401 605 881 373 14 833 935 840 311 6 492 840 121 845 779 
592 493 731 917 918 266 70 101 442 892 350 749 940 293 536 274 30 913 484 977 173 332 109 148 877 586 606 407 254 430 144 846 997 611 657 226 958 786 972 920 133 699 398 659 531 837 810 73 849 523 716 8 308 352 758 333 694 218 553 288 144 181 238 808 60 70 994 917 622 460 155 78 503 997 627 717 149 675 78 955 380 25 309 525 782 878 243 555 935 245 714 746 895 393 460 528 517 495 561 438 
300 403 899 951 624 996 484 891 622 544 178 943 142 564 277 745 692 662 870 902 290 959 929 972 801 150 334 36 393 145 536 689 316 761 762 143 960 715 0 938 460 400 230 412 997 604 953 213 328 83 921 252 803 774 676 200 624 423 896 714 217 238 96 302 841 304 892 869 321 595 389 131 824 62 186 974 914 968 833 496 524 554 17 397 849 359 83 360 612 275 626 130 345 882 571 304 502 536 721 334 
972 355 87 462 137 229 511 97 465 127 42 398 830 20 98 709 774 348 83 171 587 936 225 653 200 907 957 417 771 240 201 960 300 110 629 498 748 513 455 967 513 674 974 117 291 473 817 732 552 469 523 2 52 370 201 773 381 103 691 276 308 442 132 910 256 725 587 798 768 186 440 853 468 245 753 394 354 396 631 715 702 456 964 643 739 222 541 25 229 659 410 107 976 142 497 843 320 996 677 465 
496 220 217 908 700 127 315 196 336 617 16 846 39 705 635 581 357 612 921 793 652 909 346 614 403 268 250 568 304 958 781 16 928 817 263 65 569 530 734 512 65 264 504 621 56 316 824 929 977 976 343 718 521 519 821 539 907 910 445 510 269 242 700 576 336 788 893 310 703 298 122 66 904 786 816 861 824 693 692 207 634 973 558 508 19 272 885 503 550 302 622 336 347 525 320 436 267 675 49 496 
644 584 726 759 362 872 502 693 310 882 694 70 700 318 630 741 930 901 555 193 55 151 169 630 983 340 337 877 887 342 669 325 176 929 711 937 160 341 301 566 313 500 532 949 0 499 118 129 23 791 717 959 300 701 60 2 945 917 394 148 549 794 623 529 230 168 217 494 123 260 955 252 37 399 428 688 829 816 145 402 308 329 932 297 845 929 344 324 690 856 919 986 177 69 551 53 855 415 736 323 
248 442 189 253 454 632 484 852 729 1000 266 593 216 336 802 60 282 207 503 71 23 115 176 632 975 156 978 35 266 227 131 773 593 348 532 283 947 559 849 870 28 117 292 421 83 907 757 572 417 390 271 835 770 705 619 388 108 170 100 560 229 51 404 724 288 576 637 142 599 237 127 87 897 139 733 498 831 441 169 778 236 244 259 863 467 555 614 214 116 72 12 575 83 804 794 14 647 379 752 863 
703 789 577 660 531 902 772 479 321 338 82 955 70 946 891 653 69 103 59 26 504 12 640 273 341 102 14 837 985 632 645 403 880 81 700 795 165 289 809 946 408 970 539 25 11 603 482 407 642 633 544 714 635 958 946 282 90 651 179 67 183 245 318 629 426 575 290 851 560 322 312 334 396 763 113 72 734 793 192 433 797 148 39 393 418 656 810 623 326 343 913 465 427 362 161 181 210 683 319 47 
30 884 673 631 989 750 646 990 333 226 428 268 463 487 274 159 929 553 647 427 959 648 981 552 289 585 739 65 724 835 534 920 278 813 447 542 575 332 622 393 760 475 148 487 48 688 430 956 305 873 870 342 916 188 40 898 432 189 942 811 451 373 641 750 743 46 150 952 770 487 364 831 143 567 747 174 960 6 912 507 658 859 577 475 288 820 258 294 390 252 215 694 497 278 339 634 940 890 640 293 
441 729 996 742 289 665 131 525 925 994 257 678 731 556 902 425 37 394 871 605 236 40 685 82 749 314 166 314 584 911 494 796 228 157 791 990 514 772 165 20 516 897 219 16 952 359 865 178 11 429 890 472 668 40 892 295 725 900 536 168 177 506 279 60 60 546 14 901 502 280 748 743 324 493 213 785 514 562 909 801 771 118 421 417 187 188 613 931 607 134 856 299 91 60 778 630 670 495 913 116 
222 556 772 345 968 804 179 314 536 563 299 444 982 165 126 8 245 472 509 101 708 3 399 455 367 751 502 195 587 646 815 604 782 355 49 4 563 962 760 952 842 877 791 169 200 595 202 256 384 136 327 907 844 920 952 900 566 280 772 255 255 716 148 314 269 962 746 69 59 611 9 343 626 509 167 483 876 266 184 819 624 496 93 7 855 7 38 727 308 289 890 301 777 332 295 959 695 169 901 132 
365 995 719 245 433 270 992 292 290 635 150 929 836 903 315 314 899 851 223 391 693 173 248 651 357 230 497 34 156 563 916 289 566 877 210 411 839 392 752 942 390 126 37 790 65 170 459 618 123 307 281 299 854 151 963 890 399 415 737 50 388 308 235 363 294 580 853 851 809 525 872 917 608 576 865 390 73 830 177 889 768 458 115 685 327 315 250 905 531 410 381 714 747 689 801 331 111 470 741 927 
24 610 53 95 735 972 553 655 543 658 390 646 603 23 757 729 783 808 526 431 16 840 76 974 301 20 615 354 431 923 916 576 778 978 3 214 164 182 461 441 538 508 280 480 1 372 965 104 784 980 646 859 652 776 679 919 930 624 400 611 764 89 300 670 370 486 350 224 143 372 849 768 6 694 453 889 816 123 338 328 194 779 136 524 659 846 356 762 890 640 75 276 242 913 486 934 335 89 764 11 
983 641 296 548 316 929 173 447 153 709 824 828 645 865 366 498 714 866 211 372 448 822 146 412 785 914 731 26 338 214 230 365 406 719 638 815 227 943 537 815 422 4 108 485 920 10 975 231 830 569 913 858 896 450 318 257 689 732 384 362 842 384 671 589 184 227 815 720 731 443 128 48 449 335 387 204 573 496 137 633 745 471 122 838 732 450 311 604 829 864 871 16 316 706 116 122 894 574 781 937 
601 445 488 231 237 908 922 138 380 621 793 232 212 421 205 792 790 363 821 582 91 713 666 120 429 76 3 437 411 601 14 733 107 308 586 126 327 430 881 755 78 73 984 234 502 754 486 949 220 410 886 482 178 208 565 550 151 99 504 203 212 710 797 608 879 648 852 374 530 579 120 672 803 201 158 568 918 606 518 952 341 716 438 661 366 322 791 398 608 57 926 136 220 402 964 301 711 479 982 821 
684 790 576 865 432 907 298 624 326 706 794 274 510 452 29 161 327 246 434 104 618 572 690 627 468 995 290 299 639 460 557 876 671 719 633 605 103 983 844 382 913 249 144 304 939 391 266 190 660 65 264 515 88 137 9 902 661 337 585 132 715 982 687 10 692 954 553 984 791 160 937 875 602 903 587 122 486 592 859 402 135 420 921 666 211 778 26 881 72 79 790 258 92 39 614 980 583 872 764 869 
58 402 268 399 408 828 316 479 792 514 660 707 36 382 851 17 692 849 612 347 168 795 282 926 286 412 399 774 4 534 502 753 738 214 237 385 745 107 247 301 588 666 163 380 199 34 623 856 240 531 367 618 589 951 488 410 299 786 539 821 418 875 532 102 146 787 956 534 265 375 122 513 468 793 117 340 940 251 690 779 357 827 290 126 296 268 889 284 636 870 989 613 670 38 527 672 102 907 163 749 
56 111 576 173 493 354 994 867 553 52 685 385 266 742 198 396 718 805 983 704 283 828 288 739 756 764 880 235 268 24 111 562 646 557 217 573 499 429 301 922 135 298 311 928 504 359 423 693 234 815 152 86 245 535 906 430 403 881 291 596 881 74 654 600 825 249 382 594 305 307 817 249 616 44 345 5 932 683 166 801 283 19 98 261 180 853 436 301 884 479 933 723 343 333 715 549 760 774 929 331 
689 533 961 716 880 799 569 207 205 20 626 507 732 616 529 469 10 930 508 31 567 186 999 813 453 441 105 464 695 786 839 561 68 520 351 46 112 951 187 425 583 623 198 757 672 494 732 793 21 154 446 507 480 128 27 370 773 540 943 930 363 116 786 467 941 747 796 158 606 799 841 637 918 764 795 47 25 900 230 293 692 159 145 896 676 907 196 688 652 881 402 734 501 744 429 669 488 910 876 198 
651 592 283 53 495 356 418 133 499 557 544 797 809 732 156 716 436 704 293 544 648 923 957 155 865 152 332 524 471 585 495 724 86 12 509 331 186 122 151 85 11 826 945 628 88 514 86 556 540 168 943 253 690 378 116 213 743 7 356 558 990 531 977 657 451 86 974 622 610 706 802 234 559 188 378 106 216 279 745 729 251 38 199 330 814 408 783 893 32 576 992 528 27 663 832 157 753 150 644 903 
664 266 186 383 186 647 421 30 838 143 384 699 651 80 303 447 341 221 140 698 851 306 919 674 584 36 195 601 759 530 897 622 521 220 307 409 154 369 253 521 760 91 421 764 279 778 921 487 915 418 570 1 599 325 641 742 273 832 883 20 835 513 103 319 723 986 713 52 117 752 666 446 47 626 723 667 237 287 382 163 638 374 330 550 862 899 883 741 603 221 505 903 913 892 443 499 393 563 732 986 
676 442 933 175 429 714 273 510 18 315 327 368 273 722 963 99 954 664 250 467 750 114 72 962 763 556 864 958 11 314 323 958 489 331 614 486 998 519 244 552 586 668 337 527 742 389 204 189 874 447 952 602 841 635 727 609 728 621 670 399 872 495 560 824 136 673 728 939 16 403 168 626 862 297 630 76 833 11 15 276 155 314 443 6 532 504 188 926 802 841 309 225 246 653 834 847 152 407 263 935 
366 357 698 671 65 891 711 83 351 462 572 619 712 80 450 110 834 347 638 392 731 136 28 983 547 16 801 607 762 257 934 99 427 573 476 113 20 216 98 576 804 917 622 404 176 842 980 990 979 912 229 776 235 605 962 627 767 826 231 623 88 373 962 659 230 616 212 135 944 977 562 804 410 17 200 515 664 212 588 81 952 156 33 171 493 941 944 772 735 993 655 587 103 16 665 172 187 692 34 974 
497 68 369 653 365 158 582 786 691 93 973 112 547 320 271 74 468 702 174 926 942 341 926 457 269 817 987 457 62 618 261 539 551 708 737 778 703 588 588 669 249 767 871 593 327 574 138 489 901 57 525 639 225 24 934 996 57 13 167 343 277 436 708 111 280 657 648 226 18 624 628 27 28 229 443 113 903 638 902 323 476 648 786 248 760 546 337 276 713 149 974 475 255 304 134 230 299 709 237 504 
613 158 43 831 369 664 130 492 891 217 733 312 807 851 405 133 829 617 717 891 259 369 486 238 822 411 124 358 215 935 14 191 603 177 802 870 966 879 416 760 776 33 587 880 191 729 80 345 148 659 355 957 483 608 342 343 2 510 134 268 441 595 950 939 283 723 556 178 461 431 325 32 201 668 155 383 688 665 386 301 1 573 954 389 991 194 584 527 300 606 119 893 125 149 543 749 984 232 237 830 
827 757 603 950 269 109 350 240 858 289 626 346 760 629 789 743 930 188 616 965 97 557 511 66 229 470 326 744 189 328 70 597 216 218 546 639 789 930 959 189 892 200 855 963 145 681 811 478 487 540 87 316 517 939 395 820 589 509 795 15 929 51 849 421 66 283 459 253 12 651 646 157 189 972 620 489 979 710 979 375 425 851 195 33 69 910 69 464 981 378 385 481 582 748 995 773 915 363 544 597 
744 812 221 617 363 124 755 503 548 342 180 46 697 105 232 551 867 637 174 327 737 870 415 310 521 108 708 530 914 492 123 211 903 974 514 143 165 437 915 152 459 518 299 613 0 830 79 34 770 196 719 604 152 866 645 55 942 902 733 30 408 52 500 657 276 106 408 275 811 483 968 755 158 40 904 966 914 232 364 380 448 945 213 603 214 371 337 473 278 418 821 480 90 66 522 701 945 99 717 66 
