24162686 22881863 23515886 25470929 26174767 27054298 24885613 25050055 25775438 22156226 24931359 25403280 22123005 24103150 22829314 22207503 23363765 26394133 22172648 25537631 25306134 25086951 24614763 24868339 20858824 23444436 21046545 22867291 25095861 22758511 22878294 28325148 23903016 22901683 23422133 20455438 25954622 23827340 24068850 25719024 24004417 24897940 23347175 23247733 26316801 24853710 27145592 26620504 24118991 23210757 25246824 26497265 26781475 24573489 24490228 24189531 24982408 25899594 24634046 22169008 22666417 28908666 22104373 24660476 25459133 25264903 24343287 25210021 25390954 23851597 26571916 23197347 23374352 24845697 25587987 25159723 20508975 26647083 24644752 24080177 21824350 23508566 21187381 20852138 25473304 23766724 25113430 24131849 27084363 25347982 24988669 23689027 22671090 21363431 22719522 23222585 24868897 25434870 27189000 27469446 
25068344 25200927 24263472 25605067 26871631 26169286 24314172 24014928 27205130 22174492 24910937 26137235 22733166 21919957 23922414 22423439 23275263 26740963 22835496 24302119 25410074 25588190 25299094 26263077 22429084 20983927 24780594 23197565 24658962 22565904 22933890 28002706 22422580 25133195 24854705 21519390 27282311 23769699 25424217 26156682 26396528 26192030 22817259 24749994 25632178 24485954 26281715 26303678 22076474 23196191 26304355 25612105 25768937 25175179 25817089 24355174 26857959 24526997 25202768 23871899 21955320 27527039 23607772 25860951 24591728 25059143 26285116 25494175 23332652 24621870 28386900 24734370 26335941 25163040 26871624 24967904 22119831 26358053 27220158 23783519 23911476 24994432 22689940 21277770 24919419 23022961 24764378 22350796 25333744 24548866 24104634 26597327 20059092 24067495 24721157 24013081 25343246 26032176 26253763 25788696 
25632858 22970823 25115352 25333364 27229000 29423267 26179240 24386920 25241941 24180454 26227999 24643399 21835627 24794821 23894756 22779710 25324605 26617927 24069058 27542023 28414002 25462604 27003001 26279139 23528469 24794970 23644741 26259324 25803664 23297216 23503009 29275337 24530318 24070564 26499168 22619318 29411736 26772371 24936277 26001297 23310857 26997860 23438236 23697132 27560055 25085890 26579400 27467028 26509599 24013319 27075075 27603600 26915118 26207391 26730626 25980554 27003905 25909177 26279142 22824785 23213691 29259738 24466498 27055283 27397148 24476694 24896198 26841546 25180928 26110306 27887756 23953098 25111197 28609642 26096286 27357360 23972031 27727269 27219987 24119011 24703678 25325205 23658321 22273688 26300068 24408696 26526151 25421811 27742430 27041248 24346992 25456954 23425826 23360804 23504792 22838457 27599194 27924050 27146218 28554566 
23089341 21958747 22475383 24205585 25335590 25514261 23801566 22457279 23005199 22006899 23647026 23520568 20985943 22214392 23561532 20213220 23379248 23355107 22297880 22053578 24579981 23154427 23212518 23324018 21032728 22288262 21008939 23063972 23253205 20869867 22129948 26932732 22816759 23942116 22938787 21025740 25802162 22436995 23910476 23742841 22016560 24635073 22227760 22046394 23400445 23072633 23734285 24012398 22705999 22437589 24470561 25526417 25133587 21653393 25343083 24761923 24672223 22197643 24216605 21796993 20332050 25798421 23261582 24716416 24906056 23282496 22670885 23741666 22915727 23879155 25954172 22536503 22692181 24540353 24784697 24485181 20864826 27493038 23917459 21595241 22006084 22885731 20868512 19629825 23727564 21606187 23937261 21552062 24696965 22819387 23913990 22708217 19283828 22016401 22281671 21608773 24728368 25884949 25016173 24993505 
25491616 23527254 24107748 26016012 25421425 27796858 25137781 23711782 26990649 24564283 24700660 23562957 23602043 22217953 23858378 23769503 25165169 26247352 24017881 23847899 26216004 24986304 25031526 25538837 22610856 23660276 23067485 25330488 25058032 22838288 23336744 29118183 25244019 24406664 23405331 21202092 27659030 23785209 24947804 27279087 24095310 25587376 23497958 23701270 24866771 26332724 25861140 27240425 25711775 23925860 26230427 25319859 27476284 24426981 26322736 24700490 23519893 24639702 24533951 23530916 21962907 28135298 25038319 27204380 25408500 24768477 24960497 26382458 25306715 25320104 28393477 24552789 24574467 28823636 26061544 23392876 22906909 25171005 24779951 23286202 23454147 22959544 21504938 21306110 25666292 24957954 26077962 23448155 26467688 25100695 24335768 24931022 22936871 22033107 23407318 21671625 26565820 26898584 28280462 26637850 
29057587 25193231 25549775 27646403 27194583 30824356 26080469 26965121 28050721 24986409 27215314 27706746 23008687 24330193 24556399 25279363 25365578 29075769 23780912 26016761 28006451 26569430 27763209 27183963 23065806 24979290 24061123 25296399 26347827 23748892 24823680 30498152 25388627 25130625 26008919 23922566 31760306 26438252 27654765 27882807 26302913 28043384 26538029 24698451 27937897 26655576 26781877 27767345 25941333 25134721 27319084 28284885 28701394 27581600 28033592 26834275 29254929 26418406 25497617 24923102 23172852 29457632 25951319 28081014 28562778 26231309 26730337 24375612 25753570 26849180 28814881 25180167 26958574 28000246 26836206 28275286 23527034 30413311 27586820 24147149 25230581 25433343 25506138 22124444 28760400 24717103 26534502 24959736 30427322 27822722 26120060 27886059 24023870 24203087 24923536 23460489 26274707 27457787 28632921 28657212 
26274141 22695713 26308016 26345845 26258498 28339678 24674652 24660232 24990463 23799957 24020989 25058659 23272925 23327946 24684466 23890473 24043644 25189429 23101973 23528893 26807895 25813577 24138616 24838586 21472821 23441031 22287905 25971024 24653922 23011188 22616480 28172800 24398222 23488029 24408590 22705109 27776314 24629540 25435106 26699228 23624924 26989219 24353836 23487434 26267467 24945253 26308567 26849503 23994911 23644015 25581554 27192002 25635198 25113930 24382968 25917097 26886656 24529976 25510182 23390772 23135289 27367128 24718466 26228355 25586223 24480459 25426596 26007031 24192986 24977365 27391736 24119535 26009261 26628101 25772153 25713182 22525601 28565115 25000075 23815067 23970965 24330696 23632189 21539848 25690887 23330923 26327188 22104160 27158368 26202955 24280511 25816727 20880794 23450597 23283544 21354826 26174765 25106123 27252338 26754367 
28735296 25486427 26229746 28269279 29614202 30824645 24328102 26088402 27337995 25512354 28796116 28124197 26167641 25522402 25305244 24092335 26984530 27806969 24676610 25423259 27887956 26559856 26962310 27496284 21433105 25142287 24194582 25278713 26577029 24976936 27064929 30948768 26094662 26145112 27195140 25061819 29707141 25398498 25630914 28675671 27318824 28669715 25186905 27173395 29427464 26908571 27186336 27717285 27517212 27149563 29167120 28333808 27510101 26220162 28142862 27819891 29114675 25186862 26603226 25948142 24898600 31110646 24702551 27986548 28741816 26847526 26882132 27918132 27251161 26796282 29841986 25887111 26008912 27957044 29002625 27833171 23175763 28360515 27123195 25996085 26316253 25599682 24388540 22776644 27374628 24439693 27695277 24912983 29017505 27471944 27243490 27836438 24713288 24875124 25599360 25500492 28560049 28557844 28925022 29319184 
25254202 24642020 24954616 28265717 25903107 27061534 24065551 24455400 25572572 22327395 24922116 25669125 22763911 22421457 25164057 22048096 24274224 26182115 21225746 25204259 27169242 25934290 24639521 25524413 21311110 22454258 22077425 25751365 23527044 21982738 22801861 26898699 24054041 23774955 26017592 22564905 27481100 23572700 24363454 25483768 23318528 26336779 23124411 24239089 25793815 24550183 26005796 26545611 23375309 24311109 25427159 26497428 25302732 24787356 24300773 24441141 25790030 24606436 24393075 21851382 21381933 27061403 23209908 25646587 26521014 24408215 24216795 24923091 24041748 24793768 27442938 24398276 25095638 26754917 25529436 25434470 20104731 26776096 24985426 22875349 23445193 25562927 22058479 21299544 24284712 23743453 25594959 23229907 26615428 24632281 23874986 23877263 22443301 22336064 22226757 21371221 25559730 26852288 27232408 26662883 
24021661 22741896 22227580 23402888 23741968 25059784 23544833 21116426 24404417 21605324 23339008 23031994 20727495 21667940 21813790 19415326 23069396 24760384 20781569 22692529 23665096 22150409 23902264 22089236 20518294 20774979 20213383 23133214 23029690 21241663 21946708 25707764 20985151 21920381 22207497 20060679 26617627 22633873 22788908 24969262 22904123 24001363 22521303 23108802 23135431 22225941 24303703 24545559 21172238 23285771 24140275 22974041 24049923 23440906 23524161 23857916 24449148 21911947 22909140 19570248 20770685 25474594 21134130 24800465 23747768 23631282 23533451 23296677 23103206 23096066 25847323 22963179 22371141 25561814 23857310 22215145 20633618 24346602 24187845 20502145 23381967 22978376 21184754 19478276 23967562 21709292 21883953 21263327 24136949 25611751 20660425 24544364 20952006 20636772 21278957 23152754 24377369 24752203 23803237 26458049 
28331206 23977729 26426270 27514913 28057477 30854277 25323810 24544934 26612367 24263428 25820874 27193593 24008980 24800324 25491343 25392750 25575529 28168456 24955558 26387607 29133932 28380354 27474884 28468712 23937435 24767724 25784601 27261917 26976613 24743989 25750701 32041929 26129497 25239224 25812975 24669323 29726248 23100391 27601954 28823677 25941995 28848897 25300403 25069676 27940972 27277121 27695303 27479040 25515477 25365062 29199928 27309737 26403267 27073254 27238485 27383111 28812860 26236296 26801726 24928543 22892973 30037607 24415573 28423208 29334825 26808696 26999239 27221486 24404937 25601957 29170358 27242348 28116380 29209477 27796429 27351849 24001085 28052297 27445810 24087497 26644589 27255361 25036866 23391095 28346779 26205638 25423431 24661081 28538951 26613386 26229721 28884563 24989606 26093002 24714234 23793367 26214905 29191563 29934559 28693925 
26476733 22836345 25098654 25821655 26393769 28532808 24914400 24707076 26738411 23673825 26935803 23416839 23625485 23527527 22375666 23649864 23005975 26125902 23952674 26278195 26727065 25448768 26115365 25388923 22618022 23729276 25821013 24068179 25612498 23400256 25080469 27562582 22851902 24340618 25223018 23505848 29710865 25251233 24424286 26523842 24308899 26650625 24647995 24787642 25935612 25359582 26705174 26356186 24804287 23693190 26478735 26636705 26002390 25696818 25377305 25732091 28372139 25693596 25739287 22558936 23687358 27341275 25137705 27390564 25176918 24773832 26723407 25632032 24593797 25011893 26845762 24069983 26317809 27101458 26897270 25558786 23109154 28237955 25352379 23299204 24509013 25461230 23912484 20815277 26773231 24395615 26529989 22499180 25637755 26503543 24549700 27619604 22531410 22578246 24089239 24722554 25256691 28073126 26781506 27352212 
26960052 25893879 26482972 29515217 27997081 28643410 26925313 26199487 27803100 25213523 28057837 27163677 24251222 25721808 26642387 23830478 26336276 28033640 26436480 27654800 28833523 26820646 26829453 27550617 25309040 24200264 25538846 27530645 27868788 24080742 26274509 31140061 25589522 26426942 29191666 24158131 30753352 27132803 25369824 28638633 24199534 29234401 25890542 24594642 28117971 28706468 27035093 29049721 25947582 25689150 27147925 30017887 27239378 28059488 28191791 28650664 29259022 26304280 28315920 25285754 22444106 29540388 27714336 28425524 29508186 27653384 26927863 29161312 26073663 28033975 28587415 26238110 28834149 29285202 29012024 29261708 24881239 29049708 28835733 25782703 26129132 25244462 24739800 22998604 28480765 26494109 28168364 26339457 30083759 28861840 26959366 26416976 24338045 25066688 25549142 25541083 28774249 30350822 29398336 28154408 
23434144 21321452 23888820 23324613 23640763 24519172 22100624 20588412 24193482 20413608 22082226 22472028 21377942 19302169 21494654 21050569 20920877 22547519 22928433 21732085 23678709 23566834 22699181 21783814 21328397 17675673 20580224 21741444 22888309 22480593 21609898 25652310 20540326 20253407 21054097 19093329 25262853 23009922 22740010 24473275 21883648 23544624 22649071 22852414 23583162 21823687 24458598 23580148 20978190 20820226 24211294 25123780 22548023 22605604 24152900 23296957 24735134 23427250 23156349 20092888 20096000 25355757 21353641 24333603 23378459 21523118 23527420 23393454 23410261 22846656 23875983 20941355 22410354 23184314 25730676 22858654 19270616 23955764 25244683 20849648 21233539 21978137 20884333 19168131 23796275 21820614 21474246 21237958 24015188 24751620 22268389 22708971 21337266 19948306 20319182 21450986 22495006 23719782 24729186 25789893 
22886469 19580969 20060814 24569638 23427098 23918689 22542768 20082441 24704506 20787562 22984546 21759455 19792024 20178543 22557198 19161462 21866085 23449601 20651519 22595843 22453000 22572432 23162969 21077442 19379720 21790833 21260691 22510321 21692449 19382736 20750232 24732222 21021219 20416277 21833963 19676510 24769343 22097866 21441723 21536783 21050885 23330139 20529125 20105410 22398970 22773965 23651566 22224641 21759702 19756274 23177053 22045607 22991295 21794678 24178907 23110252 21574665 22159861 23412035 19863182 18800993 22973604 21380209 23637121 21505502 22922641 22670752 21623439 21858656 21704772 23493356 22003225 21837113 22038572 23559953 21866008 19370896 23029536 22015487 21197101 20513349 20907265 19728172 18444998 21638498 21427988 22572682 20299424 23551007 22408689 23315418 21899537 19001550 20134825 19497050 20098191 22175832 23397014 24497234 24729382 
26708529 25065236 25987529 25433336 26295131 28102138 25867396 24600716 28247547 23883419 25828358 24908218 23023181 23066886 23243989 23912895 24224648 26360830 25079765 25320098 28370786 26803806 24503999 24761522 22684397 22800462 25405767 25113779 26114416 24043400 24793148 29583378 24244990 23113016 24925855 23085503 28644644 24398352 24161941 28415314 24470522 26329068 24233476 24475088 27534639 26262044 26146000 26057071 24994690 23963498 27293408 27239655 26259081 25953334 25624234 25234873 27803213 26585359 25221072 23617607 21520401 27487251 24792979 27267365 25371212 25763870 26186757 26175738 25925264 25502913 26306840 24708905 26820290 27511181 26629828 25406520 23190073 27543050 26277762 24306024 24749617 25282818 24374985 21826343 26847598 23185561 27886767 23270760 26724694 26347827 24175660 25564795 21995264 24534447 23174151 22214626 25473309 27832775 27788193 26357745 
24929009 22496617 22471073 26215108 26797053 26721206 22804722 23674208 25782607 21513168 25537054 23398590 22043996 23391722 22616920 21336289 23662034 26008574 22006468 25830881 25142911 24235152 26178199 25684291 21653381 22410944 23316422 26724506 23327742 21230574 22551507 27851397 23437709 22813780 26042611 21989434 27437684 24845029 23816413 24285911 23363787 25402488 21986514 21772454 24709998 24516842 25178751 25388793 24041472 24379024 25602880 25122032 25219343 24340488 25353943 24842971 27133730 23662189 25119077 21175541 21205480 26369237 23575150 24081219 25427243 23652355 24430896 24945471 21639462 23727221 25964956 25322327 24930137 24556129 25215677 26008307 21395523 26035617 25077502 21548170 22660270 23661480 22292241 20874762 25668210 23206947 24442726 23369112 26334425 24894017 24301725 23322002 20112788 23109989 21928987 21680815 24985382 26630177 26863174 26110410 
24290797 21920264 24042072 25791505 25769055 26626726 23458513 22378063 23564632 23203333 23135236 23547255 21678777 21113842 21897127 20995114 22290966 25124640 22248492 23354750 24579615 23800547 23008051 23460127 20468627 21674493 21772871 22613956 22730552 21725786 22323218 26869685 22812158 22964526 24525470 20981263 26894638 25171908 22525865 23002677 23141756 24716132 23003113 20530233 24291999 24605320 23866019 25677215 22547480 23080936 24286914 25219256 24162193 22804418 25741567 23703979 24697948 22808105 24458448 21488689 20806900 26240263 22304666 22594357 25195274 22877206 22432888 24480057 21479881 24869902 25896555 22382564 24610496 25970068 24970200 25181277 21377142 25924256 25883853 21237900 22392122 22682249 22445117 20048260 23357808 22103426 23524081 23273786 26793542 24646715 23114347 23159441 19788207 22384285 20733561 19707393 26338297 26526108 26388163 25988239 
27332057 23052487 24363129 27345076 26107079 27049224 22589088 23542821 26206911 23232579 25805106 25598661 23482238 23326150 22413964 23626038 24062903 26328582 22391503 25013818 25668151 26624659 24787268 25499611 21493100 23586077 22824210 24792309 24219672 23071488 22733703 28479273 23965576 23438904 25340175 22147411 28245330 25140778 24339289 25920503 25398115 25209800 23614438 24283959 26034302 24952143 25839041 25794667 24218459 25037704 25776141 24178541 26590693 25558558 25460702 25599587 26642330 24590936 24259641 22884164 22848072 28336869 22558491 24922691 25800235 24067966 25433377 25653873 25056704 25724999 26632094 24767073 24882635 25620861 27365757 26071266 21489424 26573054 25931094 21833330 22325671 24442177 23148678 20628807 25022047 21859222 25645489 23028475 27481568 25462328 23397535 25322776 21814410 22812705 22591327 21830393 26533272 26817173 28081983 25473496 
24332578 25269775 26782382 26697737 27048618 28387784 23063247 25265946 27315436 23951663 26580095 24908901 23650953 23218657 23920567 24463895 24511790 28301203 22292545 24550813 27583680 26602798 25555466 26995580 20949197 24273158 23724308 24409960 26063612 23374626 24661987 27287325 25566556 23867382 25074040 23500759 27947096 24103182 24674902 26618559 25068788 26349547 23593054 24843690 26124159 26077350 25489010 28221598 24900853 24586282 26528426 27315435 27561602 27008056 27344851 25534848 27481824 23398209 25288312 22971702 22828354 29319209 24359109 27221064 26443185 25543441 26809465 26083935 25974249 25682934 28913631 24928780 25753989 27447446 27470428 26750261 21983975 27374469 25559858 24631751 24381165 25084837 24455476 21250925 26953086 23749937 26412500 23438915 27876588 26135658 23759827 26938308 20112236 22503339 22814355 23648147 25220677 26931794 27039805 26962791 
28282706 25807055 27890753 30817360 29011959 31585699 26329151 26209118 29408071 26680727 30247450 27524768 26032656 24841175 26872078 26306442 28214999 29391430 26747490 27285561 28704681 27758306 29635798 26869931 23342516 24997837 25883678 26883464 29391475 24821200 26623202 32868312 26508096 25876125 27126668 25644462 31681530 27788587 26455429 29245052 25447977 28904571 26672213 26550339 29915478 27014747 28862966 28840284 27101726 26326428 30388073 28278962 27854589 29264544 27398159 29508581 31324883 27817523 28110282 25373521 24806895 30838289 27701510 30057030 29020563 25764249 29404481 28162494 27583747 26966128 30754629 27052719 27240738 29931064 31461817 29415767 24666877 30101105 28963378 25912820 25992027 25973883 25476994 24315276 29237827 26370327 27796296 27037848 29599351 29458374 27477631 28619292 26150812 25601671 25000554 25579200 27228085 29046555 30832185 29370499 
27662827 25394562 26225620 26821853 27780553 28429043 25405713 23584309 27201098 24098681 25059897 26453460 24172617 23386588 23821986 24938545 24478341 26825804 25209709 25781558 29170873 26515809 26557280 28256092 23358969 23449598 23959518 26193990 26295053 25078518 24542278 30086973 23820217 24224717 24479218 22326804 28740356 23357082 25969298 27230951 23767121 26713301 22498263 24560354 26880459 25674982 27615766 27154786 25694163 24378470 27257236 27027363 26857611 24872141 28296612 26524997 26235792 25380423 25887494 23878126 22807744 29860472 24053026 28373633 26578589 25890059 25632812 26599770 24811611 25897636 29474431 24338136 26494600 27785521 27900578 26148448 23702725 26623637 26776667 24361780 23047013 24562673 23444507 21893906 25964109 24459568 26067139 24247836 28770885 24873640 25510463 26940559 24254876 23452897 23182857 22915703 24865039 28575699 28064770 28246052 
25408280 25019639 26230517 27074696 28497667 29343965 26249357 24875085 26411066 24865808 26506306 26774917 25773607 23177283 25626728 23054460 26792043 27785177 24498638 26515393 27295306 26874481 27519349 27278271 23169735 24753371 25480880 25871652 26249510 24842012 24014308 29196006 24773827 25825578 26548878 22738458 28786453 24727992 26029524 27174736 25253126 28134731 24724556 24488587 27480256 26486423 26722887 28025931 24825616 24907394 28912425 28781500 28222719 24167441 26918038 25369848 27613158 24913242 26394729 25137583 23094280 28850685 26265954 27300609 27614037 28045906 26115752 26744659 26058859 26454564 29880441 25348196 26721703 28488806 27843800 26472813 22805039 28921798 26879049 23441896 25079196 25551368 23304363 23373204 27446018 25234637 26108504 24440612 26705894 26973034 25417673 25465467 21978509 23540495 24142421 25479512 27100854 28048885 27730493 29886874 
27413008 24558946 27073905 27912857 27603820 29489455 25521207 24220532 26055213 23931194 27257063 26160002 24279344 22815402 25355475 23512984 26049814 28111031 25437962 26601187 27450270 25645987 27371297 26383658 22387193 23872683 25529637 25625949 27645858 24252919 24579613 30024742 24823172 26738470 27170401 22264620 30185755 27380251 25984630 28092978 25342964 28743356 26374507 24908105 29842144 26147185 27343518 27275518 24925162 23847222 28301215 28175515 26492087 27741987 25914927 26582165 29836375 26776692 27430434 25175520 23787256 30680819 26167923 28883791 26750344 26361385 26905404 26532348 26886384 27051747 28724334 25137992 28506608 28236569 28559548 28657738 25143736 29687713 27947806 25329523 27173336 26401920 24461443 20659411 28046252 24908524 26841274 24894924 28290306 28172032 26526545 27750293 24933070 22708059 25084781 25316589 28786828 28605708 28190176 27773779 
25161761 24804948 25194158 26664255 25909212 26991168 22661727 23874011 24844744 23570542 25865450 25470885 22626370 22652683 21260890 22522416 25495647 24419916 22203831 24375037 25290693 25507157 25113444 25649431 20239431 22852185 22142940 24309726 24871581 23353094 24575069 27355857 23689000 23405346 24431473 21280385 27478635 25006016 23536250 25776537 24145175 24410684 22101346 23162672 25941712 24027103 24562061 24595229 22474994 23914969 26455121 24594939 24814302 26139421 26222701 24206301 25737703 24495173 25237924 23305527 21394800 29284752 23898630 25651197 25991957 22947992 26915629 25851846 23539800 26097098 26186044 24702858 25180203 26585410 26232343 25761818 23111999 24354592 26202952 22794208 23392936 23432245 23368682 21080879 25114923 21690137 25237876 22436660 27644321 25110271 23509914 23232465 21467792 21455685 23189425 23839473 24808279 26796922 27558046 26807244 
24985976 24029239 23479630 24751582 25312285 26761682 24051994 24125053 25718544 22573562 26018249 24568505 22520258 22020148 24028940 20861858 23969942 25275639 23342004 24021340 24995668 25471064 25342081 24550711 21504383 23435858 22871198 24464579 24513367 22435482 23956775 30424776 23077596 23328171 23542546 22567603 27595999 24344921 22626563 25552104 24700424 26104885 23186155 23042573 24676997 24035722 25423517 24251131 25415683 23052912 25498131 25376155 24936571 25015645 25703144 25167460 26790180 24033386 24189727 22474995 20585537 28521594 23662776 26357626 26550046 24091808 23830025 25152751 24580653 25466478 26403778 23271185 23149417 27158356 26743861 25785240 22107495 26886333 24172365 22026848 23561224 22765666 22507278 20476622 24003691 23029706 27135744 24389669 26391557 25392730 24714152 24935382 22668629 22079549 23486172 21405690 25248666 26668957 26146451 26333836 
25483780 21451898 23446777 23672063 24725643 26279883 24165063 23922452 25274206 21739785 25249500 23505302 21325564 21385871 21723434 20283294 22198950 24567093 22802856 23490558 24880829 23883283 24368979 23815857 22170243 23072258 22236086 23765762 23247861 21010417 22672909 26560800 22752874 22543293 23160830 19738139 24732327 22094292 22236917 25215439 22600406 25962180 21927178 21804345 24907949 23312475 24794829 22856474 25634572 22399110 23993663 26320268 25628856 22116053 24564665 21619830 25361809 23895956 23824329 22961811 20813186 24907991 21914578 26098700 23744059 22998942 23218379 23922969 23125322 23761597 25834372 23081336 25276204 25392789 24829503 24063184 20652107 24322500 23532844 20589782 23731478 23333120 23173067 20978685 23286432 22490834 24471892 20851682 25038650 24530009 22750020 24619172 21088709 21111921 21682737 19946137 23273796 24925342 25324291 25795801 
25524162 24760465 26178220 28470310 27658780 28386209 24807911 26750655 27722660 24688204 26881426 26393468 23533298 22551646 24526128 25371721 26216801 28187803 24463171 25413351 27343326 26587366 26502437 26442283 22116024 25485421 24717876 25276692 27654572 23647239 23963295 30772990 26432808 25193560 26470430 22556189 29531673 24703729 27542060 27448378 26414299 25867008 25063412 24959656 27582235 25966518 26331610 27538441 27626516 25700250 28276734 27650626 27670448 26190868 27319945 25334622 28784875 26481926 25371634 26038101 24306560 30365507 25610273 27901365 25935766 24534674 26586307 25682334 26495596 27403972 27699158 24971610 28018443 27191529 27807645 27010038 24145646 29480148 27699815 23745253 25937673 24122381 24953479 21553843 26832435 24252921 27747189 22900385 27469789 25312279 26372337 26652891 21973572 24445079 24320501 24478290 26876061 27482620 27749483 27049550 
23561423 21577176 22716799 26008455 25696888 27423982 21898672 23403730 25158269 21389297 26093850 23078173 21613967 22251461 20577110 21184178 22758380 25503094 20485427 22383949 23928332 22482658 23715667 23188224 19856008 20848785 21918384 22785509 25153998 20324138 22147363 26295508 21212365 23893592 22777512 20423105 26014898 22332819 24885644 24164470 22524930 24633331 21971843 23369915 23906572 22400978 24083699 25440315 23712783 23546182 25486660 24642422 24027652 23167982 23289378 23725169 25289646 24564541 22757934 21837847 20958447 26281598 21498207 24628520 23554306 22329608 24683364 23281293 22707068 23617496 25210097 24750302 23801156 24097076 24905513 23552634 19032063 23280343 23016615 22238238 21678310 22757831 21074668 19580772 24483317 22866813 23244866 20954539 24599458 25038846 23317327 24313658 20679869 21031687 23501820 21176708 21896102 26124130 26225453 24841924 
22452947 20646465 22251517 23821225 23395483 23920556 22208412 20289569 22481956 21354074 21264405 22703898 20134175 20494071 21828939 20948872 21107649 23875968 21208631 22679012 23862827 22264251 21846001 22185486 20444391 21430716 21148235 22652292 24244610 21187722 20451013 25901426 21996750 22042418 21610809 19470031 22572374 21484290 21661809 24489785 21788148 23562529 19742619 21289019 24415204 20888006 23830092 23310721 22345424 20837288 23835309 22862411 23672690 22682400 21979682 23276892 23811153 21379696 23448013 20520896 20835496 24876502 22604099 24082662 21111373 21831055 22726339 22250472 21580543 21899610 24488879 20269494 25180092 22900993 23062208 22958499 21219702 24398753 24471973 20079285 20423226 22231843 20797275 18230984 22812356 20619092 22849574 20509365 23130734 22406430 22638324 23189129 19411516 19466463 20486086 21126429 22074402 22861364 24253286 22527370 
29616938 25273801 26233952 29514775 28947721 30022086 26863958 26376468 29648795 26553730 28033167 28383319 24207286 24921264 26131947 25934924 27307612 28844921 26034093 26067350 28587291 28127409 28478047 29383643 25022601 24339865 26489944 26600297 29536911 24270362 25475418 33057284 25305543 26883361 26528895 23455150 31712616 26819246 27869499 28960711 26733569 29104902 26752601 27168643 29885716 27422185 29687177 31023096 26493806 26013453 27849419 27569082 29090581 28339031 27997906 27678528 29989161 27883297 27917589 26354982 24617984 30498642 27511432 28927838 28440896 27311734 28378278 28174201 28383129 27539273 29542801 27979525 27663766 29874770 29004056 29118857 24768041 29612326 28811756 25491408 26771270 25770656 25925238 23147143 28859071 25809225 27610581 26873317 30179270 28522933 26378248 28303358 24540698 26268430 26060163 25796067 28733403 30135005 30177621 29559609 
27513350 26381565 26494465 28213725 28400425 31300429 27023119 26782105 28677990 26266267 27333736 28217746 23884823 26468718 25058729 24082302 27027396 30270032 25216510 27253674 30405166 28174991 28189994 28360391 24440248 24255485 26324876 27455247 29256637 25551408 26805392 32094644 25809190 26561643 26178427 24079030 31502209 25664637 27447509 29415463 26306413 28302430 27284659 26324009 28122223 27525147 27738707 27907166 26533874 26486229 29717047 30075406 29218515 26968656 27335413 27560618 28572157 28057520 25936896 24865962 24435723 31233477 24644669 30075945 30372620 27698393 28273798 27831254 26574130 27459278 31015338 28386294 28197300 30127441 28021667 28353755 23198729 29058921 28181740 24501354 26931446 27145537 25660881 24420387 29466505 27035358 27838524 24887021 30008786 27930180 26967286 28412210 26049023 24097051 26268868 26324979 27277160 31065806 30126987 30211039 
25384017 22898348 25492209 25144558 26375165 27538913 23015486 23160925 23832673 21674365 25696806 23464001 24805840 22472338 23384950 23181837 24094422 25400287 22104104 25267671 25948426 24440040 24875689 24915942 21498383 23267472 24583204 25416906 25845298 22970484 23802058 27568843 23552303 24600718 25920352 20995440 27588688 23044357 24901191 26198207 23690436 25186542 23142268 22711696 26046219 25518531 25400329 24702725 24410205 23865495 27018434 25456857 25030455 26578239 26658679 25717877 27489369 24114204 24755040 21744192 20300535 28710210 23258936 27200652 25661087 24907028 24564419 24530039 25304127 25722793 26465369 23646824 24311851 26553331 27523364 25795192 21593990 28687482 26554205 22977516 22449866 25009701 22264705 21847307 27829562 22955334 25351723 22849802 25984646 24798961 23652426 25150304 22000532 22038299 22865569 23033324 24611286 26961455 27682280 25115682 
26804970 24070224 25362108 25806731 25867083 28412601 25434486 24982160 25393000 24102535 27776649 24776560 22157597 23845218 23841219 21450233 23322182 26842053 24103111 25533642 25901175 26146458 26649899 25517401 22547717 24098106 24226571 25063131 25671418 23945794 26099975 29517079 23818315 24749952 24849805 22856159 28051110 25266558 25221091 26219364 24114810 27480303 23997242 23246613 25819561 26295748 27302773 26040136 24423919 26038942 25745713 27370990 26838155 25727934 26029115 25799360 28133786 25118911 24951475 21975784 22567475 27942747 22917841 26560053 26573186 23462711 26140006 25128606 23157383 24711705 28364941 24477493 26123469 28646227 26940307 27260378 23448950 26658473 26014702 21210879 22644262 25123143 22983448 22738419 25503230 23777083 26667499 23460020 28067763 26029384 26013613 26619886 22649408 22007526 22934246 23778466 24718156 27354821 28918935 27707587 
26372928 24753161 24970049 27619691 26189619 28054355 25803811 24218691 26964369 24324702 27640331 25259962 24000471 23175131 23972343 22603172 24256092 25344629 23855802 26142266 28556301 26435922 27101014 25602807 22740856 23968030 24578623 26384607 26310896 23395108 24468544 29122648 23579342 24178203 25777294 22976248 29527962 24932402 23400382 27190433 24414856 26550277 25114877 23456646 26246349 26060895 26533696 25985489 24692719 25866301 27076371 25603125 25893518 24356478 27074085 25133781 27655268 26501618 25526388 23274421 24442278 28073253 24833414 28585004 26587470 24371895 26603074 26535699 25661129 26425778 27585125 25259940 25673156 27523643 26267504 25264833 23237377 27964860 25617954 23833856 22928735 24276891 23894323 22040254 25865955 23478515 27162572 23851456 28749883 25654172 25269702 24770686 22707951 24509845 23415396 24047339 26777865 29735201 28691752 27871569 
24162123 21993627 22838228 24521266 24005333 26047123 21638441 22621530 24025183 21802817 23764114 22679393 22831442 20663761 20780360 22378767 22663947 22882881 22350132 23190367 23466104 25385331 23588598 25133225 20106345 22699777 23293812 22338000 22158476 20961557 22309681 27255409 21355201 21779308 23960345 20624992 25096801 21810997 22187189 23235483 21721840 23790412 21813621 20981813 24240351 23230152 23376106 23126590 23154580 21568705 24678715 24436293 24357630 22319786 25550931 22779458 25477085 23615180 22960549 22938726 19903516 24538983 21692719 23941185 25063469 23631632 23701543 24377424 22476293 24876770 25046646 22798633 24594965 24684448 26694981 23870736 21754794 23383162 25367682 21844449 22274164 22497018 22020982 19369081 22166332 21907092 24249281 22079379 25350428 23244209 22412804 23218339 21220821 20152123 21420626 20051531 23536166 25173239 24906083 26010447 
27932548 26342737 27518131 28712941 29979853 30350299 25961441 26413579 29368544 25353718 28493621 26764531 24870983 24181307 25168786 25746319 26539329 28766643 25102513 26068349 29195601 29024468 28644603 28128409 22519484 24316525 27078923 26444719 27440751 24088039 25461707 30318777 25874805 25780371 27430968 25033022 31279891 25094479 28357062 27898721 26150594 27842606 26184433 26111159 28305119 26878950 28235284 29222697 27666457 26494846 28730535 28753748 29202422 26320367 28121379 26200569 29945180 28100504 26582525 25767472 23806196 31210512 24806958 27869898 29499043 26719951 27827364 27528971 27409883 28347022 30278129 27172188 26494025 28766680 29101022 27497052 23024893 30179093 27813272 25455826 26399166 26498396 24146802 22745267 28826951 25639370 28138206 25368259 29327256 27205567 25897761 27766523 23877986 24011888 24543032 25311843 27149520 29120398 28634391 29363796 
24517516 24561607 26065631 26396578 27678725 28544872 25108046 24386848 25318864 24208470 26077375 25667257 22444769 21713131 24355913 21991858 24313548 26080040 24723081 25505546 26867223 27246266 26009061 26279220 23562653 22106767 23534491 24946920 25353987 23595781 24180496 28931552 22989827 25669068 26915623 21469032 27472365 25102512 25046856 25195423 23433057 28266297 23715764 23385586 26307634 24993973 26351591 27158588 23653440 24124783 26474597 28984835 26187799 25954795 28505722 24085077 26535815 24959133 26634611 23428029 21175742 27762024 23772688 25829510 27543864 24038112 24933187 26485532 24401790 25662836 29397012 25537204 27216302 27913018 28640659 26806871 22644199 26541031 27330859 23632650 24051057 24135647 23844055 22530079 25379612 23004919 26328662 23665184 27853544 25909626 25721104 25371519 20601757 23693271 22974206 22364638 25147761 28339689 27936214 27133327 
25674139 25459293 25636799 26378805 25942068 29056582 23841198 23969302 26793401 23491711 24984652 25768157 23242069 23444865 24802380 25106035 23441686 26503050 24600059 25411374 28485701 27829076 26090324 26274291 21235491 25105887 24484177 25451508 25499000 25156448 24342792 30077282 25083262 23751651 23975969 23538983 28367571 25531868 26268439 27194234 24693955 28023440 24050161 23431969 26123919 24907757 26050415 25571128 24320208 24350817 28631734 28011633 27617609 26342360 27392746 26285578 28623032 26707533 24805295 23350363 22491662 29005832 24243480 28054018 27652800 26416549 27625956 26403513 24755602 25962219 27116668 25268259 29456104 26404271 27668995 26153647 22845085 27540800 25974264 24498796 26579680 25447155 24595773 20368480 26547485 24045737 27359101 23644326 29251644 26391756 26247713 24669763 22176397 22659656 25198636 23763682 26047615 27751165 27498455 27214435 
25863843 24716460 24173483 26201063 27496910 28145908 25881793 25282108 28062235 24204167 28321405 24220196 22023209 22815372 24398620 22476383 25922210 27286597 24562609 26372064 27037832 24282709 26883071 27482919 22066883 23848919 24730145 25333990 25752332 22503021 26992109 30320656 23608275 23540129 25356226 23223386 28726434 24349698 25716698 25924956 23508583 28201288 23638418 24648547 24607290 24677683 25499098 26689155 26976718 26489757 26793023 28618382 28197322 24785258 27634145 26235850 27316446 25902549 25152113 24097342 21920798 29358098 23955469 27013813 27403405 24875460 26468590 26953930 24783021 25818320 27982507 24696983 24298409 28848889 26605954 26871551 21696344 27668631 25260892 24002935 23668051 23949813 22971409 21933084 26311985 24803526 26979544 24946885 28476994 26514730 25886617 25371284 22698146 22084740 25769781 23730744 25672594 27862792 27612971 27768695 
26912186 24827748 25323338 26123580 26216706 29324867 25296176 24781459 27027253 24723458 26012577 25394382 22345893 22330965 23347695 22968486 25619514 27076005 24793584 25820994 28529964 24581539 24785218 26245568 20367368 25365744 23725461 24803016 25543451 23932470 23795079 29045246 24818893 23830485 25154875 23667952 31391818 26535010 26399655 26595378 26137225 25650171 24193479 24443594 25330103 25297970 25814512 26018727 24800297 23967115 27560100 29028468 27514981 25479525 28038429 26702756 26792731 25928649 24812941 22475789 22786876 27595330 24854873 25989066 28565938 25188284 26732918 24917901 24008496 26151540 28697559 24058210 26455162 27651313 28417080 26990588 23335991 28987151 27096921 25431939 24878781 25894471 24143987 20064542 26059991 25117160 28243677 23466824 27864169 26670593 25880784 25226694 23137537 23132085 25266141 23222989 26898864 27511732 28338895 27229421 
28067943 24953583 27097656 28467389 27657427 29723678 25805042 25143292 27713465 24488526 26200547 27268361 23523640 25115972 26097431 23639993 25048711 29057602 24626247 26886328 27386024 27262665 26732210 28542965 23936191 25222817 24504007 27607536 25925975 24499048 24005748 30417564 24374431 26588360 27701109 23591303 29965049 25451120 27184536 28107700 24889320 28114284 24400317 24703733 28089575 27541353 27286825 27785960 26129710 25751996 27479413 28184851 27942802 26228948 26815451 27333250 26898616 25895697 26267285 25417387 22561360 27964921 25157602 28296906 29059096 27291606 25804631 26736295 25339818 27424808 29643113 26237112 28465651 28154177 27688037 26653352 22718025 27173834 27554541 23092914 25429087 25386754 23923283 23471243 25585477 25989582 28668688 24967931 29584358 26375150 26743066 26459329 24174804 24824532 24235196 23909429 26416376 27865514 27828832 28452008 
24514539 23107982 26284031 26062587 27115190 26824713 23153234 21693439 25998222 22238776 24636413 24639061 24165363 22628567 22412905 22983266 23829520 24814505 23517565 25832014 26503086 26392967 24243300 25976953 21490807 22283245 22501379 24865205 24077586 24339205 23842925 28098059 22968654 23723358 25283419 22497120 26889088 21747530 23208321 26810145 25447791 25175218 22979942 25524851 26241839 23795632 26015053 24941811 24668338 22189801 27793452 26182310 24290769 24689469 25762678 23925226 26002224 24512850 26146990 23110030 23709106 27659693 23024271 26137641 25935956 24141368 25924611 26162609 24731788 24173902 27094278 24900456 24738442 26936741 27725594 24331529 22311022 27185709 26280307 24311826 23666591 24771157 23551902 19920506 24454403 23520242 25448983 23157611 25950462 24590428 24780548 25573254 23368478 23706857 21705865 21524902 26012476 24875415 25951655 26100620 
28014610 26574964 27683082 29848318 27874838 31675427 27340026 25684249 28555042 26235516 28583877 27199041 25018148 25478499 26775306 24607532 26860939 28662336 25663601 28485574 28475914 28924503 28466941 27450592 24500383 27127013 26238335 27597362 29002228 26324779 25931812 31207499 27042198 27033531 26717714 24704516 30335318 27337499 27973611 29443742 25399483 30149963 26756821 25936381 29864718 27808033 28906687 29939855 26870362 25203854 29463063 29396479 30984662 28973632 28113140 27521837 29379564 28121867 27776641 24948176 24395345 30483551 28496034 29952773 28189381 28598061 27956589 28923478 26691131 28391923 29370727 26915677 28054188 29318836 29954413 28076411 25468142 29642308 28897791 26351243 25829462 27151904 23625617 23355684 29986281 27030778 27264519 26222576 29703110 28110834 27560959 27114542 25446638 23841556 25074858 24986169 28017425 28341509 30350790 29456191 
23006687 21057823 22850397 23584833 24361687 24462774 22322032 22187414 24320521 21361614 22626417 22792282 22144763 21395554 20536945 19735597 22030631 23043493 21459486 22897735 24114873 24079313 22534352 22623858 20722464 21708654 21818274 23049242 23708194 20568488 19673111 25416218 22629898 23068231 22756419 20841258 24324435 22150980 22313461 24189416 21994251 22876365 20638856 22083441 23670703 23578867 23383111 23977669 22607356 21189710 23406535 22930029 24327849 21775488 23007736 23846383 24642588 21007893 23425203 19883084 21054015 25635115 22442876 24681377 24119919 23067477 22390355 24521626 22361246 23325709 24802285 23726483 22738248 24902057 24650438 22447861 21349728 24481034 23908041 20859240 21476325 21729239 18935044 20312759 23934239 22699706 23729072 20621103 25054969 22812572 21160560 22768884 20825858 20043784 19725205 20773689 24104395 23912946 24720875 24590174 
27403917 25481608 26638369 25815385 27594016 29796223 26676546 25180147 25998870 24693688 25297451 25388210 23533711 23782617 23911409 25715772 24218299 27414183 24986183 26081581 28877809 27771370 27557052 26642484 23476577 23030145 24392580 26407652 27230204 23320709 24756413 30275107 23293917 26197669 25532019 22504616 29321770 25061333 24637131 27023825 25715220 26912331 26080528 23579438 29060038 25377662 27728343 27654215 24851667 26258076 27683003 28686912 26946969 27199140 25742613 25838240 29526912 26704722 26319750 23786790 21925870 27881737 24718485 25683221 26955335 26078918 26810531 27254270 25274292 26554974 29577503 26688854 28770689 28912250 28589397 29490922 24563887 27298810 28132040 23947564 25829244 25574797 25253562 23033621 29109279 23197908 25194796 24374758 28864408 26779010 25795020 27200925 22296957 22902723 24251747 23358578 26888898 28426649 28286353 28456896 
26453906 24387622 25628465 28375392 26957471 27912676 23904391 24391282 28482301 23085254 27598707 27046216 23238883 21532060 23798124 24049646 25380779 28256594 24601128 25459506 27608098 27885088 26789844 25367385 22817783 24931618 24144385 24984796 26440689 24753528 25061553 29881362 26196074 24630373 26832543 23530906 28874463 26755838 25221063 27536545 26621725 27484921 24864207 25369219 27140761 26600840 26900125 27499435 26017268 25273511 27350492 26658089 26301229 27513209 26821038 25888945 28568082 26782800 25407485 23083952 21399941 29499643 24490641 27318148 27630834 25472608 25150998 26489100 26273947 26201517 28540497 25737851 25746961 27159228 29169050 27360413 22909942 26086569 25671889 24459011 26081914 25194834 23165989 20465139 27737228 24061747 26395795 24261861 28545200 26790030 24975423 25691131 23447875 22390296 24207732 22517391 26878676 28750383 29168494 28543375 
26491895 24243562 25672042 27900239 27624822 29069962 24041694 25985614 26501365 22591504 25289760 25884708 24493538 23281083 24045255 23215530 25633190 26240491 22077875 24905180 25254369 27177590 25088599 26324325 21862870 23609703 23551235 25078400 25302357 22017674 23272930 29095617 23629642 25242143 25070847 23050470 27589028 25175698 26571773 27247088 23865531 25951782 24462507 24792706 26748687 25357144 25967150 27370968 23790283 24928300 27115161 26712163 26490896 24864715 26501776 26685847 27534591 25463737 26192499 24076471 23813976 28802910 24223407 27460435 26272385 24593275 23982383 26065246 24752809 24526214 26817063 26258518 25793352 25705124 26649488 25625072 21647906 28556188 26940780 23084025 23982470 25201346 23576567 22365022 25885040 23998852 25141427 22982282 28238691 27252526 25507674 25422501 22918979 23378061 24404078 23419807 25077228 27890519 26575173 28892869 
26975002 26832082 26196477 27945117 28840486 31052775 25877921 26849697 28099176 26119108 28116286 27859882 24988167 25979580 25625492 24704710 26232391 28963010 25896279 26323180 29503849 28716965 26676847 28492026 24114250 25556811 26006922 26105507 27695843 25033554 25337829 31200003 26955025 27207199 26598095 25320319 30669567 26062575 26352671 30066985 25474495 28551781 25151003 26533324 28933072 26399635 27197004 29653465 26610906 26451496 28898332 29214385 29063575 28697768 27956497 27072843 30611369 26832768 27368319 25211489 24300381 30341650 26227417 28895012 28341930 26591829 26338231 28575153 26259229 26540200 29793404 28216273 28935408 29661396 29319200 27015053 23017776 29452384 29726616 24338586 26033729 26367009 25965250 23563098 29399851 26277748 27632102 24747895 29937536 29218279 27347291 27861239 25278308 24823192 26223349 25205749 28289929 30881358 28982556 28525253 
25228307 23714766 25878988 25932154 25768014 28558416 25166749 24757116 26630488 22850041 25719645 24073758 22308602 23836444 24370521 22961483 25487015 26852522 25158394 25155631 24940570 24600800 26350214 26056834 22335585 23150447 23920555 25049712 25664050 23171512 25303654 30138928 23974516 24183475 23811465 22503458 28254991 24236147 27445282 27129643 24622710 27025409 24152529 23101974 25896634 24645109 26816250 26333132 25498043 24047341 27985527 26682080 26705099 24583080 26629736 26038867 27166069 25194289 25224335 24164413 23083537 28464474 25318837 29159928 26799199 24260485 26923423 25364154 24823403 25072691 28722329 24992513 25816901 27425691 27210553 24871707 23825701 27125823 25658955 23225471 24935734 24652354 23510627 21693481 26407476 24318643 27882295 23260739 27900300 26394610 25597471 26557008 21688758 22717390 24731906 25289260 25253455 26308696 27445583 27966562 
26911712 25246312 25257837 28680152 27100204 28667766 24164276 24747343 25519477 24766391 26208621 26360499 24585552 24684671 25072239 23248448 25025997 26527215 24912844 25395114 26940188 26527980 26025859 25978001 23261881 23596553 24598818 25939444 27159576 23576003 25017097 29252936 24870598 24883662 25246166 22892030 26896823 25476233 25849216 28083638 25692409 28236768 25264638 25839266 26437461 27138845 26941530 26278724 25083911 25454617 26537349 26895659 26959430 25552022 26598792 26629513 28077773 25573469 24604207 23186514 22589228 29042145 25326296 26874209 27639489 25368326 27235283 26355162 25237681 27238299 27409713 25980177 26622590 28339547 28158509 25967383 22996405 27479367 25063286 23942367 24926483 25396470 23498000 22061978 26371247 23863295 26360185 24821549 27247532 26379713 25667410 25781093 23967315 22882270 25094233 23047691 26095306 27521809 28704777 29086114 
23875348 23722312 24473373 24968674 23525338 25164204 22619715 24252307 22865626 22365827 24505764 23361041 22933682 20995927 21892731 21198073 22483680 23848730 21274197 24391266 24920515 26416907 23971811 24052385 19992784 21942843 23248531 23333904 22120951 21178162 23772490 25219039 22435856 23063542 23370753 21837101 26237351 23067654 22457322 24094649 22904907 24890473 21637224 20374318 24147043 22657724 22679811 23412971 21511512 23781668 23796066 24113851 25054607 23739717 25812412 23042934 25583277 23291646 23641333 22074035 19719698 25081216 22185948 23947454 26134194 22458808 23968608 24105498 21892903 24978579 26259779 22794592 25038417 25804084 26467174 23782613 19936976 25964185 25740159 20512127 22580980 23402029 22173676 20534295 24211082 21528828 24045338 21510206 25256651 24461401 22591718 23181309 19552697 20481083 22833548 21660211 24305180 25385529 26464039 24752380 
28077052 25580244 26806537 29348695 30180997 30411380 27019718 26378663 28462307 26643105 29519683 28385166 24783301 25129408 25682251 25264131 29146702 29859511 25965162 27490991 29196332 28294448 28379353 27180398 23509532 27087565 24937822 28005244 27416479 25015840 26956224 31461946 26781544 27210737 27401736 24344458 31264062 26002055 29511074 28313546 26864827 28786214 24783207 25132854 28820318 26802098 27909181 28767998 27899171 27823801 30542175 28608624 29464341 28065837 28955017 28488486 29218657 27181092 28578186 27012026 24736188 31032800 25807229 28509355 28912452 27851781 27932120 28033899 26527908 28271068 31542330 27678548 27356836 28936454 29988536 28707168 24480495 28623634 28245676 25640047 27138939 25940891 24615954 25185198 28061686 24414910 29223263 24807119 29864440 28454926 26542158 27767516 22944629 24998179 25406898 25662860 28820746 30112675 30722682 27685394 
26596069 24231716 26271082 28284102 28447778 30404038 25146131 26029561 28184997 23572826 28190760 25997930 22739899 24079336 25646080 24064313 25504247 26927780 24806660 27848441 27906480 26758161 27068774 25640689 22491193 23979583 24640335 25509193 27255167 25250390 25091531 29320848 24946332 26016670 25989094 22109897 28813211 24080899 26958431 27119825 26071746 27754723 24870467 24010452 28399591 26188312 28737750 28856033 26882469 24215314 28166117 26689062 27236448 27721139 27312049 26066443 28340267 27578132 26768394 24654908 23243093 28990801 24637002 28163155 26879147 25761909 28718793 26043526 28734985 26994754 29201444 26268995 26553974 28293325 29432185 26593940 22728051 27580210 26369950 24803032 25735556 26296702 24651226 21120225 26634963 24713343 27331192 25061859 27654667 26612977 26908633 28065985 23900182 22166908 23965244 24781375 26688880 27830874 28446324 30703356 
25643378 24519378 23907207 27266738 27762203 27516989 24856506 24578124 25865865 23587609 26142083 25516904 22652627 24252285 23551467 22187258 24325556 25624770 22670252 24915851 27890125 25557840 26066699 27344079 21954747 25188783 24286073 24885991 26627867 22857877 24672930 28728191 23645474 24943641 26072924 22284082 27262143 23586137 24136500 25091128 24317993 26201992 24587772 24486671 27153023 24563638 25945817 25631215 24267063 24446598 26138162 26892202 28336849 25366609 27171476 25247508 28103906 25608123 24818689 23368779 23029182 27860123 24297021 26517820 25100993 25035855 25689189 25910964 24865057 26028467 27324981 25241802 26139003 27820670 27230402 29055634 23337273 28079041 25814709 23887607 23208800 24031006 23653218 20509595 26540976 23568668 24920476 23915818 28094808 24540522 25007955 25006713 22418088 22151929 23617066 22943558 25247499 26737349 28134242 27804456 
24488544 23208412 23758794 25087067 25226216 27725340 22413217 22804320 26184196 22978324 25856131 23272697 22256508 23371300 24085583 20861605 23137677 25231497 22898027 23069769 25779162 24640674 24691955 23458854 21111218 21837489 23017597 24684350 23579382 22971416 23577974 27909059 24008898 24199990 21537943 21144806 28672351 24366188 23772337 26050603 23753109 24788323 22808015 21922248 24707416 24387434 25415901 24471131 22488003 21828840 24540589 25102026 25253957 25104224 25633187 24211575 25247638 24334291 25491412 23100376 20841416 26087362 24426124 26248499 23936009 23027489 25114782 24417397 22757645 24701993 27435272 22944841 25443937 25093710 26632789 22947325 21320325 25980207 25819115 22192417 22723156 23186012 24157696 20168016 25102634 23265822 25365209 22470462 24390595 24962579 24139059 24935835 20574361 23544082 22795909 22569942 26019017 28264267 26870289 24724463 
26544131 24627898 25627313 27676375 28467236 28872566 24176981 24014094 27707999 22983381 27710109 26108232 24512186 23978791 24793020 24291145 24787931 30019914 24089006 26500496 26390297 26401905 26564760 26726654 21701558 23598256 23538595 26312551 23969074 23367619 24622684 27360020 25174989 24509811 26776087 22492574 29562862 24665119 25701921 26266750 24087194 27314056 23840634 23663259 25203154 25550026 26911293 28556237 24963487 26836584 27393788 28185514 27181860 26593508 28163824 26409228 26587019 25146294 26371228 23455423 22233674 28635822 24310973 26939179 26146132 25421773 26371339 24717841 25316147 25044480 29089220 24864065 25988079 26605552 26590462 26511877 21882612 27040889 27470913 24726262 23713594 24991214 23043461 21511350 27403201 24731914 25891104 23586292 28900301 27321540 25287704 24817703 22109933 23983010 24151781 22649231 26372764 27172431 28289165 27191619 
21860336 20736115 22280204 24102204 22976162 24378367 23122831 22209300 24203804 21683508 23497864 22647865 19481270 21592751 23282265 20751610 21684672 22576044 21340169 20611045 24040200 24129440 23463640 23405510 19889485 21449783 20397859 22659563 24136619 20360634 21772957 26699914 21061779 21011402 22869690 21338437 26327018 20997865 21900569 22898529 21626845 24120922 23109549 22939121 23590753 23532559 23810899 22941012 23639065 22134916 23996481 23655258 23793680 23235495 24574883 22702011 24761209 22291054 22345691 21620834 19338515 24761313 22441364 24273205 24050755 21962016 21302067 23626479 22452193 21905106 24365747 22598215 21857404 24995520 23791766 23569235 19575869 26322245 22590120 20251100 21534956 22358621 22615939 18269845 21877315 22533037 23503883 20294485 25768313 23617985 22246738 23771285 20353304 20720551 20733689 19715273 22377944 24030227 23897757 25220555 
26593074 24435144 26491035 26779385 27283582 27386538 25710149 24729759 26461118 24722648 27615856 27541543 23695188 22112751 23215495 22848017 25854518 25369816 23778994 25558397 25730844 26423349 25606335 26816850 23094578 22178945 23339765 24780935 24064118 23802541 24044249 28174483 23499736 25079137 26279914 21562377 27720234 24953144 25516830 25958855 24084762 27104390 23739213 23800679 26946710 25283636 26942638 27162890 23980311 25018161 26044195 27816335 25743288 26029056 27295035 24133434 25813111 26428443 25273114 23334712 20110361 28200686 24096191 25291508 26944284 25109256 25844412 26264595 25882331 26540816 28931544 25456207 24548808 27578404 26797184 26352177 22923694 26842566 26941405 23553564 22954807 25839414 22636108 22086564 25538254 23428437 27207009 23065583 26068006 26254003 24961025 24544011 21277085 23423954 24242852 22913727 25610835 28013488 28667080 27558333 
24442002 24704203 24864458 26231218 24739512 29596487 24125657 22759688 26363128 23406685 25988398 24524982 23220704 22593508 23765534 23925079 24041593 25355353 24031737 24470512 25904148 25077686 24908494 25656674 21796814 22614005 23144920 24855761 24443927 22825985 24117902 27129205 23161529 23477744 24162323 21965846 27661245 22934191 25953791 26840059 24449613 25673236 25274299 23241552 25324391 24377880 26066830 27663651 24014885 23927228 27128911 25850979 25470805 25850016 26899881 24641314 26378324 24983457 25496997 22531064 24017396 26927497 25047813 27024155 24961467 22883964 26837722 24540687 25215228 24860917 29189806 23896104 24839261 26825617 26359563 25471739 22706105 27341629 26455939 23693569 23051837 23402663 23657604 20633718 25646827 23085614 25535076 22809735 26166062 24976865 25921848 26254987 21221296 22978949 23143054 22726209 25587275 27161776 27413574 27595144 
23510521 24808805 25147800 25159332 25456555 25134279 23931427 24120090 25246075 21703646 24469250 24367660 22515931 22140628 23286503 21461657 23901935 25606740 21449669 23839690 25639597 25740679 23087323 26451419 21829207 22064926 24094430 24095583 24167963 21984733 22260719 27966262 23134370 22262150 23651403 22222385 27547098 23641629 23297373 25414637 21869540 25239465 23894955 23389179 25387882 23843200 24774997 25099403 23146713 23234612 24759975 26219870 26675284 24622282 26891229 23407734 26298144 25751965 23360867 24070448 20899824 27120235 22598881 25965616 25952538 23908510 23304395 25473702 24947884 25113633 26577224 21880183 24821716 26824908 25843869 25014353 20717683 28274540 24636050 22463675 24420462 24858790 22522469 20288602 24236334 23861898 24969752 22713662 25964445 24965330 23427766 24154458 22410122 21568767 23077117 22609104 25503336 26725838 24755852 26700819 
25937331 22783349 24632467 25543258 25609746 26453810 23765245 24203662 26379824 22633404 24779160 24143113 23269275 20874906 22863577 22858831 24276150 24690650 23303904 24466125 26195979 26356033 26191040 25684411 21806665 22517945 23443484 24384676 24336158 21982567 23223637 28179887 22356629 24624818 24311154 21751760 28316925 23745256 24660195 25493735 23574297 25621782 22627372 22720107 26053042 25634749 25745913 25628165 24839733 24231012 26800975 27451367 26836721 24677378 24758740 23586417 25916154 24614606 24939118 23075641 22545021 27565254 24702783 27505003 25272003 24457012 24909314 25853294 23741249 25405830 27331635 24858054 26127799 27486676 27354873 24449441 22450424 25886529 26440287 22556587 24428454 22978546 22415312 21277193 25401737 22931945 25484672 22443334 28474577 25323915 24446975 24202166 22735919 22608070 24410008 22087851 25854935 26032372 26363429 26805314 
26743275 25283288 24657767 27754439 29764659 30360339 25704742 24961624 29371558 23993480 25808224 27306660 23407400 23698934 24084405 24667485 26993440 28696653 24402984 26478429 29715632 27202548 27143625 27172387 21856997 25089910 25700571 25022554 26933735 24384661 24816664 30174388 25201966 24811680 24574034 23243946 30049749 24663702 26157554 27775665 27381661 27000661 24323889 25883476 28064873 25315226 26723792 28861484 26785172 25506251 30234504 28294080 28874837 25897405 27195010 26535423 29433323 25035476 25764379 24759098 24323624 31229410 26130720 27228299 26890262 27244265 27265011 26685633 25911693 26980804 28798255 25412029 25583952 28218522 27410833 28351582 22154561 28426944 26795657 25816779 25547614 25404040 24131347 22147349 27635752 24886812 26252800 25812226 28702906 27329378 24713528 26073369 23238213 24493193 23808339 23156824 28086899 29249916 28928168 28347678 
27645998 25519580 27796889 27622420 28313724 29977676 27077677 26635997 29147348 25885302 27138523 26449026 25835550 23729380 26067543 25468422 26181006 28483049 25164527 26111639 28159855 27872836 26892410 27255085 23653481 25346333 26212716 26650565 27763888 25640055 24111970 31673467 27009947 25374602 26273419 22678063 30217993 28633082 26108479 29077807 25724676 27310292 26850354 25606350 27635912 27581850 28258590 27585362 26639743 23632253 28237744 28954388 27744763 26605073 26737580 27525265 28648383 27548899 27205906 25309609 22863994 30558557 26028067 28224379 28399519 27948011 27128638 28570944 26657048 26268102 28686923 26226092 27907355 28855705 28571316 27781940 24842129 30162026 27220498 24590183 25132851 26146490 24697239 22562749 28688991 26942103 27161190 24256175 28091432 29016269 25872060 26607479 24196612 23603851 25588529 25179157 27311644 29296950 30187135 28220202 
26184257 23258300 23863009 25476691 26177267 26214731 23841351 23662033 24798516 22136310 24960339 24034001 22469639 22395336 22312074 23090115 22642601 26487689 23150085 23707511 25499052 24533180 24829841 24135564 20484625 23953678 21739000 23932632 23854746 22748066 24590711 29335075 23951817 22827905 24442648 22528975 27428517 23088202 23225622 25533726 23666407 24821270 23688954 23669021 25352571 24306358 26359910 23477970 23482793 23764815 25881855 26088184 26479035 25404319 25364316 24315056 26075533 25754564 23266737 20879094 20667273 27964408 22125765 25647105 23144662 24573755 24566449 23915949 22561330 22688897 25403715 22392105 24995336 26471814 26091041 25347448 21896729 27934126 25585324 23151762 21466605 23288254 21653404 19308154 25728532 22177202 25276251 21331985 27576242 23641154 25210886 24414781 23265635 22528039 23044309 21195291 23684327 24988445 26349370 24282531 
25974179 23043896 24883448 27058762 24611934 27979301 23180904 23062472 25995642 23946836 26289798 25112962 22954630 22852111 23581540 23122716 22608773 27267375 22597051 25856719 25960831 26364340 24905815 24561677 21992816 22923283 22543017 24034528 24554041 23184439 23929357 27388649 24570797 23700912 24735671 23594479 27449356 25627100 24093956 26916916 23611890 25308008 24319235 22526964 26394358 25514252 26665604 25639141 23496921 23594408 24879061 24711727 24708285 27118798 24921483 25589623 26333642 26453936 25194549 21852570 22477449 27484911 22204684 26156050 25858147 23549105 25703108 26520187 24111764 23957052 27254351 24288917 25681678 26703028 27255098 24576293 22540952 25009891 26565963 21326888 23435929 24486994 22822987 22436282 25838518 23758026 24417350 22296668 26926561 27133433 24301814 26758614 23914828 21341026 21974313 23101748 25309746 27116606 27281185 27336986 
24369457 22147693 22626563 25846016 25085848 26011315 23283928 23281519 24808279 22341546 25099623 23346222 21833674 20653136 22870611 21557489 24244822 23885400 23168958 22950997 25919409 25062837 23952871 22305587 20075045 22419516 23162407 24037156 24174524 22198157 22726255 26323612 23481738 22895220 24488948 21778146 26406144 23630431 22641633 24219912 22326484 25068844 22634934 21772276 24449714 24000371 24691155 27095460 24030256 22220738 23524616 25864056 25527237 23783837 24629135 24263528 25974783 24070536 24024210 21539835 19824268 26186736 24705151 24582377 25838029 24526936 23888640 23989159 23346152 24395656 25232384 22932347 22287982 24755141 25729526 25067720 20579319 26998423 23696123 23792538 21911925 22270106 19940679 19397977 24566442 21349168 25117426 22918168 25908718 24494979 24034627 22624606 20184221 20567672 21193072 21410888 24640406 25033964 27830192 25295933 
22793028 22192120 23781433 25118758 23668795 26145974 23755996 23218477 24166088 21696042 24921942 23791950 22341761 21769434 23729686 21709739 23146580 23823272 22564530 24427747 23634898 22414880 23042676 23087458 20773657 22446870 21618581 22471702 23782171 21607073 22397497 28516470 22159458 21730186 23645515 22173551 25615190 21676033 23498962 24645299 22083260 26015982 21861224 21998797 26361209 22061378 24018938 25235964 24022334 21923757 25241506 24604587 24034732 23491855 23122799 23477762 26928206 23339272 23187602 22734145 19259079 25529571 22593618 23899139 25206281 23642832 24071640 25012825 24392044 25295006 25929310 21755064 24575940 26769298 26565971 24608789 21215653 25079230 23647837 23137452 23257631 22323756 21834547 19900279 25040279 23748954 25402025 22867725 25739450 25417409 22920583 25164955 21577178 19272434 22542483 22786012 24254351 25089921 25128313 25338663 
22719321 20662231 22140593 21052134 21147970 23310349 21984686 20739419 21849302 19607562 21716283 21311315 18624745 19686143 19777876 19111002 21810234 22501946 21728932 21371483 23721728 21124004 22683799 21978648 18877354 20307775 20366769 22039538 22087703 19356991 19995972 24280891 20289897 20568482 20959066 18910463 26123507 20652753 22073350 22910096 21086831 22444367 20503993 20772285 22893862 22200881 23241675 22949201 20297422 19844680 23124558 22395788 22201416 21195119 23123421 21954165 23507564 19186354 21249347 19162330 19619945 23435926 20799212 23701849 22392947 21469107 21141476 20333572 20593370 21657846 24849403 20298685 22228706 23215537 23151115 21589990 19063775 23549511 23091663 20510653 19921087 21169501 19595295 18585520 22437380 20798935 23129281 20492167 22388604 23675364 19837869 23092535 19414933 20848987 19715257 21289944 21483264 22853141 23312221 24567128 
23157280 21624512 24128604 25285752 25260963 27300528 23608610 22306604 23651519 23391165 25403799 23327972 20925733 22343764 21946410 22132148 22027265 26049738 21249877 23645202 23729560 24374783 22486263 25254879 20574735 22401417 20727448 23014355 22994474 21477580 23483824 25054393 22810542 21966530 23825127 20247273 25525897 22541632 25376887 22616672 21372459 25626665 22205247 22802654 24595145 24519755 24379598 25986265 22956157 23297027 23221722 25089711 24522623 23932919 24699511 23027496 22948988 24601348 23271226 22088348 18657069 25358695 21353810 23322502 25390298 22712274 24606164 23335715 22331039 23781231 25565642 24164164 23409456 23926077 23839953 23437458 20176800 23291066 23535679 21979814 22881764 23176797 20300526 19672756 24309677 23669722 23669823 22008510 25203940 24243973 23507606 23847290 20482351 21917771 21458576 20687480 23575834 25810463 24475807 25217657 
27352286 24839330 25586481 26314408 27739255 29555301 25268925 25482913 28500423 24426692 26754190 25768473 25739556 23922521 23346285 23905488 25681429 26137913 24198234 26011360 26767943 24666574 25968469 27096443 23100343 23799497 26042519 25516647 27039966 23755707 24840107 29237842 23717980 24766882 25086960 22183755 28391295 24773001 26233962 26104257 24046989 26739789 24219464 24323159 27523162 25443413 27686895 26525494 25456325 24504607 28550538 27675790 27392064 27184162 27115641 26853527 28083881 25537062 26363979 24084526 23086662 28772629 24626110 28083527 27045559 26882399 27114869 27823909 25481248 26544543 29380516 25676606 26751066 27051938 27180260 26885686 23200176 27246946 27420672 24368313 24137919 24738142 24223349 22127145 27310906 25673831 26027608 23184063 27405607 27352882 26985177 26903204 23388936 22421482 25452665 24813213 25210683 28143838 28668381 29036311 
25073960 24403771 24497982 26337525 26248143 26120726 22790683 24724328 26720427 23484804 24310434 24629915 23934206 22191684 22425830 22754392 23764981 24680907 23240777 22182698 25487975 26289061 24259126 24795172 21713725 21135420 22498980 24250847 25559362 23154844 24078994 28766518 23605327 24186997 23856094 22717957 26348879 23766379 22910032 26657536 24271237 25572782 24042392 23476775 24635135 24210498 25437902 25897899 24611803 22871825 24704401 26548845 25567874 23518561 25076555 25067265 25889751 23420272 24297780 23157131 23030190 28417433 24297624 26233682 25553313 24248134 25660648 26678909 25606044 24539599 27426780 25066232 25185558 25839209 25932106 24930715 22622423 26342763 25131040 21839535 22494385 22576202 22474134 19800038 26012013 23256066 25831587 21917446 25767201 24755979 25959730 24856153 21137682 21505155 23083738 21338726 24568746 25605433 28166574 26134959 
25506081 23941762 25537220 25363945 26682300 26317862 25880381 23661924 25183481 23769041 26902816 23826902 24725820 22908491 23656106 23345946 24064635 26229059 23582266 25561136 27462449 24617712 24628844 23987773 22328707 22461735 24112714 24936570 24800899 23157280 23518824 26614133 23438065 25166190 26492612 21972567 28866168 23479041 25177590 25145078 24100535 26086646 23865640 22300489 25374801 26767203 26246726 26057578 23774137 24470907 24949580 26414415 24565388 23627376 27522553 25147860 25324435 24597944 24511126 22324361 20268366 28184480 22379118 26541886 25191008 24993367 25075641 24663982 24868246 26492759 27732811 23572488 25468456 27166651 26984972 25479838 22625262 27757188 27000909 23644976 22167164 24189599 20995699 22377952 25190284 21575998 27479871 23295883 25774885 24306707 23787974 25882553 19975701 23379519 22559428 23743619 26257119 27616945 28208105 26792342 
24552235 22442106 24347203 24419552 25205124 26644586 23653590 24869064 24983163 23177827 23699860 24426268 23111800 22998446 22125631 22942302 24200498 24104241 23170622 22876608 25009073 24567907 23501640 25508147 21878338 21254507 23090418 22742128 23815568 22768299 23249696 29205578 23565554 23101031 23416567 20747552 26275211 23543195 23454720 25906866 24661129 25064621 22723648 23481637 26323768 24925031 24831245 26384439 22936933 23621885 25471840 25874458 24168147 25108547 25289144 24673229 26440245 24681548 24954006 22996297 22110967 28525923 21948604 24612916 27071875 24506181 23627886 26645836 23991148 23690619 26460198 23858582 24219736 26392843 25404492 25950648 20708587 26600515 25177128 24504155 21263284 23327756 23584780 20406859 25350089 22882263 25614976 22377269 26215150 26147215 24883169 24611119 20844556 22948772 23498355 23017748 23334535 25480278 27700536 25879726 
23202315 23267824 25122365 26064833 25942917 27348003 22383436 23802154 26264908 22384523 25989207 23348190 24308456 23133535 23327160 22895358 23303691 26073969 22602412 25906991 25949214 26087594 25583239 23776795 21998174 22150268 22505087 24718622 24397918 23036829 22102878 27011468 23648697 22613611 26071865 22422689 28568314 25660351 22493669 26240759 23632022 25244695 23145424 22937584 26814925 24926455 25213618 25244422 24577372 23291465 26363455 25480864 24872168 24095519 26045128 23768251 26574814 24728443 26574058 22897314 21580756 28378975 24190835 26515073 25510905 23177177 24419569 25120370 24874566 25660825 26541215 22748781 25347524 24963338 27709442 24582425 22056445 25795609 27617894 22694078 24393243 23185612 23163206 20691838 25026753 22173033 26473676 23022675 27042605 25621839 24209120 24215073 22291310 23063616 21847523 22675138 26057111 27694647 25903988 26097138 
27268877 25675055 27234811 27607886 27421856 29768467 26262720 26509239 26496638 23447195 26131234 25425705 24769353 22869335 25010989 25315223 27741408 27427547 24823092 25788978 27088474 26099938 27189092 27268465 22790060 24756341 24217475 26427880 26862322 24022459 23953427 32082195 26271062 26254445 26605259 22670134 30405748 25966272 26611869 28636800 26450383 25743057 26016012 24551095 28425673 27658755 27364873 27531812 26162415 25668713 28637507 27763349 27398781 26848029 28018002 26086600 28819529 27143014 26185641 24703589 22410454 30439300 25809328 28058864 27408961 25638991 25929463 27233423 25763323 26013367 28871060 24974038 26972766 31076198 29974510 29067320 25304892 28966796 28099083 24734613 24105219 25611593 23873348 23334230 28367622 25525788 26437824 24383016 29565892 26953488 24800891 26137463 25202168 24384504 24450018 23237929 27036160 28923705 28454334 28870565 
23992856 22298067 24234195 26019864 26451162 27835845 22715717 23065508 24839964 23172722 25543212 25478669 22046838 21771113 21967200 22080330 24061226 25277058 22702679 25282308 27240757 24879895 24471917 25744424 21478471 22183288 21432435 24475400 25266995 23248711 21821596 26333254 24116453 25233932 24487072 21001210 27276853 22427940 25450732 26540141 24194603 25786192 21997792 23025604 26461742 25748381 25978722 26048132 24973863 24821862 25911792 26414918 24975435 25637699 25367716 24041752 24996778 25768197 23888545 22635091 21122813 28001921 23811459 26191953 23761856 24084681 24014149 25599261 24153827 25231288 27717743 23844277 25404626 26897812 25986264 24091406 21658119 25510833 26197407 22919032 23327814 24657103 22476221 21088338 25640159 23722470 24631774 21345171 26250522 23605476 23903101 24665926 21796583 21711880 23518628 21422200 26364635 26229659 26728947 26608298 
26167162 25148227 24930273 27136825 26596689 27460476 25954340 25004397 26586557 24840583 27389737 25882374 24453195 25035152 25093225 24271032 23342527 27061237 24879260 26150078 26734974 27471352 25861746 25867922 22912028 23534805 24922408 24073889 26192448 23143484 24174742 30130587 23227059 24876082 25680176 23495713 29128972 25167733 24082663 27297636 23585176 27077384 24638356 24254789 27111212 24952762 26947707 26922295 24580332 26078167 27360279 26717720 27322809 26376140 26690857 25231170 28904782 26787006 24859232 24223257 22288108 27624188 24072311 25532721 26384502 26064855 25978345 26966506 25346979 26099944 28593462 24329397 26964091 27902770 28835729 26553033 22679292 27349894 27415809 24005053 23123595 24427643 23529959 23338282 26737861 23297326 26102333 24135284 28651290 27133243 24523954 26407668 23639592 22943670 24095706 23585301 25984055 27514857 27092114 27702486 
25502986 21828209 25502706 24794995 25022793 27763736 24445082 23196753 25908194 21670556 26446520 25529669 22850707 22555791 22910953 22755103 24605477 25413056 23200619 25083666 25681768 25402701 24073349 24804841 20114808 23828750 23571648 24664044 23694380 23221506 24195013 27061742 24068174 23393949 25652764 21354888 27055998 21379808 25940031 26398665 22734546 25975988 23316443 22449756 26397555 24691310 24291456 23899033 24700395 25115155 26675442 26486240 24826994 25116057 25840860 24212053 25763370 26602066 25027690 23671969 20690653 25770612 21072724 24990218 25754030 24993100 25447725 24909202 23626740 24556590 25510077 24178102 25600736 24594454 26938654 25212169 21030493 24895985 25275428 23777705 23344039 23622197 21386296 21713923 23669781 22595048 25073487 21860931 26709370 25897854 24621394 25345128 21133342 23039596 23997371 23345489 24691436 27040687 27058365 27131688 
24584495 22988666 23590603 25647505 23825912 25259371 23955518 22869497 24872530 23219504 24278079 23318029 21218072 23252434 24626359 22719976 23940517 25440820 21667622 23886601 26191887 24753472 25276414 24294497 18658864 23769923 22244247 23632450 25448958 21636867 22405051 26598852 23677918 22572248 22831824 21728984 27895690 21649783 23738444 25250325 23383867 24453847 23344566 22333727 26368945 25016887 25362876 24857461 23023225 23509454 25314738 22682993 24525344 23181706 25622505 24746989 24772873 23628726 23014902 21547344 20941989 27311152 23512788 26087099 24754147 24698575 24555469 23368226 24315555 24077494 26273442 21500385 23558603 25394363 25069115 24613253 21743148 27547609 23823796 23251453 21824896 24470944 20796624 18751798 23794742 22804081 24618327 22335385 25374988 23607632 22509136 25094932 20998739 22206598 20645928 23094940 24149648 24453909 25535908 27014140 
28859279 26432416 26485052 29246611 28524601 29813765 24944236 25243632 29282582 24090888 27142700 26082774 25285722 24321844 24855220 24545854 25256323 28177602 26102568 26976763 27457409 27706080 27515817 26677695 22310722 23357910 26496251 27130888 26651258 23160150 24252511 30600618 24042201 25105282 24843670 23007605 29579556 26056080 27285240 27935866 25682122 27814221 24498370 24549534 26571007 25160727 28155685 27983906 26275312 26351479 27086756 27515540 27486661 26783257 26920880 28714506 29036382 26871650 26302474 24359285 23066431 29926168 27100758 28060313 27619147 25248887 28111474 26559855 25260696 27266809 29304723 27377410 27063098 27001414 28616800 26437370 22867647 28031806 27808210 23238216 24931050 24640459 22439141 22270457 27641436 25212135 28224948 24673133 28158259 26364470 26865186 25818418 23878357 23952597 25788084 23869236 27209658 29235381 30144925 28176220 
28166531 23867567 27433527 27078936 28635985 29013444 26054563 26453913 27629118 24882061 28685698 27242298 24887363 24133200 25117479 24472822 24378012 26401699 25739839 26006749 28508656 27167981 27424472 26760428 22611916 25369606 23535187 24840089 26875633 24172603 26308945 29520385 25768919 26830623 26590862 23307048 28769495 26573335 27128483 27669518 25204482 28767319 25461977 25523538 27511590 26715043 28841166 26894468 25855269 26653466 26372028 28952917 29154511 25098815 28286512 25917174 28728227 25987418 25644872 24335993 21915367 29374066 26196849 27561894 27449625 26636684 27730168 27467490 26464431 27242834 29057583 25088678 26352116 28926004 27902916 26218162 24702557 29727535 26698546 23987109 25456552 26287966 24872349 22229116 27139182 24210605 28766323 24283789 29926550 27489975 25330360 26065072 22770772 22593668 25355918 23397120 27531135 27451456 28568841 29917410 
26724184 24221050 25750764 27275615 27228851 29338998 26363637 26423661 28103348 25859143 28772016 25235172 24782668 23138947 25026339 25299161 26418349 27618786 25148221 26300649 27640522 26785998 27017041 26297451 22103184 24602892 25235482 25476913 26862460 23841370 26029521 30589769 26431264 26453037 27068443 23213784 29650067 23960896 24943118 28064846 26759616 28089611 24868014 24067776 28324884 27400294 27113277 28169312 27214853 26875868 28213171 26863683 28091944 25323499 26988628 26405976 29810786 25683535 24647596 25517316 23669800 30119104 25012107 28964124 27854718 25240789 26837974 27172493 26006513 26340199 28527112 25915799 25823217 30155382 28267500 27779735 23437177 28988194 27518942 25388006 22875853 25649653 24615823 22935475 28054085 22770811 27186227 24675646 30086543 27729732 24742907 27200705 22894431 22874142 23883967 24027727 27671290 27983676 29419644 28338379 
21850749 22552380 21431892 23390739 22605015 23367453 21732164 20433009 21587865 21923078 21857211 21552814 20426920 20301475 20203720 19357595 20881273 22709560 20829803 22169194 23774017 22156142 21696914 21490375 20774418 19716993 21402455 22053219 21531037 20090124 20434196 23119429 19976506 20529188 21266506 18762983 23891139 22565499 20252418 22256952 21301570 22422130 20842572 21049966 22482648 22044559 21747387 22872225 20881272 20979715 22873170 23312797 23067285 22590716 22980418 21539102 23610186 21049330 23029562 19628084 20181367 24047453 21535603 21661551 23110993 21959322 21521208 22887838 20151977 24469079 23980939 21926282 23227760 22541859 23073142 21743237 19834275 23113172 23374126 20464853 21328020 21330824 19783192 19387225 22685308 20327048 21695218 20046922 22235918 22989995 20715614 21121765 18927166 20105677 18764447 20469946 22373608 24702628 24130997 22046297 
23357857 21677382 21989129 22217582 24054054 25230634 21771798 21040313 23135147 21120189 22699176 21483614 19314591 21186711 21053946 20968369 22225482 24084664 21848606 22346772 24597851 23036986 22838038 23533105 19466501 20831278 21000444 22696894 23868138 19078726 21098675 26367755 20432248 20734465 21813876 20799997 26420560 20339787 21805359 24658370 21430507 24032194 21574567 22562588 23829480 21809460 23004029 23420965 22798089 22169182 23760145 23905282 22797683 21895827 23490345 22887349 24055638 21997799 22389792 20610894 20450967 24529251 20515875 23507966 24143319 22300721 22958789 23647831 23937930 23246465 23455321 22152507 22457959 25107897 25009309 22541885 19152685 24528999 23335228 21098961 20395023 22023743 20911590 19009307 23223552 21108392 23246376 21271157 24788059 22510164 20889732 23203858 19744856 21002234 21332608 20149275 23392859 24515017 24091237 24610555 
26607277 24526629 25261072 25702954 26615418 27846734 22107099 23880980 25053882 22973926 23571991 24274314 22710992 22542817 23850828 23659664 22842361 26135518 24654862 24118703 25916765 26291140 25922917 26553761 21863026 21576440 23408575 24249644 25747061 24398048 24900776 28670760 22990938 24761052 24258987 20978495 26947667 24919109 25081978 27007330 24869960 26938524 23666216 23916918 25285006 25796473 25992101 25998945 24964985 23778132 25950420 27610772 26732301 27036354 25268582 25824381 27083541 25011443 26482554 22795546 21935350 27925932 24199118 27116098 26637234 24246655 25121383 25925640 24159239 24589664 27881271 25246376 26986717 26757126 28333980 25089660 22782914 26037228 26456953 22231312 23888153 24162858 23109395 20165476 26867614 23608495 24874390 22836264 27878842 24139944 25284190 24969092 22146854 21929370 24617312 21536805 24658125 26230186 27943149 25762435 
26365079 25769245 23381661 28308556 28677747 28561514 23834021 25272040 28849252 24541461 27438645 26858733 23470591 23889267 24371767 23914068 25880307 28489502 25589836 26126618 28075045 25952421 26791220 27043049 22409987 22590212 23327854 25588300 25080875 23981332 25310158 29839742 24294470 24854886 25528391 22433404 30231513 25545132 25331481 28752823 25447448 27183207 23850627 25631258 26494036 24491724 25983618 28875636 26578899 25388251 28093174 27954883 27130649 25829991 27131766 26065431 28227572 26950731 27348302 24660281 23661937 28953447 24984946 26708060 27707224 25576529 26655068 26074392 25261588 25887307 30211890 26238413 26038993 28038577 27649401 25898910 22313914 26779265 26752422 25059689 25386795 23765455 23853962 21010150 27182201 24590842 25960633 24735721 28753342 26631893 25759905 25506277 24681786 22586037 25623675 23767927 28077581 28874985 27742416 27727247 
25243048 22099739 22450833 25628558 25479400 26154288 21954672 22841945 25334700 21598266 24669183 24009330 22275689 22882979 22845965 20250791 22826131 25497977 22243477 23087199 25879863 25233647 24974782 23822571 21267331 22893142 22433174 24812531 23748079 21523986 21547916 28281592 23454893 24773668 23834777 21244243 26390127 23529283 23597390 26419971 24293216 24347796 23228007 21495942 25589976 23796926 25541959 24250826 23930503 22859572 24941760 25223811 25772044 23279662 24361387 24239658 26164428 25859381 23366495 22187839 22459885 26552368 23176511 25775052 24811264 24481024 24145376 25384442 22196283 24585895 26295791 25236981 25160282 25323469 26704396 23782502 21487792 25039831 25177392 21040196 22462486 23648655 21491548 20647328 24178427 22678264 26155050 23074768 26100941 25417833 22879156 23878064 21460842 22424681 23016416 21611890 24914523 25736312 27625355 25645205 
25100257 23162491 23914977 25497753 26794758 29956439 24246370 24127042 25504528 24778286 25991988 25091390 22435959 23477044 22232620 21966929 23578365 26686881 21357274 23999699 27680110 25147144 25656596 25436696 20828865 22493575 22452961 24696179 25253895 23190231 24619959 26997977 22647402 24401238 24688530 23109186 28354241 23930134 23718498 25291313 24025575 25455385 23841169 24812881 25403678 25953020 25315229 26451448 25756894 24125278 26216901 26677462 26045211 26177107 24837787 25392320 24979092 24491692 23300580 22095700 22003317 28869463 23390978 27731040 25844894 24725682 25265684 25466726 23216512 24048910 27820163 25748268 24495561 27416817 25014269 24561725 21113644 25944616 25242097 21818579 24568405 24096437 22890030 21916623 25716915 23615998 25589668 22675869 27132120 24683784 24444832 26584423 22895810 23088558 24288348 22913824 25407811 29571759 26953290 26260239 
27242003 25808431 27730464 28878706 27991711 28634492 25131455 25843990 28535322 25388781 27033495 25472927 26048844 23225952 25386874 24192635 26043291 29114668 24867574 24794122 26385871 25655087 25881330 26679986 24661203 25145312 24067756 26260977 26476202 24025515 24454318 29968888 26705592 25797966 25331971 24681804 29574949 26734059 25853502 28323470 28023509 27269095 24566765 24950863 28433500 26700039 29224997 28389612 25179369 26122443 26833894 27774376 28199502 26173855 26994577 26687076 28356996 27649592 26792204 23246799 24391992 28405048 26845695 27095659 27509098 25905011 26833747 28316693 25692512 26948289 30222180 26466044 27394330 29676019 30179370 26253025 24151984 27622645 28092274 24398325 26719909 27593144 24301200 21363695 26733614 26597490 28433833 24693827 28810955 27827275 24783919 25688418 22448975 24939191 24318338 24020513 29494952 28531150 28015148 28925295 
24524224 20709889 22396323 23990425 22581732 25728993 22916497 20992112 24563162 21029032 23990358 22946797 18253930 20598646 22240126 20855951 21288439 23444411 22204997 23201997 24233673 22328495 22839557 23144240 18549946 20643970 21343811 20602028 22678818 21186343 21929128 26302867 20624506 22774700 21718543 20628455 26033721 21719774 23183390 24775578 22467930 24451731 22000372 23085439 24642223 21272603 23321211 25173349 24170083 21674694 24089998 23547783 22821463 23230770 22091044 23376821 25531568 21353825 21986917 21718409 20338674 24790958 22229636 22956894 23884911 21747486 22939110 23050771 22293537 21855320 24291631 21171153 23482230 24685894 23183224 24500110 19667558 24940897 22703343 20765249 21953374 21507450 20930165 18737136 23542522 22082824 22942866 22112755 24515938 24612825 21292368 24999713 19958347 19920636 20260301 21372250 23460368 23803427 24729427 23971378 
27515360 26374420 28416785 29185436 29490147 30268182 27235510 26999934 28058777 25772673 29318710 26335536 26875209 26225673 25190952 23872914 26850407 27991811 24361109 27000181 28619733 27719023 27289045 27011959 25696288 26437614 26761156 28747172 27095563 25917020 26357654 30303886 26822724 27428998 29007105 23653773 30038039 26322706 27008398 27655798 26938077 28984500 26639414 26077241 28923795 28695329 28579767 29198685 27085639 26963293 27500973 29558557 30640591 27279649 29169075 27412397 29246131 27157885 27874528 26569347 23787017 30240662 26950124 29366363 27705105 28013872 27515332 28569777 27153820 31092159 30134391 27548280 28305000 28906693 29623095 27863569 24770075 30403517 29050709 25381882 26978171 26898198 25552865 24101151 28770154 24972284 29342965 25168394 28907021 28172094 26634136 27490692 22996765 24842020 25225255 26787082 28114273 29713838 30223458 29501478 
25955030 24884861 25112171 27024885 26177315 28635513 24393017 23374508 25845018 24909844 25468113 23963579 23076503 22971250 24515253 22055027 23496668 26077471 22772994 23445341 26153388 24903055 25214695 25211523 22590015 21466499 23151775 24821563 25070549 22434638 22206338 29956825 22928852 24939994 22893121 21893395 28774854 25889814 23931059 26964983 23662704 27125861 23400152 22732991 25973431 24239154 25342457 27351532 23785361 25059511 24853299 26667633 24908153 25747086 24442924 25765920 26652692 24949764 26589477 23938080 23653268 28808254 24000913 24971620 26755931 23169330 25609009 26624642 23956733 24797841 26883185 25242638 25861109 28162065 26628817 25074573 22186523 26456593 26176382 21603514 24895347 23190307 24126109 21120502 24696298 23346252 25663369 23538762 27490234 27382474 26477844 26004099 22159783 23783300 24599705 22756493 25996487 26864360 27947973 25213578 
25706628 24614645 24970733 28146439 27061933 27246011 23591161 24633063 26968459 23046184 26908715 26145526 22722683 24287334 25406802 21836907 24688852 28056899 23323598 23616242 27027375 25504503 26083572 26930139 21750474 21776629 22910911 24976191 25998168 22909207 24299424 29324969 23731541 25680386 24631352 22506333 29029348 23742429 26306892 25941060 24930694 27312547 23701504 25030317 26325603 25780696 26025037 26819010 24824865 26560033 26945578 27199326 26327375 26200408 26100143 26915619 27130365 25716330 24467803 25287117 22797592 28793679 23817357 25942339 25759123 25481156 26116577 25817674 23961430 26027905 27810276 25576301 26454110 26560648 27051882 26132836 20571457 26010912 25926566 22681591 26485021 24536781 22976293 23028344 24977577 24176473 25708459 22998380 28195796 26771909 24908297 25968922 21835943 23579877 24365522 24148484 25649606 26515261 27714806 27204161 
25577691 24539441 24785233 27008428 26334854 28339167 23373809 23028942 25936383 22953752 25126898 25066209 21918840 22504390 22421716 22160543 24996308 28534007 23117169 23516610 26336042 24808506 25157237 26183962 21621814 23508614 24076933 25216341 25038682 21645796 25001095 27780772 24901405 24181469 23785077 23408276 28843716 23869365 26048902 25924100 23618712 26828611 24532178 23548094 26468624 24542802 25291272 25523299 24106163 24003902 25276285 26705989 25783071 23737060 24326682 26131581 26670103 24282863 24770618 23044432 20864559 27457669 22824630 24916897 27256168 25207168 25105597 25147224 23743750 25425204 27977950 24981745 24965164 26193965 26981010 25822398 20851388 25907653 25305144 22210676 26487064 24069438 22163897 21293729 26540282 25255068 25340774 23844824 26248953 25105295 24580858 24987315 22737733 22801090 23237949 22214668 26145302 27606563 27245795 26986526 
25492824 22398793 24405983 25727714 25223079 27272769 24559273 23584423 25445699 23238567 26614537 25098567 23639132 21670807 22336629 22269772 24289848 25687679 23710011 25261104 26377891 24748326 26175214 24276485 20804522 24937152 21627692 24397682 23913215 23032590 23467589 27407833 23594732 22791560 23580773 21632170 27911788 23507771 23807435 25579493 24913561 25698143 21501826 22221189 25361356 25531342 26023757 25917411 24610509 23341423 26089704 25045169 25227677 23476515 26064904 24865874 25626082 24303756 25219074 22614927 23001790 26527264 22614600 26247493 25840156 24331705 23724977 24089132 24473574 24906544 28521662 22194994 24967269 25918669 27778183 24274842 22243152 25677802 24514088 23877123 24275093 23406301 23620953 20870797 25620546 23021364 25918257 23197675 25590537 24752538 24202922 25197261 21671602 21619301 21183949 23159289 26021283 26957242 26021059 28376384 
25064690 22767744 23308865 25685722 23870643 24911589 22315173 23971696 23547218 21671790 23846860 22437867 22365006 22237497 21662210 20292868 22250431 23505130 19961084 22107481 23323604 23927527 22956022 22896070 20437506 21287840 22075843 22730408 22271466 20647366 22284716 25298062 22599505 21760503 23880649 21555691 24337296 22436711 21448255 23841246 23206438 23918989 21347611 22011504 23318017 23853984 23309042 23913450 22064333 22630409 22714931 22848527 24215583 22384011 24507233 23912482 24331382 22423488 22059189 21010733 19244764 24495320 21654817 23161613 23834528 22347116 23747206 23074187 22650108 22978655 24902144 22167065 23989583 24806273 24298645 23109907 19836118 24861960 22986621 19757184 21094629 22864458 21346004 19327111 22599837 21287650 24321413 20135486 23284600 23367829 22909010 22811621 19333104 20731546 19441251 20935047 21872200 24921098 25418049 24983905 
23776865 22973846 22569342 25062450 23833344 24593669 21762362 19800004 23597319 20550223 23293164 22082253 20947511 18845441 21049595 21282555 22004934 24860093 20037482 24104916 25879080 23189852 23598135 23860891 21023945 22843499 22029599 22553021 22911220 20920180 19845597 26321085 20958831 21526020 21366241 21234923 27191416 23465683 22692569 23383040 21723807 23586771 19523752 21391322 23546174 23485393 23592764 24054861 22665547 21128444 24943364 24228740 23535138 25157334 24188467 23017106 24651716 21984611 22961893 18759086 20359695 25679491 22119431 23367663 23852119 23849451 22675181 21829434 22255220 23098256 24834961 22590472 23147206 25486528 26037088 23172318 20064136 24805268 22018859 20809372 22178757 22633964 19677284 19404834 24424331 21605073 24132442 22130237 25983346 22941684 23239325 22694707 21037183 19629113 21275586 21255902 22942179 25897256 25518496 22124043 
26888662 26190475 26999928 26738433 27555623 30323473 26141656 26461788 27429445 25620105 27533564 26400342 25259049 24236480 25384964 25593383 25586050 26705556 24518932 26287801 28599902 27564152 27197068 27029166 22998902 24687272 22760112 25421203 27961739 26557744 25723453 31035171 24691311 25888444 26007623 23045763 29199419 28038073 25404012 27889154 26120640 26818456 26627401 26593552 28396189 27091253 28128172 28723117 26857486 24578898 28374505 29077482 28249452 28977641 29158272 26017802 27471492 28247866 28413614 25601286 24662212 30331199 25225064 27720614 26453802 26513913 26381759 30002762 28097825 26730592 29550048 25358830 27533895 28843999 30892411 27530494 25190526 28006694 27837178 25503421 25948083 25794285 25978694 22661857 27262789 24638657 26253725 24436116 28681907 28485763 26602576 27275543 24124721 23145243 25877308 23595411 27289066 29890813 28416781 29643499 
26455302 26064280 25505832 27026154 26790365 29541244 26067999 25494247 26608306 25160442 28197386 24619434 23261393 23514278 25027692 23830834 24814764 27411495 23686706 25558419 28360625 25071827 26781503 27311441 22087292 24082714 25015809 24907191 27204454 23578820 24451862 29198882 23538490 25125810 25091591 22593984 30636096 24643956 25902533 28162963 26226938 26703092 25610050 24767853 25989198 26254302 25182670 26524206 25639618 26416594 27265509 26526800 26338144 25345692 27023225 26141888 26975064 26508868 24678567 25083298 22811122 28322905 25766632 26961376 26537548 24067647 28032447 25349794 25378252 26862234 28142256 25014188 26884705 28645350 26539737 27411146 23341005 27458255 26133717 23668282 25395952 24341836 23895989 23011198 26852932 24509474 25663831 23395337 28565279 25599255 25558737 25856505 22481779 24645681 24296620 24249450 26456175 29277873 27586282 27628807 
