3198184 2450242 2338785 2785213 2338815 2963558 2718071 2369875 2360092 1980634 
2627227 3313221 2792024 2589452 2410610 3244515 3082690 2442988 2739211 1905465 
3711514 2876174 2383162 3255817 2684097 3583354 3559090 2398946 2841663 2329447 
3841102 3429816 3194248 3533560 2923605 4064936 4272602 2665105 2950433 2739939 
3371058 2970360 2957714 3165583 2621045 2880427 3223512 2360601 2725372 2465460 
2757690 2023471 1844990 2267093 2278023 2712723 2894743 1812248 1710494 1969631 
3283776 2330784 2210287 2956816 2137252 3205979 2703740 2368505 2620168 1944364 
3139974 2485295 2333600 2664161 2675747 3441155 3366214 2329127 1888230 2285410 
3454060 2814830 2493806 2997413 2485925 3639067 3126365 2688522 2649398 2010952 
2851792 2373672 2193615 2365621 2223243 2482275 2866149 1959696 2086231 1904492 
