307 636 399 947 870 339 823 142 899 794 622 538 789 467 934 121 862 242 90 372 402 374 32 744 305 592 809 544 479 891 72 805 20 173 943 352 906 573 73 813 69 221 226 944 191 84 244 442 188 986 907 536 788 681 778 561 808 371 92 72 429 395 934 335 641 81 242 730 264 550 87 780 967 31 255 99 447 301 896 356 459 759 884 165 129 612 969 101 468 807 528 647 755 552 51 76 38 371 551 658 
97 967 246 210 416 346 549 58 664 758 746 891 976 131 486 727 29 785 594 63 734 850 663 302 507 885 3 646 534 348 385 864 347 788 140 912 703 728 204 588 649 74 421 526 218 930 297 966 523 818 308 275 229 908 607 989 829 180 180 742 486 609 934 694 737 820 105 154 859 616 508 129 885 258 815 341 797 19 151 498 5 275 136 835 526 329 483 165 758 553 168 134 467 724 334 648 62 224 363 140 
432 834 221 902 666 45 665 990 17 479 820 70 413 932 312 432 353 204 26 935 558 906 304 52 553 937 820 283 669 969 486 600 146 436 914 303 773 223 216 839 936 745 641 951 910 107 138 288 828 542 534 490 382 132 215 170 145 54 1 142 197 634 618 537 426 589 218 526 259 440 498 903 433 987 927 517 268 68 522 653 939 553 307 865 820 293 962 441 481 82 971 362 974 220 816 103 296 867 451 864 
426 915 43 598 330 400 127 344 317 229 167 299 10 32 91 320 241 294 406 277 627 202 233 591 668 740 482 140 248 438 70 589 266 903 289 629 921 964 783 109 701 499 880 646 763 438 120 890 593 372 934 204 511 205 809 664 842 457 204 320 23 753 191 163 362 95 810 772 682 601 271 493 969 725 987 548 909 240 606 615 411 154 336 380 218 503 5 412 989 374 734 545 729 334 171 772 423 364 906 70 
779 558 331 934 464 841 121 555 660 70 404 715 789 938 961 533 292 821 976 345 634 358 55 892 255 916 460 811 622 430 543 116 937 213 922 237 800 135 852 772 143 723 804 193 757 128 599 204 789 99 969 937 378 85 129 89 950 328 834 27 909 701 921 132 214 762 530 844 621 156 602 79 401 473 961 300 421 385 986 361 432 340 792 850 96 79 191 91 154 151 448 580 458 56 35 168 387 498 288 707 
872 988 448 491 275 300 72 208 927 534 818 874 437 209 68 509 590 668 529 364 548 768 270 679 629 298 634 616 481 271 488 999 181 433 662 751 568 462 616 3 966 975 456 464 36 806 902 958 542 878 420 783 881 732 80 607 173 406 278 791 243 250 191 574 350 424 245 414 198 989 309 853 302 831 517 975 189 880 324 762 413 926 705 785 611 285 594 458 488 199 125 605 987 665 283 669 407 263 197 934 
870 380 108 455 397 776 947 571 49 346 401 869 444 287 368 117 130 7 626 27 790 190 110 422 875 726 627 301 429 721 659 565 40 724 455 964 518 204 670 895 841 608 365 521 199 294 685 379 788 255 788 502 206 361 19 469 527 490 640 132 440 208 156 542 561 153 772 757 558 652 752 440 428 484 613 675 466 743 605 711 313 727 491 981 141 3 380 69 872 241 768 812 273 865 747 918 635 620 320 707 
359 981 473 67 962 946 797 81 992 789 162 909 501 231 929 881 553 280 287 94 699 158 893 535 707 155 690 184 229 605 314 762 512 361 543 623 162 965 841 883 113 134 954 946 827 600 211 454 150 803 352 355 443 857 667 11 609 788 87 562 58 541 692 724 201 729 660 836 955 328 85 860 661 476 305 690 627 73 933 77 403 193 854 909 985 526 28 865 896 704 628 345 471 752 314 107 764 261 510 751 
98 650 27 858 403 916 546 838 382 167 842 520 399 202 289 430 194 134 60 572 375 510 411 667 49 811 909 894 735 636 672 32 391 939 242 950 620 137 457 619 536 716 93 889 829 440 578 307 84 488 24 526 32 706 187 999 670 870 824 642 260 31 890 115 894 184 25 715 282 205 844 452 846 94 977 903 42 490 130 120 762 752 441 459 345 800 220 650 721 432 18 648 147 912 410 372 398 594 296 963 
240 937 486 532 209 534 970 72 803 857 28 813 977 106 127 454 212 216 872 833 173 284 823 246 423 308 421 862 490 388 502 21 241 433 167 599 656 901 439 122 257 654 640 976 549 144 539 680 337 622 423 802 63 498 285 111 256 141 757 868 394 760 975 343 515 84 207 327 846 923 394 23 533 673 157 249 198 79 389 612 798 242 675 945 6 218 363 619 129 561 430 287 56 393 78 366 32 992 790 435 
99 646 177 156 128 960 315 757 221 594 499 61 647 271 136 670 315 401 745 191 239 622 875 138 228 196 904 376 611 147 65 653 635 865 782 717 926 536 820 722 667 835 492 670 180 561 754 673 689 76 727 915 423 368 164 784 970 897 619 893 804 772 875 893 812 508 193 611 194 775 721 36 736 726 562 46 943 753 614 861 275 332 151 605 820 376 161 190 62 210 597 920 700 725 268 464 971 50 757 980 
279 757 644 324 220 529 488 903 997 757 767 996 62 311 272 216 108 300 898 590 415 918 278 6 628 140 27 720 308 136 344 318 289 632 177 693 102 484 191 781 840 299 721 610 476 111 544 434 954 494 790 194 250 681 508 647 190 555 745 715 607 801 114 325 606 896 765 80 690 32 353 805 439 515 263 446 727 708 532 995 538 906 643 717 800 829 825 151 244 255 512 843 423 190 964 702 242 257 648 178 
878 653 443 496 595 471 402 506 985 1 43 18 906 627 936 424 84 451 654 341 683 771 203 475 281 976 424 840 666 992 145 964 583 922 918 975 89 766 602 272 510 901 412 979 755 252 844 684 946 952 522 940 370 233 429 702 406 469 464 375 583 595 360 95 726 830 435 37 178 38 21 652 868 699 250 63 746 853 670 358 589 226 601 48 920 906 62 367 374 917 787 862 77 680 530 834 131 747 861 132 
899 931 823 31 196 435 570 560 218 955 15 36 734 261 7 175 338 431 959 500 677 631 10 759 566 284 136 299 837 618 28 500 705 397 404 594 958 989 943 519 910 707 84 204 476 73 659 18 0 983 424 77 218 866 897 58 208 656 793 83 648 596 358 363 963 125 303 431 804 867 115 5 726 953 123 184 711 537 111 884 642 245 863 128 113 69 743 606 7 226 253 352 144 205 104 861 122 730 94 491 
684 930 660 589 588 62 140 457 806 852 111 49 491 276 699 80 278 555 142 772 348 98 245 269 664 418 512 940 131 966 658 119 411 809 599 680 856 151 159 531 17 254 139 521 947 301 767 539 820 335 745 301 313 797 564 343 16 622 500 83 869 903 430 483 585 150 485 370 973 408 279 351 266 213 605 526 391 39 946 128 88 742 74 116 369 670 34 362 0 222 465 725 203 93 167 625 437 612 118 260 
853 466 363 606 301 514 65 793 269 428 643 329 547 656 301 156 940 55 297 492 530 980 342 612 851 983 86 259 457 903 105 498 950 109 918 496 84 458 236 733 130 443 942 396 681 4 772 957 796 723 132 743 229 396 203 961 340 836 427 571 743 800 350 752 532 742 221 338 455 355 886 523 356 493 275 228 837 865 890 951 9 46 989 896 209 177 841 641 330 871 333 221 557 336 615 662 32 208 238 571 
308 897 510 561 896 220 667 43 709 339 238 151 625 757 96 253 296 673 115 772 272 710 615 40 612 314 983 801 229 440 10 854 411 913 824 794 8 176 221 842 856 75 190 783 491 172 423 905 923 550 429 671 412 862 346 32 372 471 697 358 412 616 89 475 963 278 72 106 121 352 257 311 329 865 915 590 282 753 856 124 868 677 46 507 792 662 27 414 725 463 910 499 229 401 215 474 759 507 829 114 
535 145 313 302 662 310 914 401 518 387 277 332 71 479 404 336 78 972 784 27 906 633 30 32 272 174 474 784 955 742 568 463 531 773 848 470 783 446 310 133 716 676 507 731 502 615 74 787 948 389 271 504 906 532 265 250 165 777 526 43 117 238 354 861 130 87 494 937 40 366 706 153 619 915 464 218 922 229 62 771 425 331 693 140 83 576 788 244 926 75 679 29 538 981 402 496 335 849 408 620 
591 973 277 297 974 72 569 542 310 840 239 114 442 458 378 776 97 344 452 806 391 799 976 558 860 34 748 608 753 60 886 46 346 350 921 544 68 152 407 597 786 322 593 275 102 184 811 676 293 985 113 360 597 855 280 304 806 296 577 339 520 435 703 702 211 117 197 915 7 611 283 92 265 563 783 905 132 6 541 425 256 354 775 852 827 727 736 455 896 802 438 115 771 460 455 629 249 611 614 712 
60 2 791 215 848 911 955 151 672 738 607 935 914 357 733 403 470 347 377 393 322 251 547 673 703 521 404 49 87 627 631 267 820 762 318 964 92 50 975 505 491 712 345 150 528 826 738 406 997 703 181 885 246 841 388 932 796 428 430 583 724 219 93 36 222 752 511 834 476 846 4 520 880 766 638 397 344 248 230 26 265 774 385 856 448 942 770 664 147 287 287 373 46 841 689 358 318 791 696 212 
700 737 1000 637 963 801 165 351 149 943 525 684 355 789 569 885 679 406 750 273 199 363 64 958 67 741 106 655 762 672 522 491 953 136 558 350 510 640 928 992 1000 333 423 267 686 569 884 915 547 992 741 226 400 634 640 99 48 881 70 453 694 68 421 693 758 536 547 911 826 679 747 969 179 819 230 305 347 281 425 998 102 768 184 213 971 592 54 482 398 748 979 890 217 32 511 918 291 964 554 825 
903 811 691 847 318 499 432 997 541 37 443 90 975 56 940 291 306 425 283 465 384 661 812 333 255 935 919 72 804 159 411 632 727 195 424 592 692 546 733 470 789 802 703 209 565 542 275 312 64 223 700 687 945 254 417 197 621 841 580 646 754 230 398 839 519 350 248 153 179 909 744 194 775 725 570 52 960 666 983 965 141 943 954 253 492 352 835 879 625 211 146 11 78 155 280 316 932 223 184 542 
22 678 558 214 751 796 151 197 599 258 779 453 146 608 349 247 718 420 989 620 803 347 988 570 536 653 924 629 191 132 420 947 345 937 416 482 793 823 199 733 713 174 927 160 971 901 194 252 651 258 902 639 925 939 698 967 47 688 216 882 651 683 650 146 968 645 957 531 925 564 720 935 877 232 200 253 458 14 393 77 639 294 571 94 307 216 687 259 302 174 951 433 129 81 427 300 24 675 971 482 
512 955 318 973 252 45 757 540 921 768 737 814 85 606 468 127 515 42 997 830 986 754 328 382 471 272 144 223 587 906 951 352 426 982 312 123 773 771 327 243 780 584 503 469 392 29 213 626 373 976 230 366 764 802 65 858 359 537 297 450 85 93 684 676 824 987 497 100 540 165 95 159 438 763 576 303 818 683 150 617 845 504 411 502 864 586 153 424 501 306 776 816 715 817 960 999 382 850 486 420 
289 134 839 288 690 865 313 736 470 974 260 173 931 896 161 331 516 878 382 720 470 618 773 146 354 894 271 141 927 903 972 60 786 125 184 129 464 83 944 64 721 136 130 865 112 743 873 832 362 703 13 774 208 466 726 687 180 433 47 857 275 751 489 238 961 714 206 727 60 549 163 10 115 319 89 884 326 267 337 52 330 832 979 610 822 631 653 782 167 848 570 491 399 702 326 149 988 312 455 551 
706 89 549 702 626 9 424 681 733 994 576 442 896 429 143 246 713 386 39 997 801 580 303 563 326 646 620 798 162 890 374 669 978 181 39 981 749 887 603 30 345 250 568 610 582 785 293 284 16 895 789 497 255 699 77 265 394 458 251 376 352 47 207 857 129 936 602 296 681 343 781 835 108 463 711 723 120 312 509 531 56 203 621 292 740 678 440 473 111 964 630 710 868 426 105 256 143 195 931 520 
537 197 287 367 128 534 233 727 0 866 256 856 286 150 632 502 978 202 18 789 805 739 514 722 756 799 905 242 25 115 507 965 551 499 491 948 168 105 409 171 20 525 674 185 922 404 430 654 577 515 52 14 615 520 476 129 488 185 663 301 25 625 267 416 302 725 355 784 781 925 720 565 70 783 905 323 91 289 874 592 979 604 160 194 764 47 549 634 901 231 943 837 210 157 800 10 332 103 144 123 
781 374 506 161 712 202 406 33 457 629 752 916 76 168 748 295 925 266 818 44 118 498 886 239 568 519 165 295 925 611 928 993 726 607 68 421 160 427 323 730 458 249 396 379 268 763 543 977 823 740 865 847 722 796 748 992 932 44 868 349 323 276 981 962 505 532 983 543 273 689 547 554 896 912 34 934 340 538 204 348 837 637 644 90 132 156 472 614 353 352 520 284 931 66 898 299 856 197 43 79 
424 205 87 638 964 622 604 159 795 367 204 730 45 855 127 768 286 664 442 796 207 164 100 750 3 133 430 280 830 505 167 63 99 313 136 166 58 259 653 457 458 18 337 230 380 952 404 998 141 901 134 24 359 26 930 339 945 305 906 764 469 650 744 813 785 642 62 507 787 624 768 635 333 871 197 501 707 700 430 455 256 784 388 426 819 568 365 692 940 0 426 650 157 156 886 558 575 588 3 299 
17 699 468 932 93 265 136 156 175 740 538 294 527 420 374 350 265 247 489 196 907 937 675 134 261 759 745 64 522 517 739 732 643 925 151 781 52 69 187 779 860 913 348 179 21 117 812 993 649 111 911 150 505 79 760 198 970 253 146 606 299 556 708 458 590 167 456 221 106 522 958 514 912 208 168 95 800 158 403 416 768 271 367 242 265 77 567 794 9 21 523 749 374 384 726 329 307 114 652 286 
972 841 748 43 695 116 330 524 692 873 706 391 176 856 216 956 100 658 155 482 736 149 516 465 565 538 57 597 833 357 827 763 187 799 644 656 639 839 605 311 678 602 318 534 313 193 954 763 582 656 514 763 197 939 440 686 771 939 419 677 852 711 981 733 597 592 971 626 8 675 272 73 746 723 59 427 786 721 960 813 604 422 482 984 978 382 421 143 231 469 549 433 484 77 312 155 131 820 555 909 
68 753 122 864 409 542 494 635 201 706 95 415 310 490 26 504 874 433 898 992 186 708 271 951 110 416 759 765 538 646 585 741 756 307 529 799 885 709 578 448 378 480 695 647 953 754 540 925 14 550 272 601 157 29 944 965 565 412 322 356 812 482 533 446 781 799 172 227 233 971 223 176 905 888 689 204 299 968 859 775 823 876 993 301 914 394 606 628 828 321 351 651 638 701 236 351 187 175 741 670 
3 587 731 851 910 319 781 194 93 401 700 207 826 516 92 439 354 509 404 232 871 672 561 158 379 54 30 514 128 589 120 341 638 495 996 257 329 237 848 300 658 389 945 391 140 256 709 327 73 935 583 916 429 398 399 541 468 445 605 892 891 513 932 897 416 866 473 467 897 221 43 330 382 476 836 38 122 848 112 540 788 530 731 7 553 866 35 928 114 482 877 226 737 350 449 914 964 294 624 72 
192 764 324 278 65 772 901 789 26 962 192 853 130 857 418 233 285 780 482 574 96 731 127 171 3 120 606 330 85 556 760 270 824 744 962 854 495 913 9 461 442 177 474 792 45 560 708 381 274 668 531 423 848 448 667 8 146 475 904 857 136 681 16 149 9 188 170 173 334 910 768 78 586 542 847 981 457 721 849 897 366 685 521 174 803 770 838 625 777 865 833 578 819 694 736 440 44 574 891 26 
715 617 488 874 495 765 311 697 432 584 519 461 513 120 764 316 643 813 660 651 9 679 975 125 287 474 703 934 389 913 550 422 69 233 2 569 153 845 53 519 781 185 426 404 633 65 134 987 439 464 206 931 399 569 842 996 344 958 962 229 113 569 35 317 433 459 522 820 58 366 518 373 576 130 494 230 691 956 812 811 529 850 631 498 865 330 234 934 789 644 854 591 724 11 64 684 260 199 262 365 
556 707 828 81 636 363 86 950 188 377 724 157 14 175 888 755 248 360 947 767 732 583 878 762 136 348 712 867 613 110 189 349 892 189 739 14 162 53 518 5 529 166 75 375 781 860 587 9 255 29 159 683 993 735 41 994 44 922 662 761 577 875 61 508 488 825 833 581 277 417 120 767 174 128 362 371 542 415 737 119 242 310 141 431 1000 143 796 66 925 530 284 229 881 134 668 481 846 31 501 228 
577 488 282 424 410 729 266 681 538 444 640 891 357 185 193 879 601 967 469 631 403 69 754 879 793 171 570 338 942 545 397 832 826 288 528 304 862 331 567 691 660 522 187 27 645 177 82 722 251 908 286 839 502 862 495 835 571 815 183 522 438 519 834 144 980 827 543 823 548 628 371 636 270 979 488 785 307 974 113 650 74 738 315 671 432 893 746 929 857 193 163 8 824 350 238 373 765 326 866 730 
182 442 355 160 682 563 815 983 59 95 496 473 595 439 774 563 482 770 2 618 722 326 147 712 520 918 475 441 367 476 257 340 950 936 617 584 946 787 224 440 637 584 531 21 953 682 545 775 476 454 408 309 622 823 482 646 286 282 948 750 447 37 56 37 695 970 210 24 75 944 291 513 741 755 494 482 920 63 366 236 410 472 150 13 507 875 365 277 852 408 901 482 704 803 300 726 474 841 349 387 
14 342 559 460 210 0 320 138 304 789 166 88 141 566 944 908 964 98 547 207 727 442 672 583 954 115 865 385 756 940 30 862 870 223 90 359 323 159 879 300 386 465 576 305 845 535 289 443 909 74 34 941 285 687 736 973 704 285 320 587 666 711 114 403 948 258 208 78 306 987 929 897 764 326 325 344 960 634 448 18 888 576 516 989 852 363 450 315 418 627 447 756 973 719 879 1000 600 60 657 500 
411 785 750 924 742 745 131 578 610 83 392 771 667 334 894 789 362 842 56 760 6 28 379 439 309 394 674 331 268 797 328 942 788 513 895 780 183 973 810 334 268 714 465 817 878 543 150 280 66 693 179 724 439 291 819 316 956 193 345 320 13 963 216 409 258 904 378 446 250 969 865 513 191 981 671 564 444 738 316 499 261 139 723 156 954 741 656 451 460 481 715 588 164 7 52 834 119 610 750 192 
435 736 909 842 979 75 155 429 215 331 217 435 38 971 403 346 319 58 859 12 428 945 56 381 690 527 443 73 482 845 848 238 324 30 955 401 82 937 696 147 53 819 402 994 709 896 88 880 124 208 306 173 86 172 658 798 705 199 821 656 409 937 159 199 335 995 451 168 233 990 765 918 946 887 416 803 719 947 459 409 699 601 227 419 138 345 508 174 916 591 95 335 661 938 75 983 907 830 601 832 
450 633 348 653 600 268 180 985 115 31 241 125 943 662 974 578 398 734 871 23 868 515 421 925 89 749 981 928 771 325 753 885 46 429 589 992 165 345 140 814 941 349 396 29 934 952 154 75 587 549 753 747 305 339 79 893 268 575 731 609 194 485 894 808 133 90 484 8 698 912 689 934 528 595 393 412 464 318 320 178 515 593 451 473 941 202 843 510 787 729 242 551 383 958 651 516 666 672 628 128 
47 680 474 447 406 39 497 973 121 697 935 396 913 34 972 17 753 142 408 909 28 709 602 572 802 658 449 635 552 163 478 302 521 78 601 478 902 519 261 875 965 823 194 444 308 996 380 711 235 626 530 151 31 282 277 643 803 665 747 55 689 311 685 510 932 454 684 719 791 199 544 658 754 180 122 103 968 151 147 145 640 11 670 994 539 503 28 414 312 809 827 206 531 854 111 378 974 92 559 158 
821 976 368 780 463 529 31 319 349 433 719 686 648 776 364 379 995 779 576 640 785 943 87 984 376 423 143 740 887 607 522 354 795 794 821 490 256 555 971 577 815 745 327 861 458 348 634 20 922 184 362 889 695 287 328 688 193 47 628 878 443 649 896 38 717 106 851 175 847 593 904 608 952 100 377 473 687 853 347 722 340 890 54 541 681 439 429 217 119 673 887 686 205 107 910 38 806 838 354 787 
612 500 85 472 835 20 314 535 24 580 159 734 617 586 21 263 31 185 875 319 319 975 203 837 72 941 878 863 346 471 325 327 637 244 340 761 513 424 311 228 667 412 115 524 646 187 950 159 962 377 903 488 554 140 708 200 682 282 591 555 512 752 267 72 814 354 905 544 881 446 301 79 527 330 723 207 247 423 806 622 93 627 307 833 418 519 13 843 452 136 795 22 25 875 73 68 384 111 566 514 
11 150 779 247 317 327 931 595 519 422 155 536 602 449 126 827 963 506 128 589 863 668 454 728 320 20 286 29 888 723 70 577 640 540 632 197 771 921 37 820 404 729 257 981 121 30 994 856 846 527 99 423 869 589 186 680 64 839 587 633 979 378 429 374 547 660 510 18 238 664 443 390 78 561 929 256 696 904 912 987 964 909 842 748 244 243 381 54 656 298 592 370 886 581 135 576 809 983 905 40 
521 337 226 361 356 128 553 886 658 950 590 39 862 450 452 593 857 490 826 598 106 830 584 619 342 129 240 535 831 424 834 134 777 726 120 842 218 703 935 35 273 50 487 504 381 749 869 220 788 990 53 365 288 868 560 78 906 684 956 763 794 631 961 983 902 480 127 333 7 198 316 417 427 547 862 1000 556 112 4 275 398 474 147 116 384 996 570 962 297 131 656 437 998 929 477 288 57 725 400 898 
405 897 64 257 987 874 360 176 878 316 226 545 394 308 238 249 409 456 582 421 319 175 411 461 424 114 788 774 793 886 109 514 34 465 193 326 754 428 534 28 608 109 464 854 264 169 851 352 270 937 736 617 481 817 918 703 899 919 871 933 332 87 419 873 581 152 747 524 735 629 714 560 482 810 375 469 888 111 237 152 394 651 312 930 514 343 805 621 904 30 481 576 13 357 875 944 908 111 227 374 
128 74 274 313 893 786 200 91 41 829 537 831 47 612 842 512 39 678 726 347 59 776 641 756 255 138 206 465 298 548 162 999 568 582 68 126 824 806 902 227 541 954 964 779 347 289 588 535 966 703 765 775 587 662 853 688 845 679 858 686 832 583 968 396 645 471 226 146 367 832 394 660 969 734 379 689 605 80 639 419 684 204 671 786 894 129 943 786 751 648 658 160 111 918 636 452 340 13 634 805 
443 977 325 930 491 781 343 348 739 820 67 565 459 808 378 224 843 270 640 198 251 175 81 268 472 981 190 325 488 607 530 938 596 220 349 725 634 617 723 857 762 624 693 296 935 933 379 687 227 433 883 955 202 248 584 714 427 330 452 483 62 893 230 995 211 991 338 474 708 540 477 0 84 341 632 39 514 537 559 290 311 698 244 382 162 214 893 135 631 574 751 689 755 54 552 844 538 385 879 130 
626 607 204 431 189 712 70 457 644 120 129 88 437 774 550 472 245 63 816 554 56 302 55 220 48 343 591 831 596 780 135 188 741 614 266 345 16 627 774 457 665 533 687 433 130 791 738 366 211 157 509 307 672 880 547 655 545 60 870 692 588 685 954 754 914 356 939 742 581 469 910 500 673 665 837 587 642 168 411 467 320 116 917 418 544 85 416 874 919 972 560 948 986 854 790 156 302 784 770 670 
189 64 181 77 409 432 191 611 83 266 442 465 714 144 61 466 299 954 735 76 760 749 872 455 488 58 559 663 465 504 469 539 815 675 763 278 120 579 120 65 295 810 924 513 480 568 906 60 240 492 113 583 692 595 845 213 730 193 124 915 639 356 76 30 795 842 113 923 478 466 590 522 62 49 889 742 35 238 25 62 738 530 525 679 592 774 740 80 748 759 69 743 803 51 293 726 881 455 978 527 
593 198 513 633 786 475 522 863 610 398 599 891 625 326 249 672 242 681 159 587 222 330 871 884 958 620 902 4 680 187 858 403 725 878 943 322 746 92 292 829 451 585 904 404 603 425 691 439 959 899 721 774 288 242 656 3 940 526 180 754 496 790 524 786 461 781 615 370 770 963 582 157 452 180 58 918 654 253 397 273 130 696 534 178 171 558 97 645 469 339 968 788 893 331 121 788 976 942 539 456 
587 908 474 929 3 183 874 735 246 990 860 697 322 262 719 895 986 244 803 852 747 66 63 151 705 464 434 794 87 959 389 523 413 730 309 394 757 390 248 508 924 643 233 349 373 545 872 334 218 758 290 343 539 563 370 956 818 276 995 447 712 906 825 913 705 674 94 909 460 347 94 633 100 212 154 893 268 42 806 100 287 804 452 329 900 636 422 689 387 517 230 754 758 109 12 39 585 801 969 226 
867 501 593 127 383 287 389 128 466 678 627 185 460 438 814 398 463 351 87 650 12 381 612 346 374 478 845 285 235 655 542 117 334 942 670 452 175 892 385 300 682 814 399 907 448 276 890 764 232 40 95 567 952 758 273 879 930 390 490 359 349 550 654 118 783 707 722 103 149 630 58 484 657 437 589 913 679 517 694 963 318 854 772 350 700 910 577 100 912 277 631 429 85 506 656 647 399 513 628 348 
712 159 885 981 288 365 558 677 309 410 58 998 292 645 514 382 731 827 660 883 956 92 256 175 851 553 93 706 547 410 46 134 238 970 240 647 448 106 514 162 659 457 692 75 323 960 293 976 602 628 965 395 267 370 441 978 200 855 127 443 754 855 170 328 21 770 397 442 720 234 60 112 955 180 878 495 424 138 816 464 461 87 35 680 863 667 420 265 337 777 183 782 232 473 239 593 804 114 113 516 
115 813 55 810 850 433 846 175 807 431 990 259 970 692 754 961 228 839 65 7 634 853 734 577 481 722 968 215 695 248 558 482 75 1000 679 321 284 348 352 668 171 618 925 548 771 980 848 662 735 625 264 394 98 780 331 83 241 957 674 11 956 598 321 168 478 340 2 789 146 4 789 652 457 406 12 506 67 932 14 60 920 985 101 680 50 913 991 627 178 131 426 845 598 707 324 858 519 413 458 48 
922 299 924 65 219 759 32 585 225 996 388 17 155 257 260 191 96 530 373 849 303 3 92 631 163 498 133 383 309 250 745 47 452 698 214 768 629 553 75 154 284 902 181 592 137 981 847 233 643 230 909 922 122 513 330 649 959 708 889 345 547 282 181 829 681 61 949 397 916 347 684 838 462 762 436 296 176 419 79 122 623 316 405 613 563 931 271 536 888 7 843 331 742 298 154 565 112 106 409 662 
247 711 896 67 300 751 852 869 100 271 960 406 449 620 39 60 40 651 289 977 975 290 818 869 342 671 216 447 395 355 708 135 137 786 843 228 896 760 722 430 636 168 618 639 614 878 768 629 141 932 67 45 166 854 692 794 503 664 895 471 477 635 267 52 891 391 178 601 2 692 957 417 189 619 562 869 368 725 996 32 208 209 324 634 507 277 618 728 677 766 840 113 875 706 113 48 17 889 135 233 
160 687 708 232 110 824 142 193 430 570 590 625 37 987 858 521 662 595 356 400 388 467 73 125 998 313 370 506 226 891 493 69 282 560 311 237 507 527 860 941 945 994 313 771 775 997 913 639 254 641 945 547 59 752 109 764 659 911 808 298 569 61 647 276 349 714 429 808 492 612 451 154 718 130 199 74 620 891 24 756 198 212 478 747 415 219 816 11 412 519 509 277 938 136 73 737 785 894 469 124 
621 269 120 452 261 127 27 429 486 315 741 320 822 58 39 116 953 822 965 510 982 50 707 670 482 734 771 479 293 805 395 691 671 189 135 632 962 589 868 381 634 818 734 927 840 156 86 186 126 958 262 167 149 636 21 923 973 25 68 391 275 540 102 781 535 648 689 397 212 31 825 656 683 865 397 396 401 208 55 472 785 567 140 949 623 401 830 433 991 964 31 458 558 23 489 727 122 57 648 588 
799 477 636 88 715 36 357 795 892 99 292 694 505 959 980 673 752 657 747 152 636 569 220 916 263 566 242 309 558 169 544 877 275 254 776 66 663 864 141 58 312 584 700 602 617 114 577 189 393 373 455 760 418 551 566 667 263 728 932 101 319 58 550 336 985 670 582 682 454 810 894 262 423 438 717 582 431 436 634 357 566 31 455 875 633 739 309 200 694 81 627 533 219 0 589 545 646 423 155 148 
442 349 428 716 783 659 829 252 605 766 789 401 430 291 324 829 656 668 504 957 143 891 479 655 596 81 853 24 746 858 544 955 693 984 843 509 784 526 922 109 483 527 473 640 614 471 99 798 766 872 123 343 230 811 157 693 933 751 210 86 677 744 437 569 804 689 425 861 724 975 466 571 934 463 435 548 383 186 377 772 1 923 946 902 186 18 370 258 72 59 846 69 324 248 446 196 155 143 180 729 
723 815 792 572 911 455 613 366 451 801 210 759 453 521 394 65 749 352 788 875 617 738 865 839 295 630 876 779 743 769 527 460 737 336 484 664 639 289 837 528 148 82 48 110 148 183 205 974 608 645 988 421 541 516 714 913 370 49 404 850 961 866 628 280 527 394 416 514 990 72 764 586 254 891 916 85 352 556 862 111 674 644 608 47 97 378 732 381 179 225 570 341 93 604 743 958 15 824 611 680 
269 900 761 851 301 30 102 266 948 816 928 160 990 86 990 674 910 27 135 102 448 273 594 670 446 472 67 464 214 87 16 659 720 582 735 607 156 533 43 266 389 7 820 954 7 359 518 885 306 539 788 331 510 370 214 463 356 575 774 42 479 45 292 278 233 234 427 273 496 611 836 486 497 111 0 840 723 719 520 751 685 912 869 128 425 968 752 197 10 798 473 525 492 755 985 980 580 7 601 663 
43 449 634 361 62 398 228 278 459 839 386 535 706 792 953 766 467 808 798 397 525 988 349 5 351 177 377 901 890 539 74 140 658 242 571 453 769 421 239 974 853 321 88 588 606 40 897 587 918 885 789 626 376 583 899 357 294 363 162 453 956 514 635 807 243 175 478 435 215 763 176 264 68 328 101 45 88 254 240 789 343 445 564 157 601 900 770 993 338 766 118 979 2 982 482 293 435 928 136 900 
865 238 95 738 611 108 20 827 785 209 506 393 246 683 405 511 875 525 31 178 873 54 300 311 838 90 549 437 933 957 502 826 897 595 968 850 313 651 601 125 593 447 157 298 355 404 877 166 429 156 573 170 142 154 841 61 585 640 489 415 688 837 505 217 568 637 470 784 406 144 93 923 566 72 134 980 57 569 579 826 35 590 13 87 224 939 339 423 498 550 646 293 423 637 81 403 122 927 919 661 
78 73 616 739 434 381 971 213 485 823 93 669 356 332 322 4 260 10 642 72 552 31 311 687 137 582 707 650 63 630 613 991 1000 318 394 24 433 896 924 634 587 894 188 793 835 448 672 484 377 969 803 821 976 416 119 400 978 537 226 377 203 447 371 733 691 962 402 171 283 9 623 859 26 46 131 193 652 686 384 337 134 59 500 7 888 477 361 542 939 944 764 347 236 91 116 186 111 751 549 778 
369 937 848 279 588 673 347 353 186 918 233 132 95 863 67 16 30 235 864 227 70 64 438 255 195 963 433 47 205 713 612 507 15 692 562 914 225 802 628 226 224 755 896 667 11 281 120 235 299 924 646 207 257 237 120 196 7 221 980 886 455 365 487 45 574 882 92 291 849 908 495 174 898 535 566 374 27 496 778 440 493 334 273 925 84 11 677 330 603 499 723 249 341 96 64 244 466 346 844 612 
102 611 429 465 302 523 232 717 465 382 845 573 217 541 27 413 60 998 192 833 516 291 18 681 357 418 757 40 512 460 4 0 71 154 885 967 641 89 940 746 438 278 631 185 882 653 743 69 854 636 392 376 791 135 118 943 605 246 105 464 443 550 935 281 827 103 253 967 201 299 161 464 256 697 46 653 756 625 707 77 826 150 201 385 958 403 916 175 491 834 234 432 525 807 204 324 959 683 300 545 
79 613 769 432 697 55 152 294 786 795 384 937 412 784 408 737 888 891 687 434 748 536 759 704 574 900 969 478 1 883 499 200 543 679 351 144 844 79 984 601 701 655 446 642 204 258 644 511 30 737 975 92 253 204 642 162 296 437 255 654 398 831 584 884 969 595 353 517 987 913 675 627 17 572 391 102 731 873 992 517 543 451 413 315 932 469 673 202 604 670 194 24 63 50 25 424 572 414 565 187 
925 989 209 67 763 66 523 215 865 343 62 365 259 517 926 409 770 359 815 584 882 358 897 850 350 855 483 557 678 385 39 274 862 536 30 720 346 610 269 752 160 803 70 135 308 782 994 949 86 241 731 945 15 977 944 170 953 293 525 184 885 558 20 47 702 644 540 521 441 518 435 482 295 402 391 340 417 687 991 567 255 363 980 512 85 759 357 568 447 322 465 512 108 873 136 18 412 228 553 238 
707 425 647 367 283 351 792 757 881 125 921 429 526 262 70 861 120 390 263 192 657 41 687 100 771 782 346 772 248 685 81 218 520 650 831 886 488 298 60 869 689 151 998 217 907 819 698 390 499 842 894 48 861 87 871 524 19 192 718 469 614 702 883 158 24 889 267 411 415 393 436 274 666 116 939 412 200 619 500 659 52 415 961 224 157 735 366 933 464 615 798 79 226 947 275 847 130 596 503 76 
151 479 777 69 932 764 579 331 95 198 803 214 895 501 848 222 175 57 143 125 349 228 617 698 742 140 72 481 831 796 685 704 23 653 439 850 931 635 235 718 180 194 269 419 163 929 729 200 158 814 616 781 88 800 827 47 617 339 509 376 347 761 245 643 701 834 103 492 632 665 46 711 750 589 281 7 998 602 922 517 37 317 936 364 817 12 795 99 166 684 23 144 644 922 654 790 154 516 596 911 
782 961 535 20 842 28 637 975 604 470 446 433 643 466 67 63 667 399 721 591 685 751 200 615 535 699 595 579 832 312 112 29 632 553 275 416 151 63 256 752 438 734 331 785 857 462 97 465 967 973 757 343 993 953 650 892 130 916 282 18 145 252 645 320 265 776 72 777 279 145 129 600 458 86 550 250 273 143 109 145 738 61 432 685 703 904 552 874 143 716 938 149 676 179 632 873 465 687 470 535 
728 596 782 741 403 743 322 47 523 24 678 441 719 918 219 498 926 146 642 472 710 743 116 671 234 887 118 577 802 378 278 733 871 377 993 211 811 920 743 295 48 17 245 953 503 569 763 671 397 806 718 771 933 257 7 640 63 354 786 658 617 45 107 640 173 988 721 669 737 415 570 97 285 799 755 560 488 441 699 740 534 980 763 255 181 451 186 641 418 359 811 252 175 159 705 729 942 525 442 798 
766 387 950 520 186 297 7 358 32 179 385 537 738 873 588 507 447 815 613 540 867 871 183 131 296 607 182 183 882 181 330 358 18 840 349 123 463 244 421 920 482 535 924 943 874 627 880 94 418 383 247 324 603 7 412 794 955 180 956 476 744 723 955 443 839 562 646 993 108 908 623 671 798 670 386 297 285 843 361 216 335 86 588 245 927 50 90 690 150 37 478 52 8 822 614 65 916 500 29 566 
783 94 664 450 966 728 533 326 416 504 497 163 760 685 762 960 416 324 310 567 895 304 821 633 370 409 402 819 223 287 179 817 976 366 242 285 505 553 300 692 309 643 66 409 638 786 676 553 713 784 348 168 505 392 384 624 79 708 161 774 636 677 675 309 291 531 669 69 547 488 963 802 265 304 160 99 573 88 181 935 198 841 657 389 762 418 779 512 962 955 253 310 958 150 548 732 4 294 721 972 
237 52 782 24 207 601 200 930 272 285 411 553 771 410 929 254 580 306 827 609 218 405 960 875 523 91 885 118 364 790 84 822 58 851 676 272 18 242 98 864 73 57 674 491 429 245 777 163 266 801 966 123 820 82 537 672 544 710 778 805 226 964 697 909 648 7 158 346 995 755 226 243 213 582 57 697 895 947 13 141 276 70 181 810 470 697 557 593 962 820 611 523 861 74 121 704 982 851 182 36 
919 816 542 674 21 832 327 64 864 859 928 189 791 368 292 238 403 370 552 183 528 0 726 269 469 560 192 32 931 646 536 76 142 237 944 968 520 215 36 626 105 539 377 531 873 620 512 446 816 86 757 676 619 76 640 521 430 152 73 756 442 15 724 587 710 241 939 954 829 197 446 864 992 229 666 218 45 550 390 638 161 972 906 802 373 625 239 223 86 841 173 495 371 144 142 231 446 241 651 556 
914 420 276 835 404 195 259 940 526 99 50 638 55 598 76 927 190 563 92 699 674 739 440 687 638 13 979 1000 479 894 541 425 897 654 216 169 91 703 914 846 111 546 166 415 254 880 707 152 101 869 504 401 670 469 946 425 704 978 35 327 739 317 484 886 912 669 624 664 324 944 982 4 138 530 932 795 2 738 999 824 354 915 121 722 334 266 627 224 109 962 615 411 647 301 249 985 925 67 737 417 
803 287 372 848 215 810 920 915 862 662 11 725 454 774 979 563 813 516 120 49 838 63 517 455 695 701 482 331 125 125 149 294 548 481 990 46 244 845 174 18 684 118 447 412 305 919 823 217 578 264 498 79 561 764 826 808 717 385 86 887 185 800 333 266 373 127 632 618 597 740 878 945 171 599 871 532 635 820 602 280 961 249 937 504 62 770 634 669 892 351 661 14 933 355 947 135 657 500 599 544 
453 839 888 622 888 986 786 455 622 318 886 816 143 591 800 902 410 923 299 457 13 259 948 951 253 50 291 170 309 181 657 582 799 405 604 614 550 784 193 51 682 73 370 404 551 104 904 674 536 947 175 893 975 166 815 584 315 325 729 238 612 913 365 967 139 974 302 933 363 254 478 638 754 167 808 572 614 917 3 581 278 368 969 344 560 70 32 949 354 489 774 166 265 350 698 452 219 113 763 649 
40 363 848 298 866 658 280 313 199 38 473 535 502 38 5 343 123 180 707 885 466 912 546 190 321 253 853 422 943 690 530 61 561 661 127 476 134 474 173 187 425 849 335 184 548 471 239 569 890 545 34 498 98 833 547 509 174 75 708 382 200 513 338 102 948 240 543 25 557 429 450 151 887 142 321 130 190 234 689 905 598 438 298 381 456 30 472 798 412 550 530 636 998 638 328 425 429 947 20 412 
650 479 568 542 943 615 193 568 326 625 162 317 536 70 393 843 123 226 83 536 262 44 814 863 425 447 293 125 30 682 81 509 181 14 880 134 188 568 271 734 424 685 338 286 827 422 59 255 572 932 717 497 177 238 479 497 37 354 638 613 702 588 442 969 369 684 736 714 111 641 494 412 732 732 682 551 711 197 164 535 153 276 983 693 689 28 600 331 299 278 635 393 374 91 471 250 353 281 602 335 
677 894 554 458 155 112 249 450 350 623 81 787 882 240 639 637 633 751 406 225 768 861 143 634 529 309 282 100 915 123 449 687 902 865 657 311 276 216 848 703 96 815 925 51 49 537 372 91 105 470 548 1000 398 706 992 339 73 380 960 774 927 141 590 696 422 172 264 659 328 153 371 173 143 771 996 514 955 446 696 437 912 157 312 433 726 345 485 26 396 137 497 439 737 766 756 475 733 465 996 122 
874 971 202 747 628 397 252 752 625 663 677 945 950 20 882 670 241 422 396 903 222 464 422 525 581 178 892 491 521 175 854 992 732 704 105 146 271 578 816 414 189 456 195 899 949 907 284 560 323 849 88 621 21 579 847 111 783 972 658 223 514 539 400 84 530 735 256 300 7 448 46 570 642 814 485 351 716 374 647 128 787 719 700 636 693 68 406 457 133 520 226 399 552 392 35 731 627 915 681 838 
992 192 165 638 407 340 529 254 561 630 341 252 710 917 813 431 483 903 256 711 791 559 697 646 265 101 885 980 973 162 64 397 248 112 570 446 334 218 178 840 524 706 160 24 473 488 262 678 465 239 174 763 625 173 799 843 729 200 50 367 308 868 642 583 634 847 263 0 624 864 128 332 737 543 745 679 126 389 890 733 3 16 370 96 20 47 232 425 597 532 928 560 15 537 905 696 679 273 500 725 
385 187 463 465 390 421 591 945 955 92 259 881 260 519 222 818 12 830 363 915 389 668 105 492 122 132 503 512 326 563 547 426 549 38 146 504 851 448 763 829 563 443 973 757 992 335 442 639 557 269 378 526 101 62 379 994 415 695 74 283 771 196 642 520 158 704 3 905 782 976 85 427 780 598 198 922 122 339 984 555 436 185 840 320 952 927 887 637 410 73 770 443 25 931 804 167 178 3 299 765 
143 433 632 323 302 899 574 570 756 984 720 758 927 856 322 735 179 725 919 601 905 242 159 671 895 674 276 919 792 9 217 80 68 59 40 886 75 278 626 344 558 780 550 244 935 182 505 669 721 912 853 430 840 476 363 373 818 974 341 330 443 749 186 558 999 450 876 950 398 561 715 296 892 381 975 973 995 4 618 127 844 220 293 766 127 365 77 102 433 325 332 123 23 848 881 453 502 979 519 252 
434 565 428 654 50 803 745 228 701 800 379 740 37 679 98 843 745 182 97 400 509 951 559 69 154 252 417 216 569 120 852 710 795 905 875 897 387 715 145 277 537 879 96 237 622 706 594 771 691 952 75 167 33 23 109 88 700 91 375 849 378 666 553 67 512 115 569 58 745 291 159 900 538 433 181 544 337 593 243 333 184 340 478 823 718 356 613 448 19 494 820 581 194 191 299 262 164 315 298 781 
576 51 738 266 825 211 809 972 609 36 262 803 559 65 282 144 512 669 732 430 794 160 561 595 941 475 857 938 620 629 804 413 192 633 261 471 29 925 694 806 710 470 953 318 348 379 933 602 595 256 250 663 829 689 338 736 895 156 685 183 39 745 958 421 412 753 450 227 660 492 321 404 783 338 360 858 209 506 673 877 482 226 370 235 582 706 803 922 890 697 628 359 528 616 942 577 562 767 975 69 
984 182 123 206 772 662 934 376 408 175 130 795 462 427 551 983 521 761 85 893 699 602 472 239 695 264 162 593 687 950 975 940 12 182 108 272 731 742 54 784 471 822 452 264 109 725 21 749 445 552 872 779 524 780 692 74 693 100 563 227 226 36 644 306 376 577 392 363 440 972 783 413 90 697 198 545 667 340 806 692 714 47 285 824 640 96 162 302 141 929 141 897 83 868 905 747 237 960 431 437 
840 172 396 362 693 893 456 353 948 933 208 276 892 849 72 971 354 821 237 204 870 323 67 505 38 895 386 175 942 178 324 678 338 867 144 987 788 569 222 947 326 496 923 591 852 490 257 432 245 370 52 726 354 507 259 289 943 318 110 388 754 386 946 636 956 775 711 438 916 685 269 338 546 784 36 829 25 676 348 389 402 426 644 863 61 660 146 259 966 778 27 981 96 783 404 802 576 420 47 110 
309 323 145 393 480 291 223 753 785 368 263 347 56 361 196 738 793 793 895 603 96 400 320 623 91 623 338 413 864 876 191 855 87 431 686 244 58 598 829 608 290 560 904 338 757 867 27 412 608 781 853 318 446 828 203 167 841 570 73 585 983 548 935 827 876 219 480 132 742 984 366 75 364 532 810 468 249 384 17 590 520 293 664 130 396 748 406 271 686 189 150 639 493 872 866 73 851 933 708 523 
57 368 972 432 720 356 523 744 904 749 466 631 220 57 569 74 954 15 754 517 287 252 778 1 642 887 866 48 74 148 920 207 20 317 252 550 478 249 16 152 393 328 787 945 961 478 366 40 665 923 634 760 601 536 636 140 23 989 674 968 958 718 644 191 277 660 884 666 646 402 276 832 940 67 304 327 936 335 930 92 646 898 51 19 166 14 184 426 67 674 714 888 855 118 1 534 818 105 528 752 
84 293 321 67 85 881 88 208 958 137 145 314 325 157 411 195 184 321 832 226 473 222 585 509 389 460 405 860 230 514 207 35 656 726 835 544 135 255 69 639 291 265 406 163 391 20 593 945 611 394 127 798 607 947 873 115 627 360 801 845 605 492 337 266 83 218 256 860 859 248 735 811 357 457 384 907 115 136 907 187 279 842 720 690 453 387 566 525 774 927 49 310 573 396 946 540 362 516 845 396 
55 261 883 919 894 4 72 367 715 605 720 146 326 45 146 596 468 321 4 790 127 948 192 295 261 62 391 584 28 604 942 773 402 14 333 222 859 251 701 337 647 835 846 330 67 301 45 65 883 866 478 685 167 726 173 157 362 532 918 964 713 174 475 68 680 988 824 53 193 650 903 218 395 133 732 952 628 24 814 22 722 982 33 326 433 962 112 925 18 501 437 480 407 806 290 429 121 648 96 305 
992 201 905 27 852 91 903 360 687 514 548 725 971 162 518 609 820 426 644 824 970 579 99 327 989 861 134 89 871 293 647 87 646 520 570 1 868 944 888 903 175 550 530 960 523 116 422 652 714 198 643 372 562 793 823 375 627 146 913 907 855 122 133 437 132 276 575 216 788 303 295 630 454 436 76 422 903 45 965 271 640 296 993 574 509 471 887 851 808 380 905 952 426 170 338 41 466 969 0 570 
450 230 750 496 438 851 487 567 615 265 355 625 593 567 131 597 579 830 774 410 112 984 640 38 540 414 548 305 86 595 148 709 244 314 107 377 213 729 118 422 47 485 147 78 787 829 390 968 519 603 316 659 993 221 536 976 983 286 183 291 552 236 567 366 266 753 904 474 669 521 556 596 534 717 554 906 551 562 504 690 834 785 956 894 994 158 202 625 554 534 703 802 865 203 119 818 564 685 153 98 
