24885420 26505332 27582348 28972607 24666154 24605730 23639018 26737620 25396087 25254758 28006681 24022250 27575540 25775408 27147449 27085050 24104320 27175743 25843171 25287845 29086496 26452178 24244473 29056463 24815631 25193364 28893155 28598533 24681416 28999425 26416323 28578589 26253176 28271911 28206505 26634818 28425067 26944425 25089900 28804698 26270104 28789801 24445389 24810489 26372542 25748109 29862804 28377154 24236314 32117689 25787138 27505218 24814508 27428425 25923639 26311725 26755045 26926774 25915803 27776357 26320126 26300599 29345444 22448747 24498016 27106046 27549447 30082286 28432111 25433201 25738462 27287218 27935158 26913136 27269512 24878641 24494737 23551116 26321174 26043959 27337089 25095613 25879631 27513179 25262393 26912087 25380981 27459670 26732511 22687094 23699208 26666866 26488145 29385397 29212308 23808417 25350765 26523127 28743003 26665598 
25226328 25752820 28990992 30363678 25564374 28083996 25616767 27815945 25617950 27677465 28526944 24159141 27100927 29132789 30659281 27764709 24621446 29033526 28653083 28993306 30606374 27766831 27319190 29614446 26109856 27009306 30876901 28916201 24697738 31511250 28355806 30543933 28133094 31505779 29667336 27161478 31115659 28633159 26033987 29312296 27298519 28166504 24979670 27493055 29588007 27948511 32146417 30916721 26901090 31441039 25845789 29747174 26375569 26693811 29206233 28698164 27714020 27274111 27707306 29866720 28670865 28472586 29587983 25348207 26038689 27363632 27427573 32273452 29852517 27770024 27650470 28697216 28502816 28892444 28891842 27547981 26709372 25010655 26885949 27329289 28092018 27116008 26347508 29012697 26680580 29181083 27910827 28098723 29787616 24901288 26381181 29670559 28841836 30038399 28932160 26569068 26424073 28170619 29937374 28212712 
23297028 23881908 26838470 27715025 23533110 24274140 22769001 23704673 23641691 24698229 25432547 22750656 25389919 25489110 24722514 25076130 21688649 25789769 26522998 22925079 27735682 25618418 23157117 27529663 24635120 24001360 26324520 26782461 23133259 25723438 24619453 26007061 24984936 26429784 27379417 24038881 27811187 24509930 22941450 26992382 24239345 24678808 23406448 24004569 23941250 24613924 27267804 25490348 22329980 27508673 23377202 27173507 23089756 24952737 25623895 24769892 23877997 25100939 25514558 26357016 25048794 25036086 24830990 22453762 24117154 25084487 25472462 26651478 25610701 23687787 24780337 26887730 25291046 24579295 25588453 23969914 24506828 23655043 23044676 24999398 24615571 25327979 24634419 25127853 24480644 24319463 24883504 26226827 24295652 22588231 24605168 25381284 24712809 26500533 26408128 22977929 23936721 26092879 26123502 25737951 
21911375 23473634 23887908 25570916 22303969 24269249 23007155 24974320 22068710 23687146 24251346 21825695 24056945 23285800 24322244 24798246 22027056 25695450 26767778 24168464 25258644 24100666 22473812 25978002 23124173 23692481 25372829 24904729 21237373 27820804 25247122 24685541 26467064 26960843 25431552 22313991 25214115 24079087 23983442 23929256 24542456 26467976 21574190 24411671 25097827 23710803 26554991 26435761 22181004 27379927 24694915 27379130 23265400 24277478 24177194 24775995 23286871 24072028 25094657 25729782 23920420 24036519 26662035 21698036 22081601 24222347 24766873 25789684 25502342 23134736 23828324 25616677 25903809 25032018 26220810 24450889 23848244 22152641 22860547 25101067 24648161 24576135 25152264 24069774 23196961 25728309 25260449 23488647 24804812 21047856 22226412 24490542 24095523 27544894 28711540 22904702 22641848 25631444 27573528 24551531 
23172335 23812301 26413111 27796171 23940185 26143360 25643444 26598593 24549258 24272381 25362666 21988313 27809983 24628684 27348385 24755772 24623223 26663755 26742855 25103426 26363089 26530256 24743940 27980074 24468753 25773897 27525175 27796678 24234397 27596793 24593793 28076841 25557050 28307158 26163798 23753503 29543182 27764300 25464777 27712009 25021541 27930257 25332910 24178705 26926940 24236235 27462794 27076961 24278805 28806013 25339413 27265234 23402887 26047493 26466342 26305970 25757697 25896679 25528526 28416441 26018210 25447982 27423857 24053260 24132852 24739331 25758241 29472687 26629331 26062702 23832075 24808872 27922079 26422946 27216987 25028107 25229299 23608705 24558522 26515897 24620627 24926045 25006211 24974333 23414179 26361957 26574721 24610746 27422957 22249151 24510594 26035313 26155381 28275010 28727487 23146237 25090755 24316086 27208804 27289596 
22047272 23284614 26155743 26921095 22869927 25782441 25987034 23153047 22103480 23362043 25095932 22832729 25099062 25567152 26708858 25276960 23141540 26053623 25831247 24355482 25332998 24737331 24429817 25226260 24514127 24973771 25770414 26773745 23566497 27871742 24498846 26378891 25583623 25450587 27240711 25407656 26925318 25061974 23366498 27179422 24390218 27171624 23274868 23873174 25978833 24188924 28457714 26970627 23791212 27592463 23868928 24959455 22572432 25277051 26252878 23512139 25541908 25516608 24142472 25396264 23908551 25199588 24541053 23108515 23450908 23593332 25306893 28374361 25324445 23319338 24116389 25804974 27088668 25042174 25291780 25590668 21798859 23225741 23740617 25470275 24701054 23877651 24959917 24596806 23107236 26731593 26148239 24954277 26360790 24602637 23786489 26243827 26149496 27099586 25537557 24290515 24497272 24215619 26701164 26235008 
22246092 23530591 24979846 26080170 22955089 24455610 24897265 24754704 25408883 23823441 25424524 23057825 24210902 24185401 27168577 23337279 24281438 26919337 25540692 22786279 26205467 24289749 24320558 25503930 23239069 23922337 28231114 25026477 23110362 27728254 23970813 25440764 25307834 25507445 27281473 25381564 26962448 26189979 23854934 24635383 24800674 25420965 25094746 24946905 25252484 23652903 27317002 26069647 22704298 27552540 24765405 24222354 22965984 23238001 24760717 24315392 24504352 22834543 22926602 25978018 25167234 25386582 25560596 23998468 22115271 25442729 24955804 28144097 24652095 23326958 24258388 24317141 26596567 24895191 24179223 23763688 23722450 22446789 23053895 24269298 24999530 23747016 23155875 23599047 24267178 24355556 25228189 24387948 26360843 23587473 24551362 25466116 25966295 26839411 25115439 22057031 23724410 24814111 27303563 24924869 
20953069 23153323 23760184 27908520 23088269 25306347 24279825 25645678 24254887 24368616 25363521 23012411 26715788 25753944 27648342 26283537 22867482 24663733 26473583 25371708 25912952 26159778 24662945 25797929 24223472 24788356 26785364 26760850 22615065 27067523 24954475 25959845 26057370 27180747 26737368 24055220 27036411 25469795 25434115 27098467 25031985 25494585 24543407 23987604 25741364 25791046 29401007 26501859 22837466 28680781 24065195 28607551 22962020 22535184 26990042 24831017 25056529 25417970 25458011 27299248 23851507 25542719 27247184 23073755 23789826 25100479 26503585 28233910 25420219 24371028 25198736 25047317 25766851 24989326 24970366 25003921 24584995 23327187 23975080 25631116 22748909 26648529 26338271 24549701 24930666 24404911 25216084 25492527 27108531 22597123 24347374 25437474 24906595 27365953 27515858 22382558 23122086 24062310 26575239 25172590 
20694214 23463751 25870007 27391887 23238448 24736675 23469628 23768588 23845690 24814043 23065437 23787006 25709439 24959647 27304217 25561099 23087722 24577425 25958064 22968030 27196226 24113278 22911256 27907290 22302747 24832595 27955065 25110884 21714720 26667359 23664198 27067688 26402561 25456564 27932001 25249310 27282710 24767847 24352802 25504398 24055893 24777722 24233733 23931860 24159068 25259915 28020172 25817644 23366847 27231674 22715839 25578750 23176555 24474913 24418951 24330497 24674632 23991883 24403137 25694224 24405965 24974669 24493272 22629593 23673969 23729602 23584246 25946901 25670877 23838494 25612379 25949272 25327007 25558834 25051188 24378235 22195868 22303181 22712581 23840420 26731263 24828582 23155396 23936691 22790794 25892438 24854659 24216411 24469854 21772465 23123090 24563669 24990912 26655991 26776511 21511107 23266718 25188935 25102992 24456478 
22981424 24627298 25037435 25718977 22561540 25349071 24674942 24777237 24027495 23295506 24433704 21164270 25247390 26239486 26078426 25197690 21560200 25188091 24939510 24499693 26656918 25363282 23892830 26345709 23581376 24688267 27425241 26868869 23823498 28533839 24478746 24467890 25803191 26987669 26391810 23630815 28072974 26524803 23483789 26294443 24341532 26518120 23709199 25511648 24897504 25232051 26967573 26599388 22987729 28563819 24142511 26194168 23677523 25561413 25552199 24366432 24148601 25337889 24789636 26407621 25924100 23643491 25448608 22085367 25013473 24691556 27081816 28552260 26254368 22292949 24810519 24658994 26691911 26021631 24940801 22913156 23690485 22431887 26543863 26038796 23737269 23749494 25597808 24751759 22832198 24677147 25856252 23703421 25579929 22385388 23602059 24420667 26210831 28426943 28524384 23073752 22818514 24543349 28490909 25394112 
23455505 22105047 22587163 25862226 22435718 24294752 24108968 23428477 22362492 24280646 25015149 22501371 24044765 24577539 26628777 25487495 22400435 25963533 25718284 24420519 26678937 24472997 24353912 23939408 23501750 23717961 26069558 25891238 21105994 26544388 24750819 24032955 24893059 25205427 26599729 22771630 25894825 25023006 24370688 24807695 24798466 25283270 22037388 23492437 25110750 24380563 27664636 26646888 21626718 27342053 23901493 25367829 22352960 24102864 26391582 24068958 23761011 22676890 23543874 24697216 23438920 23939984 25233846 22810369 23548310 24720072 24984916 27353793 22998070 21618022 22936855 25097904 24305115 25077516 26084197 24728532 22581743 21951919 23678512 22677470 24395222 23761553 23437912 25027688 22790688 24538127 24700481 24477474 25965307 22129737 23067658 24803499 25061631 27371000 24576812 22252350 23593747 23398060 25550991 24460821 
23843109 24727442 25885685 28061080 22610077 26098704 23289642 23930585 23819009 26043130 24593624 23233016 25807275 25385237 27773189 25192681 21986294 25718597 24295812 23699173 27195521 25377749 23962516 26269854 23632006 25260696 27575497 26675577 23553352 27325940 24990246 27109543 25533100 26270102 27170613 25738044 27282175 25660007 26512643 26439146 26524911 25879659 22574282 25583799 27074739 25795030 28354661 26754789 23177123 27690790 24060438 26237978 23322236 23712402 26033590 23533563 25623915 23578682 26088386 25800001 24625791 24808574 28273461 21918371 22759129 25543112 25871831 28328174 25401546 23804192 25076298 24665395 26329935 25900127 25359803 24080990 23295352 22597140 23853894 25775433 26324133 23422443 24693551 24923354 24514017 25228889 24216340 23815845 26491439 24265592 24571661 25543833 26115820 28079581 26838447 23141003 24716130 25269088 26286424 23462358 
21720631 22487253 24644166 25764907 21833636 24004394 23594068 22633288 23727671 24255392 24817271 21889305 26230690 25109254 26596341 22841315 23041115 25276715 26800362 23570146 26763293 24465868 23714316 27190411 22428516 24863444 27003244 27352295 22830219 26974092 24094875 27462835 25683353 26713785 27208336 23277926 25891295 26601838 24023519 26202966 25194587 25887953 23734947 22888449 25290891 27065672 27308545 26559112 23167919 28411243 24534983 26013351 21137556 23681765 24492199 24918038 25776600 23521153 24525018 27292314 25451927 25915253 27067285 22367309 22050134 25709177 24087361 27752004 25872106 25211939 24355809 24966352 27382974 24901909 24303693 24938589 24034479 22833995 22126805 24480366 25195245 24574154 23583666 26072450 22932683 25985495 24106617 25163251 26078236 23576493 24587728 24772440 26673943 28260399 26845484 22264086 22691410 24475463 27082711 25911406 
24319544 22620778 23932154 25845432 25016126 26247602 24312762 23758370 25342547 24112690 25015713 22441589 24678148 26145715 27115975 24395881 23290783 26619714 26296992 25296347 26069195 25072574 24161001 27660674 23344332 25750010 26697793 28259524 24650216 27068240 24320603 28531706 23962777 27849305 28470780 24578142 28160911 27065799 22905962 24591063 26429918 24746792 23141614 24734316 26682037 23433453 27327430 27865665 24168162 27954930 25378721 26024247 21267671 23623655 25285001 26283499 25695632 24289224 25719091 25966747 26735081 25381662 27216825 22018375 22316746 24805387 24784826 29253940 27072949 24418681 24923560 25606108 27021588 25760335 25172899 25221866 25018149 23604567 23928280 25947381 24207659 23526285 23299835 27535071 22541738 25531216 24638551 24556479 25726092 22984167 23758059 26051238 25787945 27415339 27212641 22514580 24445867 26188114 25952804 26048994 
20801482 19945590 23453421 25699430 20649108 23531851 21457640 21741345 20710310 21796168 23722664 21075936 23127407 22248116 23673783 23429008 20493473 22905049 24390160 21590015 24049797 22181424 21956926 23129596 21798314 21846384 23623821 23533372 21600719 25370403 22812428 24268424 22928028 24139915 23457920 21843677 24694807 22898318 22040398 23420518 24479008 24264453 19886511 21427756 22024211 21790517 25528422 25418821 20717938 24863637 21194935 23916419 20937241 21464932 23767774 22575023 22840411 21298643 20888850 25033553 21591204 23658332 24867891 20067560 19435061 22034836 23680884 26679691 24014839 22890975 21835152 22711079 25268492 22997795 24033453 22248052 20126359 21064713 20712437 21353185 22631621 24375032 22522939 23004573 21212572 23920553 22172867 22601235 22171252 21586847 21254058 23573815 24470340 24389853 23811059 20264200 21926100 23342822 24249900 22787878 
25055259 24957174 27422724 28795482 27061605 26988930 25612661 26582476 26172463 26483692 27967556 23800228 28979499 27351741 29645033 28249687 25840046 28763156 29497273 26541650 29198412 27348154 26236857 28879363 25721518 27487496 29467297 29505583 23934195 30191778 27617141 29137305 27147781 29048910 30411020 27155369 30362804 28604422 26132173 28783957 26965884 28676306 25170883 26297330 28462402 27074638 31023865 29416097 24093473 32018836 25703648 30050856 24780406 27184522 29110218 28562013 27440996 26787838 26121094 29041374 26019773 26682220 29102163 25083040 24617461 27663003 27947805 31778346 27511060 26187942 26739971 26628962 29135087 27459261 28278478 28079356 26128255 25049086 25292581 26731039 26887035 28369997 27151562 28582221 26847957 28574211 27556876 27945764 29626137 24426480 25676580 28112525 27734299 29521176 29016044 24324919 26290045 26481530 28379116 28726919 
23877189 25924478 26294256 26959148 24106715 24923144 26520262 24038800 25494517 25981718 27990546 23319780 25558302 25754659 28037293 24887280 24114851 26169788 27592697 25622950 27884612 24648321 24030700 28079259 24951371 25439448 27378965 27870151 23893375 27580067 26201675 26792012 25878055 27566731 28144470 24803748 28383981 25818896 25953653 27055127 26466948 26995673 24432406 24396986 26895591 25072073 29016910 26439946 22967198 28691914 24977296 26762737 24741643 27143137 27384087 25644096 24890979 24727696 24609016 27128556 26220552 25536915 27114335 23994455 23502801 26357031 26869279 29008767 25924843 23496746 25604824 26990186 25714072 26683556 27720410 26824405 24507082 23432256 23905033 26820818 26299353 23208353 26139504 23283197 26047867 26664257 27548173 26056825 28272367 23310947 25934088 25513465 25440223 28813959 27821145 24668475 25628994 26718563 27110202 27257583 
21303497 23580518 24319484 24422855 21353207 24630109 23210820 23334760 22900585 23977941 23592290 21569884 25535665 22747338 27680767 24860732 22662441 24146677 24200383 23842218 26430372 25109078 22133302 24755517 22373834 24782211 26075702 25788927 21216521 24463770 24577070 25386401 23906154 26663093 26265588 24352273 26892760 24628750 23887786 25243390 23269197 25261030 23310641 22215395 25623627 24270723 26510225 26311681 23318844 26198921 22734709 26560569 22851021 23530563 26371613 22968749 23036848 24576389 24403694 25994575 23499609 24622763 23877620 23544439 22219221 24476678 24263019 28091149 24872591 23848283 22685371 23189903 25198433 24225233 25263457 24137000 23141338 22402241 23768268 22574986 23530987 24027839 24133746 24089013 24010018 24498231 24275820 22275698 24774351 22939399 22231700 24656642 24836848 26478436 25263005 20859858 24364411 23384678 25239033 25372875 
25740152 25984559 29678636 29166882 26555570 27430136 26238505 26721873 26289655 25621370 28714206 24803556 28904977 27697853 30334957 27419087 27067731 27662575 28961372 27775721 30730088 28178757 26735497 29499041 27040608 26637068 32312190 28245939 26605997 30771888 28307154 28933440 27497389 28673001 31819723 25475666 30762465 27698561 25861676 27099802 25262061 28193946 24417956 27396936 30245243 26677769 29229046 29003951 26201457 30073537 27664978 28884504 25953718 27805966 28321677 28936094 27929515 28244511 28900795 29742218 29510565 27931554 29305690 24957114 25044723 28607056 27563133 30367498 28726684 27232077 28157743 27000733 29041685 27558070 27841904 26757311 26224943 25439450 26799868 28845769 28871330 27344181 27157786 26559453 27396307 27434670 28440512 27384908 28924628 24938996 26339804 28937130 28695119 29725089 28637261 25073128 26687551 26985673 29994415 29359397 
22000762 21702142 24918020 23862526 20626343 22879327 22828117 23329324 21811836 24307046 24220568 21351291 24451369 25382910 25902962 23426937 21766348 23942209 23810888 22909958 23617629 23685193 23456522 25299888 23536394 21049693 24387242 26397714 20672930 26704153 23842756 26133980 22988965 25386281 26752871 23084575 27019699 25083234 24374576 25714107 22483576 24532104 20678480 22792255 24896094 24535378 24989028 25560324 22398751 26328257 22196005 24834759 20747040 24114249 24140307 24938320 23860681 23480393 24224516 24845908 23826193 21894111 25626080 20358691 20723447 22673045 23650278 27415695 23666434 22974471 22971904 22399303 25019628 24973020 22237254 23325668 20836564 21955451 21823607 22418383 21386881 24104905 22407840 26060751 21242013 25227868 21735318 23951797 24522321 22729066 22777917 23243735 23676564 26092054 24896017 21191828 23120137 23620151 24646181 23539324 
22648810 22672606 25133354 27121630 22618767 24904176 24085333 22575476 22072001 23662845 22660742 21784537 22910084 24869997 27041558 23202270 21651864 23682280 24414275 22255165 25005593 23849657 23767707 25327003 22758463 22756459 26358292 25237097 21780866 25470258 24071990 26282638 24164274 24679591 26896239 22718537 27324999 24844669 23471711 24601404 23935791 23434684 22370058 23386092 24412163 23270274 26122635 25962545 22549153 26699690 23585220 24199581 23137417 23229799 25350217 24833064 22541308 23910091 24078140 26524013 23653569 22936739 23860165 22734697 21948495 23280658 24923884 28114336 24968158 23469880 23697921 23200048 23975221 23308987 22558816 24329578 22494963 20953772 22123953 23729001 23251571 22886061 23131026 22805981 23235893 24495327 23351938 22992468 25311160 22225583 23100537 25149438 23762164 24748862 24054264 21961561 20990606 24802996 25196663 25345421 
22328462 24643389 26137120 27232438 23640912 24414889 25650683 23987772 24130273 25761106 24033986 22382868 25284729 25016705 28103988 25323017 23000020 24571142 25274499 23847353 26272687 26177370 24864018 28232814 24351920 24638073 25378141 28285664 24430354 27056715 24287056 27216858 24880581 26624906 27165437 23814184 29116177 24205537 23988466 26442339 26070665 25664513 24420881 24401285 26307551 24863675 27652965 26449441 25261122 28068571 24162122 27837587 23157084 24061096 25712091 25800518 24682491 24197662 25455545 26122313 26384586 25670346 27651712 24452577 23844195 25418271 26090465 29799505 28062774 24685269 24533442 24312661 25488630 25807604 25682830 24296154 23438742 23488096 22880448 24907806 22655440 23802968 23064518 23792913 23007957 26073706 24888915 22892226 25377964 22990617 24513386 26193951 26342868 27732227 26718686 23321351 24079101 26328329 26678291 25339118 
22693612 22698806 26484822 26512828 24579843 26710132 23981127 24879226 25701620 25515911 26869201 22673476 28772277 26114994 28377212 24788638 22944512 26742804 25594620 25572085 26960717 27364575 24634422 28026277 23066122 28364553 28619233 27802818 22722811 28307257 25392948 28979024 26111884 27115753 28729380 25965380 28431921 27125973 26788211 27882488 26501548 27880908 24940687 26937770 27028315 24978218 29764479 27421328 23913334 28968969 24050640 27680873 22857755 25944084 27161242 26377962 25278075 25826330 25482713 28143500 26330792 26628609 27266723 25748058 23638445 27592355 26366025 31407419 28692621 25375299 23512142 24952984 28168345 26955499 26626252 25703830 24563125 23691507 25778226 25931677 25202220 26031725 24094498 27520692 22732179 25905643 25970412 25839330 28372251 23958224 25098225 26998132 27332223 28160223 29340298 22959877 25530241 25766810 28303548 26205550 
21275318 22205415 23325437 24142131 20288893 22150042 20451566 21915882 22043627 21836606 23649988 19525214 23536439 22168192 24908675 22815027 22199791 24170979 23793026 22385511 24667089 22435951 22107037 24885995 19649928 23062974 23884159 24582320 19127299 24830264 22933732 23897961 23837951 24489509 25348453 21772168 26163083 23565933 22485303 22965443 22906089 23978436 19549079 21967612 23310046 22597480 25920997 24067794 22222570 25559783 21070329 23794131 21896450 22839931 24242789 23564372 22625099 22724260 23077978 24733480 23134716 23165116 24360717 23571081 19434727 23019539 22483731 24858120 23978533 21942391 20708727 21586770 24463587 23501353 23044182 22463063 21478624 21583140 21645664 21503337 23052734 21397323 20487538 22714829 22199102 24629219 22834900 21986719 24936196 20169456 21112275 23994945 24093758 26326252 25353431 20661464 21153994 24054394 24072211 24404831 
22378159 22861519 25999179 26487196 22690106 25238971 24182492 24390831 25256953 24501199 25256254 23606340 24588659 23806523 27774298 24835441 23850044 25420057 25335923 23803403 26635495 24294197 23268343 27062452 23630249 24358248 27724280 25835920 21909472 27626130 23926336 26296142 23579794 25090919 27025751 25168905 27759859 24017984 23332161 26045541 24616495 25068350 22984636 23071365 25318498 23065767 28212901 25849539 23620900 27112693 23320270 25307119 24690519 24006377 26340565 24965535 24006747 24699087 24352293 26028615 25143570 25449404 25569494 22751122 23201821 23737227 24296743 28320010 26022249 23378418 23713172 25757921 24696798 25641316 24926656 23847404 22926462 21669516 23346093 24691818 25397619 24027569 22807854 24266614 24992688 24960495 24506339 25431296 25623845 23037414 21944753 26781765 24535998 26099829 25267835 22623507 22430121 25605959 26479419 26178285 
23223809 23007374 24205596 24514912 21600844 25338741 23307752 24011027 24119776 25007269 24509101 21631607 25085092 25503054 26830445 25053685 22723520 25714501 25621652 23764418 26197974 24580466 23743962 24718431 23820627 25518245 25734101 25558556 21802045 25851734 25847292 25959087 25492303 27670729 26765244 23395373 26608191 23712612 23609001 25459666 25107654 26132828 22351685 25350735 24363163 24898339 25899819 26851470 23196149 27081098 24729162 27965719 23442217 24503457 25138300 25698607 24079310 23979627 23943684 25513677 26026563 25298232 25721039 23342885 23175882 25270226 25459721 28220362 26719650 21613747 22422961 24621763 25054572 24936431 25934334 22533583 23524604 23999747 23956433 23344645 24550800 24155171 25536525 25973336 23486953 26715111 24540265 22002512 25668634 23221721 22573402 25765776 26890585 27706744 27163800 23179080 22828418 26087538 26773141 25353651 
22910543 23988302 26861977 27904380 23519530 25543332 24943103 26148509 24543726 26620321 27142761 24030719 28006110 27745396 28018101 26184636 23850809 27019175 26754306 24215188 28862767 27656521 25167304 28031262 26420727 26659984 29295287 28792820 23638762 29547797 26517691 28102683 26826047 29090713 28685886 25283872 28250619 26699838 24924417 28730058 24839659 25087737 26947480 25140800 27169913 26597864 28810989 28333558 25802423 29765268 26344672 28530499 25700824 25727282 26990068 26045132 25874784 26822114 26681976 28415566 27422060 25459383 27525988 23794905 25000660 26992622 27039514 29925974 28899379 25830511 25036655 25565970 27055419 27513353 26394230 25639832 25884092 23980839 25138197 25657312 24908753 26539546 25950994 26181812 24980331 26166058 26837333 26081218 26806864 23920324 25151128 24635802 27343840 28391320 28267249 23708556 24043868 25981049 28688613 26085235 
23470204 23508349 25544997 27903336 24975438 24830129 23211201 23919181 24298363 25285559 26750064 22373550 25959629 26487617 27231634 25301147 22854973 27452382 25627798 25650884 28208071 24665814 22519892 26381254 23178672 26410991 27412340 27638375 23198140 27210346 24735889 26985576 27127744 26348382 28632285 25983531 26756080 25050703 25377315 27409424 26119145 24592385 23168500 24085423 24337087 25743948 29591893 27430578 23150289 28095087 23287129 25658700 23472093 25906553 27151568 25178458 25413822 24825498 25963266 26717181 24198762 26222561 24867077 22163170 24078142 25468597 25079555 29662943 25452090 23591050 25746223 28198851 24384103 26672114 25320196 25480103 24739844 21828062 23417260 24559926 26847849 25153514 25675067 25601905 23144918 25987806 27064984 26335033 26596301 24503596 25214958 25698015 24663016 26048371 27801508 23446490 25951863 24511852 26150712 24603466 
21944593 23473406 26498095 26705718 23048746 26202110 24589633 23503151 22909389 24197512 25940969 22344475 24013952 23632545 25542005 23950129 23390313 23210509 25136731 22239135 26532947 23975990 23005329 25417803 23529565 23369420 25374331 26370917 22825624 26408280 24505165 24921419 24427407 25182446 25546826 22657649 26731054 25561243 23805330 25106495 27159759 26830934 23676250 24104021 25433339 24508389 25533093 26437694 22530675 27920379 24968098 25286156 22515874 24598583 24900490 25793870 26783349 23314095 23840337 27042883 24569086 25383335 27381738 22958211 21493316 25476162 26943990 27936629 24810321 22814175 24616869 23209895 26706400 23612516 25137038 22815765 23835004 21754918 23776492 26348055 24987522 23936811 23974188 23978863 23332548 26256590 24751511 23981869 25490591 24138215 22541442 26176777 27266814 27345810 25370647 22770425 23771369 25270098 28089410 25102324 
22218105 21973607 25883051 26052377 23445875 24548127 23307878 22794125 23851976 24015521 24684523 23170695 24471208 25504218 25954790 24964897 22634788 25067254 26500466 23540798 25819820 25798464 22518598 26811842 23522104 24703573 25787301 26105785 22257193 26026163 24305390 28042770 24566496 25299350 27636776 24829788 26734472 24470561 24303950 25240511 25778929 24312239 22985804 24575485 24482791 24372068 28218399 25362461 21731449 26631477 23225572 26063071 22118153 22841570 24726435 24670145 24797967 24516836 23975331 27250258 24096433 25973028 25753607 22683589 20885705 26510596 25099208 29024118 27047626 24104785 22597151 24697944 25598569 25885650 25912996 24175809 22863834 22484999 22602489 25337316 24293584 23988574 22959038 26658386 22076863 24056506 25620034 24677748 25410319 23259159 23140248 25597262 24049303 26168466 25939204 21760454 24960304 24982371 26161661 24987459 
22484898 22117319 25340119 25850758 23545702 24143165 24460285 24328246 24505783 24377899 23036627 22699303 24765433 25678565 27118991 24027855 22014054 25345542 25800169 22896628 26966666 24774582 22914499 27928714 22246730 23523121 25554577 26069669 21884481 26021621 24503538 26770842 25722083 25566813 27013170 23485681 27015427 26035149 24147981 25087712 25574967 25188953 22763126 24446575 25638362 23556206 27422359 28653348 22470900 25670008 23263009 26811600 23310479 23861740 25814988 24343914 22719408 24460286 24478730 25364980 22928041 24420508 25816515 24743344 24450967 25736377 24903442 27662350 25608401 26150096 21595578 26365491 25770796 26424114 26090476 26468651 24111457 22530282 22831088 23978070 24365725 25408552 23407030 25016249 23433815 25655959 24441624 24890824 25751509 22166272 24353671 25919927 24742418 25994867 27789644 21703951 25735061 25613595 26187476 25064049 
21949595 21811616 24035139 25272063 22584946 23454800 20335987 22513780 22380329 24462900 22494550 20764334 24439926 24827728 24959575 24200018 20295181 24345424 24523885 20992140 24562040 23750268 22660775 25849067 23542893 23916988 26138301 26552861 21039277 23978330 22385745 25333972 23698074 26802155 27368276 23818552 26447193 24954297 23328876 24788361 23892730 23828358 23209558 22212548 24862633 23335989 25799256 26494085 20935994 24613343 22648792 24131694 22037900 22440455 23770205 24794187 23965953 23759815 24970918 24010873 23419894 24312967 25510960 21809640 22817612 24239568 23603462 25164150 24240910 22897349 23356680 22798321 24223204 23802329 25307561 22652633 23201475 22178401 22367510 22832296 23703059 23654551 23918150 25133259 22835642 23748642 22907569 22198757 23843921 21806000 22086832 23974118 24906539 26774038 25211089 21595715 23417486 23927339 25584663 23265051 
22288226 23219601 25964238 26253586 25609544 23997035 22534682 23866360 23003546 25327953 26281652 23844949 25600508 25478455 26447012 23754154 23523168 25962620 25633937 24304724 28089995 25596530 23760995 25660077 24355100 25445086 27524211 25756875 20921859 27624528 25828500 27446604 26415862 27113572 27231756 24136113 28189089 26848187 24485099 26471418 24056696 25506619 24613415 24638722 24964766 23905199 29015477 27753643 22364739 26997400 25497053 26715831 23428138 25521242 25806783 26268869 24973356 24910933 25517655 27058922 25552988 25598766 25295318 23458504 24492386 25161403 24762973 29686868 25281186 23803574 23438948 25518565 25861663 26271897 26661706 25674241 25101883 22035447 25476770 23709027 26028889 25627977 22943411 24706995 21151593 25826092 25071767 25162886 25421535 22138874 24042624 25446050 26267064 25029131 27018175 23265238 25156629 23976290 26893012 25946530 
24797903 24943718 27597832 29002001 25486000 25353190 26702488 27500699 24416654 27009090 26945370 23080622 28160300 27692884 29003577 29036552 25665009 26671368 28429110 26570121 29530164 27007486 26026217 28016871 26146973 24897909 30840898 26811191 24673291 29043500 26856454 27055271 27650173 28124569 29495109 26014687 30484418 27628999 27041937 29800314 25657449 27540849 25555994 25467316 26763241 29132130 29917336 28430819 24956221 29775276 25147307 28546382 24024405 26756053 29157725 26594985 27083515 27867886 26110968 28376124 27229567 26785156 27956135 24750263 25388062 27123709 27430273 29044131 29445832 26659397 25245280 27563948 28187311 29485884 27208230 26132989 25329174 25796929 25718930 26016240 26218035 29118789 26132157 27991814 25571957 26355619 27676027 26847818 26707461 25029803 26237943 27450689 26334783 29623046 29239420 23961374 26662187 26283051 29126740 28044263 
21598531 22537937 25043069 25680147 21371279 24164841 23758029 22928019 22844986 23092257 25452133 20615160 26173593 24291909 25746157 24264931 22758926 25262709 24290963 25233075 27305744 24143394 21926484 25355966 22879125 23167724 26924281 26165026 22309350 26979823 22203761 25056594 26120085 25494939 25524050 25141986 25692718 25683211 22543216 24561966 23630155 25777450 24140176 22173818 25253344 23627537 27704975 25736314 23177661 26909571 24119724 26334068 20842151 24580784 24940827 22998848 24522009 22745590 22485734 25004952 24405433 24645662 26227619 22585199 21887234 24103045 24497215 27140469 24646656 22234450 24204551 23896143 24060407 25268454 24587323 23711773 23156448 21358774 23856982 23409389 23946089 24103027 24774918 23849937 21492877 23666438 24659970 24437516 24319188 21754196 23034408 24916465 26091976 26397529 26392690 21195617 23379002 23300775 24373495 24530241 
23133788 21509105 24016845 25450989 21251094 23540749 22547459 22375390 23961048 23485617 24242377 22846434 23792750 25159627 25333457 23465579 20807673 24458367 23775506 22521833 27682205 25810300 24169549 25859569 23492889 23433318 26134078 26712134 22728534 25601006 24335083 25294638 23778067 25390237 26200760 23064520 27190264 23294378 23116717 24233618 23090420 24125281 22081759 22783182 24326123 23381264 26332256 25597037 22267515 27501614 24355528 26165561 23293283 24557630 24964530 24306529 23248606 23427517 24940332 25001501 25113345 22853539 24594240 21190686 22856178 25863206 24826868 28142012 24619170 23008401 23934584 25388632 23065513 22879617 24222779 22991917 23702144 22809354 23100915 23265676 23584913 23387049 23367474 22979826 22895120 24592740 22198536 23292755 25514373 22261559 23215599 24119484 24246087 25461032 25573860 22053111 21320334 24418095 25334055 25514192 
23248219 25785446 26606594 27251234 23919910 25234992 25153694 25185251 23579398 27712074 26817498 22870357 27658323 24956052 27757193 25516708 25355789 28685395 26777600 25117855 28424141 26307684 25773585 26801005 25581808 25487811 27815850 27733963 21744933 29270051 26240197 26792932 26149424 28993643 28123720 24922570 27672612 26204419 26476069 27601516 26156002 26726054 24402770 25233496 26723550 24897159 30005058 28575566 25947307 28545539 25698118 29161212 22945216 25287742 27269746 26549120 25381146 26248790 25671756 26032732 26159901 27733730 27178578 23346148 24318966 25528217 24893453 29488458 25432783 25969869 25240849 26041669 26940615 28428539 25401716 25548207 24110678 23997929 24510239 24991095 25686845 26159961 26101337 27309422 24137669 26543914 25651319 24426961 26197100 23449705 23971314 25608051 27047218 27795039 27920451 24159917 24837143 24942570 27870148 25446858 
22787607 21957837 24999716 26918021 23231153 24274285 24111420 23534994 21891682 24197419 24681247 22805450 25105250 25412675 25945740 26056229 21246840 24983533 24875282 24478046 26030784 24948016 23090276 25706227 23809318 23483297 26938280 25024037 22995023 26850235 24579659 27033087 26241557 26566636 26724094 24424466 27427792 25641884 24809966 26492208 23583426 24426350 22406519 23488273 24039488 24060065 26464595 27369303 21915352 26859215 22416202 25683769 22477129 24387871 25680239 23544988 24473530 23290487 24457889 26056072 23967586 23443434 26124954 22094839 22703363 24546782 23583097 27818113 25192219 23193869 23915548 25183888 24682787 25377060 25647872 24801552 23282444 22313594 23454394 23384658 23927969 24897778 23834017 25016841 23154371 25668661 26303873 23924035 25559273 21793942 23762508 25372613 25989120 26512493 27085350 22562680 23710632 24500502 24226853 24560549 
20917496 22247637 24269624 25604279 22336651 23541007 21848079 22587481 22289837 22904873 22832676 21709070 22375070 22865435 25563814 23917988 20872870 23690495 23855814 21271136 25504986 23939926 22973556 24823481 23597949 22665106 25957275 24214782 20806457 25179562 23342156 26141035 23004885 25450468 24794055 23531945 24862468 23474495 22794889 25922381 23968476 24508314 20749400 21918792 24067955 22346484 27403764 25964595 20835171 25665474 22421400 24905089 22785367 22479915 25022135 22551384 23275388 22989604 22881729 25435256 22092875 22816975 23372280 21935995 22324664 23260800 25128730 26268457 25029262 23678586 21908199 23552689 24960913 24992636 24495281 22837680 21292800 21262749 22087933 23163976 22911647 22875668 22766917 22379894 22246844 24960183 23480459 21860407 23990897 22333248 21989937 24402931 23870370 24581748 25359520 22219291 21805405 23337486 25361755 23349737 
21423517 24968381 25413856 25624299 23853471 23865933 23439982 24415709 23721965 24805646 23825253 22016323 25439812 26463858 27568024 24291383 22342460 26289258 25572523 24751569 25910617 24740383 24072523 27179409 23464810 24590187 28913990 26304450 22786846 27351167 22923830 28107011 24835960 26906943 28565607 25308304 29084915 25427261 24176360 26502984 24305296 23945432 23674964 26255091 25515063 25510702 26531479 26197670 23819956 27495394 23525287 25564875 21984604 25552891 24747247 24967281 27087867 26562755 25182797 26324486 26696146 24199048 24987689 21766745 24408163 23685464 24657680 29955338 26481220 25094453 22426058 24145334 25899060 25676405 24489656 24214776 24349137 24077140 24956315 24262632 25768187 25121472 23436484 26118172 22089501 25601353 24874643 24257642 26617170 22618128 23100792 25504807 25423710 26163901 26093774 23777590 24490868 24246251 26381325 26408290 
22363517 22969868 24734828 24059449 21294431 23446904 22372022 22016838 22171347 23661364 23071378 19739492 23127537 23230132 25646162 22910301 22325390 23346136 22160796 22184966 26303492 24885030 22851652 25449514 22852178 22989705 26215116 26607383 20535131 25490086 23009333 24181314 23500563 25227397 26320455 22658421 26683804 22850416 22459370 24683910 22950057 23604851 19961339 22560169 24228750 22576834 26256323 25260233 22481524 25165775 22273515 25244460 21295188 21987815 24368808 25714536 22689481 23303121 23938155 24598779 24340930 23296833 23560597 22480510 21450006 23648566 22921961 26624152 25289596 21475268 22322568 22683847 24845051 23666633 23693625 22697845 21572865 21920177 22158274 22638616 23471175 21544771 22101589 23756201 21941008 24122304 21733639 22326120 23980200 22338976 22450361 24097373 22943517 26044014 24173954 21368645 23662610 25499127 25873279 23843221 
26086794 23938227 28403633 32060980 27087816 28017690 26184558 28268603 26916371 28707045 29299266 24457021 27790770 29131256 29787160 27734214 24649725 28631554 28554599 26086675 29383842 27932643 27117156 30179640 27522405 27791959 29871540 30518274 26146620 30820969 26364589 30618814 27785199 29874900 31475069 28369816 29215193 27631194 26737212 29539945 29079656 28647821 26274558 27300745 29675195 27773401 31459968 29484679 24768504 30844446 27198919 28855168 26613946 26155559 28378295 30374583 28146751 26075330 28050682 30248299 28380901 28715388 29302774 24601593 25291397 29693900 28672167 32949748 29368616 27262561 28721436 27665667 28039261 28245185 28252687 26963485 27762893 25676802 26539578 28533291 27828724 27550929 27304842 27194502 26788269 28733376 29496685 27980764 28291013 25319229 26854325 28455725 28595072 30901371 30245257 26654029 26945159 28774162 29912933 26652656 
22953140 22143771 25555819 27676307 23960084 25764802 23565083 23012926 22663574 25849479 24437001 22941364 24193741 25547950 26175585 25263264 24824111 23962258 25853328 23142390 26672992 25628938 24278049 27448277 23867324 24208906 26931484 27406118 22480671 26611738 24029610 24935994 25323583 26009616 26874590 24781596 27298009 24707958 23405477 26146493 24285493 24660029 23027547 23701389 24626819 23637906 28402138 26035026 24359206 28511941 22740606 26753192 23543060 23423123 25424389 26682167 24141413 25223504 25393606 25574622 25107387 26115875 25281638 24261016 22755365 25836129 23754806 27597240 24862718 24100886 23630421 24868786 24361242 25745548 25347618 23788945 24417109 22924610 23306287 23218229 24567555 24687420 23039361 24303659 23261174 25499621 25392574 23690353 25021083 23146565 23279316 25982885 26186099 26788376 26420247 21679640 22521798 27167478 27701955 24907017 
23461600 24678903 27017170 27912976 24398940 27110861 25754424 24586624 24731873 27049892 26323746 23998992 26344648 25158380 27965997 26115768 23636574 27636037 27959106 24836947 27572046 25743186 24791916 29841219 26990947 25471058 27090426 28716151 23458162 27306096 25459571 29502791 27096154 28461083 28016193 27323247 30706009 26568953 26572251 28535136 27777242 27185520 25401111 25214281 27294203 25638522 28462230 29274615 24388632 29587746 26440516 27646117 23228321 27255252 27263509 26543315 25376462 24260480 25186295 28067061 25150345 24557882 27549798 25402339 23863372 27207633 26856983 32849249 27166000 23500884 25274708 26282582 26533444 26906256 26599218 27060550 23947334 24057575 24637756 26204686 25138646 25609752 25707386 26086368 23007268 27352673 27555051 26289639 26539201 24157157 25821483 26510731 27343336 28699706 28417671 24506589 24660891 27342210 25814344 27196304 
25907380 24812624 26899004 28334769 25639894 27020533 25506972 25424457 25014252 26328856 28002603 24486426 27361377 26160829 29257746 27069930 26578467 28440137 29497870 25810873 27196878 26080779 25364565 27554150 25978831 25632511 27706366 29049508 23428897 30257299 26179469 28628415 26163552 27184899 30069597 27007230 31023105 27297184 25946287 27118256 26842535 27530053 23325402 26989711 27939920 24596747 30534129 29549669 25003842 29450845 25413806 29195412 24382474 26251964 28639867 27116818 26801595 26398579 25165713 27410997 26020610 26935898 27315892 24232274 24769668 26256757 26554776 30415865 26536911 25227546 25317635 27283849 25943720 27768403 26784455 27024634 25040033 24177763 24263841 26337297 25457579 26282350 24409885 27934360 25582043 29099168 26921375 26515936 28022870 23747857 24207912 28527047 28361803 28457745 26507053 25137055 24499747 27959811 27560745 28279820 
26171556 26044610 28523445 29320117 25906544 27960985 27179973 28101655 28511739 30028743 29095184 27133091 29507093 29981938 30515369 27899486 25485396 29062950 30890211 27581410 30536121 27952430 27803917 29460824 27397655 27157374 31537171 30057900 26329769 30564777 28065308 29926947 28416659 31802805 31183102 27604254 32084675 29304466 28175347 29485883 28721720 27549616 27456252 28672070 30430165 27988583 32372700 29658184 27196719 30440440 26248292 29661729 26634080 26320768 29632748 28683733 27612644 27201078 28193132 29092767 29908935 29578197 28565604 25094015 26573980 30447764 28748184 32075058 28753617 26461232 27268890 29190094 29673090 28822378 29247337 28423273 26774945 26149875 27928342 28468310 28771994 28233922 28530355 28262778 26594043 27847967 28305337 27857513 29918017 25781910 27942211 28439663 29317181 30258890 31826688 25441628 28136755 31055650 31810628 28671395 
20282669 23492340 25368124 24210914 22173662 24174470 23003633 23280228 22408458 22085695 24691255 20985370 24214519 23235678 25977441 22519173 23208962 23208750 24364934 22589202 25793572 24186052 21443582 23082248 22586633 23360087 25593655 25438751 20253982 26599970 24178661 24582945 24483050 24987253 25884234 22696119 25511185 24096142 22513430 24871628 23379846 23419864 23007029 22867458 24380534 22789857 24861390 24268548 21437701 25752047 22507212 24464999 22493435 22289062 25736889 23816392 24298296 24152904 23715850 25283558 24144983 24705160 23915548 21353746 20569131 23451914 24794549 26339051 24079697 21415607 24362372 22565598 25406311 24029751 22946088 21971094 23360147 21472585 22873107 25267507 22982886 23416848 23859201 24273329 23290770 24892393 24476219 22452437 24434832 21860381 21700731 24746968 22262055 25902763 26468143 20999085 23604437 23534308 25713778 23403396 
22841666 24265413 25577282 25556026 22711348 24274229 23992506 24360667 23844966 24467694 25736015 22610715 26491228 25153221 25891851 24714009 22588368 24495233 25493354 23169143 26234393 23194634 23806723 26925769 23232278 22972555 26303256 25044369 23599485 28193548 23389810 25563781 25798284 25419424 26247423 24602139 26370166 24675515 25197676 26980264 24403174 25455008 22359196 25297335 22779112 24246851 27333204 25998141 22749109 28495722 24332633 25713067 22271116 23448741 24422645 25008185 25244439 24996297 23803298 25740277 24409816 25196700 26590996 22142717 22959228 24550246 25727820 28130519 26328219 23780192 24568854 25319900 26862807 24663730 25065821 22934088 23259718 23674112 23191931 23549082 24415313 26192852 24500134 25183619 23891255 25062920 24430775 25547272 24660967 22935821 23478147 24472987 25423536 26670335 27535755 22131221 23679341 23862774 27200667 25145030 
26139088 26040650 29877025 29638595 26519115 29409338 28865047 26549522 26552518 27487738 28479488 24598581 28679505 29120652 30412356 27500883 24080936 30173063 28505811 25485291 30811818 27391896 27511464 30925672 26484943 26593855 31263106 30778536 25168925 32277663 27266028 30252125 27706140 29777023 30815518 26537606 30304475 29622138 29885955 29781903 27717566 29038967 26165392 27745489 29707800 27188673 31683898 30393733 26294929 32354970 27247317 28330369 24281998 27247733 28128449 27944961 28604151 28614552 27123963 29488895 29108089 28243010 29395139 26603947 24161243 27753851 28518122 31760441 28581860 27593946 26560760 26710632 30334441 29459172 27478914 27447089 26682572 24418251 25508894 28717617 28537915 27475227 26753818 27643711 25690144 27915510 28101034 27585028 29597117 27628428 26909793 30721898 28365955 30129931 30312845 25748633 25825209 28388368 31321114 28260555 
22732285 22842082 23935326 25461289 21635887 21573265 22872859 24183999 22106056 24098095 24918453 21210154 24930478 23228602 26752182 23291330 21465242 25694525 24772415 23924249 25481485 23956444 23559625 24776583 22714325 24071605 26805974 25816496 20836348 24881271 24301513 24558157 24118566 27697768 27002761 23757638 25662762 23941189 22746340 25321823 24143022 25752613 23624193 22237052 25619276 25163975 27639726 26490950 23795833 26448999 24324547 26022365 22641269 24579723 26263470 25638762 22198976 24417333 24804226 25140834 25395999 24309350 25326731 21319186 22904788 24265371 23070324 28441591 25669854 23067176 22078732 23520743 23590281 25422976 23603091 24262427 22303853 21735511 22503333 22565768 23920581 23708346 23441724 22524758 22928756 22923006 23567930 24254288 25390459 22002277 21777310 24936266 25048816 25081459 25252449 22177235 22150663 22547662 25815651 24784416 
25579254 24554206 27677506 29229426 24025466 26829519 26381391 25486470 24415758 26843522 25412029 24921068 25723587 28153640 27947963 27793892 23593434 25876334 28785835 25632324 28173359 26784305 25163923 30060252 28011204 26376064 30079343 28040479 24608055 27827440 26471359 30818904 26756031 29292284 29563915 26018323 29969526 27227817 26814135 28931623 25340926 27339517 23062974 25294940 27496996 27160684 30010912 29399568 24354365 28930791 23977874 28277689 24953038 27223875 26765959 27473254 25703555 27114750 26625362 28553152 25243293 25632229 27878030 24703598 24596812 26370625 27014681 29506064 28378163 26338677 25985441 27525189 27482429 27642253 27622299 26596650 23303912 23855901 24685670 26487729 27167572 25830768 26570087 26581546 24476998 26823396 25889858 26424191 26845864 24101569 25810203 26245017 26491291 28149074 29307871 24687878 26021210 28509628 28184367 27265313 
22031013 22945025 24021800 24106035 22840886 23579221 23449588 22723331 22963412 26215623 24348630 21666212 23592621 25072238 26412854 23124103 21412535 23446780 23710925 21864073 24401017 23096295 23435471 26142121 22345510 23289151 25857089 24918895 20897804 25724161 24188934 26275371 23008769 26972882 24925710 23202490 27359730 24451589 23873857 25108525 25025788 23677846 22961753 23130850 23503651 22443600 26689725 26495799 22642603 25861385 22296120 24421943 21864442 22187304 23798954 25040384 22615152 21793596 23303353 24163869 24966833 22810986 26051544 21294307 21210965 22971873 23142430 27768300 23468157 23043989 23064681 24639171 23065015 23408505 24335910 24191970 22967836 20373480 22604240 22980411 25097950 22493538 23483597 22961161 21895305 24483008 22941684 23468833 24797018 21648983 23578921 24293173 23717253 25803742 25372720 21005194 22575332 24394741 24477148 23430893 
21609556 22385210 23216749 25041104 20782417 22766795 22328987 22254339 21534189 22637416 25287740 22194105 25209021 24334394 25753189 23603095 20527509 24750028 23334681 21378848 24661008 22714534 21735849 24304713 20769654 23537126 23349352 25403694 21247345 24837305 23075274 25360034 24098129 24954889 25487667 23626054 25576334 23953867 24580178 25995490 24102950 25142677 22337207 22690787 22488520 24576725 27098840 25828298 22611955 26319405 23205856 24534118 20287297 21593916 23711801 22623284 24013669 23371488 23723869 24887757 22926972 24204136 24509705 21292408 20902260 22312138 22959563 27617590 24089829 23033609 22005092 24532007 25416843 24198876 24125155 24602006 22582419 22224233 22381868 21630946 24153895 22886529 22099828 24156389 22328832 24478478 23583302 23989683 24014496 22777621 22261296 23621723 25412922 25440945 24019255 21258515 24147592 23145772 23892293 24066893 
20761755 21114380 24365143 24727958 22330777 23488562 23092880 23129175 22407906 22984381 23136655 21698203 22846495 22801188 26005226 24539721 22359452 24416972 25378723 21985339 25797168 23142732 21734067 26249376 23216407 23363108 25729596 25120959 19539821 26381569 24470448 26226362 24444246 24357513 25804338 23321602 26944214 23312538 22113483 23970872 23353400 23825765 21557923 22216523 25388527 24512397 24359383 25631846 22050263 26745691 23459283 24107141 22153992 23466946 24928443 24463094 24075996 25025178 23942616 24507149 23343384 24268989 24064100 22240521 21770651 24700446 23465645 26209826 26077328 22846976 22999519 24050465 23675132 23995619 23365100 22612094 22571921 21810412 21399273 24524532 24016684 22915628 22217958 23821270 22974502 24139929 21955995 22910788 23783460 23187375 21146764 24550022 23113178 24963738 25949386 21826867 23162538 23419865 27073934 24412347 
21321097 22371590 24455082 24954425 22927906 24550523 23639399 24579579 22865907 23307280 25254228 22005073 24620934 23469465 26129908 25332908 24347706 25928304 24535745 22772713 26267975 23391478 22612778 26577399 23617571 23553107 25155430 26753265 21044759 27720017 24788137 26054947 23775564 25786412 27207741 24436471 26269849 24182214 22761034 25555753 23548076 24430924 21563212 23453366 26438178 24121096 25319943 26360892 23051502 27549916 22442112 24305171 22591043 24179918 25284859 24993797 25117590 23578470 24515250 25404693 23764495 24078832 26407421 22224546 21195348 24625330 24635255 27302261 25636089 22905916 23593862 23360700 26024034 25445877 23710930 22481047 22745417 22771230 21917144 23670514 24754149 23633750 22358542 25590645 23474686 26053604 24343525 23962462 23982183 22911619 21518626 25591556 24850232 28087251 26270401 22462517 24136754 24901866 25253895 23863764 
24079731 25439352 27974723 28009207 26071597 26473447 25134581 25405835 23582464 26388523 28687151 24353850 27758448 27288383 28102418 26665024 26233864 27186016 27128379 25753219 28221265 25941784 27049067 29920336 24242501 26599938 29307487 27440629 24840638 29753958 27505234 27328659 27376883 28209192 28183504 26415454 29101374 28177117 26213631 28649993 26725043 27809432 24957202 25689403 27859605 25755996 30198307 29109328 25355788 30061652 26062419 28104029 24246431 26503657 27581533 26732264 27764664 25785754 27278258 28632846 26478165 27736435 28376431 24075663 24821967 26076425 25599426 29369579 28015005 26985959 26263335 27962889 28402272 27693320 28042244 28000856 25979296 26021159 24468519 26346910 27711121 26364697 25440295 27222599 24328944 29074017 28137474 27310811 28151893 25254792 25972573 27101116 29359224 29556482 29757196 25190569 25436418 25599848 28739785 27453482 
23738687 23293403 25788623 26256293 23891390 25892714 23617644 24039152 23573731 25219256 26189635 21284354 27529085 25044023 28344540 25841477 24240744 25904486 26405818 24326550 28441881 26433402 24507968 26689808 25011493 25928785 30077959 27691616 23111905 27816553 26159263 26866198 24773311 26070590 28187441 25495370 28697649 27526163 24690845 27567588 24624464 26493770 22130411 25222239 26560056 26557005 28221658 28033935 23138494 28182839 23040304 26896542 23288782 23931783 28413631 25986161 26242682 25355350 25264935 26122257 25108648 24206536 26602840 22753094 24224443 25460198 26203224 27140701 27694542 24547387 24693867 25526111 26985971 26751014 26313903 24293089 24801483 23897301 22999640 25305076 25984331 24722604 24487046 26271208 25256748 25575233 25027860 25242669 26731317 24787728 24188656 26464093 26453138 28494259 26359443 23574827 25223694 25547649 26849185 25968301 
23720568 25583018 27811516 28246534 23958634 26149438 24780300 24528011 26505459 25762927 26882444 23180883 27431413 26027836 29639144 25303679 25240318 27532248 27232171 24562184 28217209 28054198 25114126 27660900 25176537 28040202 29934121 28652593 23858927 29369684 26304770 29074758 26948464 27664166 28204849 26828173 30352164 28156777 25613342 27591643 27244790 25928581 25373041 26975662 26776390 25281788 30659557 28633955 25620767 28448359 26526118 28571579 24890169 23879851 28640339 25640138 26327411 26756950 26332078 28794063 27954617 26244237 26527936 24487886 27487341 25501346 26472820 29665400 29171995 25758230 24163299 25668544 27714408 27708744 27372168 25901204 24365088 26154140 25875837 26501808 26853132 24401092 23690809 26507551 24821526 26559658 26273300 25629932 27906579 24927440 24565054 25656497 28648697 29952668 27582486 24740969 25381959 25762391 29465014 27197249 
25540646 26370989 26903943 28954049 26242627 26918094 25532975 27960899 25541428 26767493 28602436 23509491 29361650 28250970 30948835 27946182 26437031 28026888 28934150 26256362 29869181 27976458 27259753 28539768 25425497 27511616 30344898 29496798 25709139 29843357 27010707 26532005 28499620 28614230 28973673 26162853 31494998 28324929 27947689 29620344 29224219 29065201 25665011 26335756 28049357 28813748 30081846 28433866 25860740 30850703 25335890 28719634 24888314 25383600 29774333 28560997 28383728 25633662 27615911 30580342 27733581 28042031 28274185 26286424 25571790 26714378 29446356 31947276 29348863 25863676 26788347 27437826 29731748 28433553 28726143 27552314 26278047 25421738 25742836 26552952 26863030 26871039 25777791 28897847 25110868 29725381 27765115 28432087 28279262 26614010 27810678 27108881 29752496 31112859 30003318 24879655 27569808 27663888 30816110 27791771 
23597302 24817330 26351714 27102593 22556464 24649228 24947749 24560962 23977641 26339360 24915686 22621196 25314013 27112743 26272524 24643525 22804296 25725172 24887941 24326630 25812479 25538804 24258672 24838048 25435313 25104501 27188451 26358327 22960493 26232344 23864460 26984039 24535950 27119928 27492348 25954813 27526878 24462698 24899401 26616398 24429112 24118067 23234038 24945606 26299911 22922183 27877561 24702401 23619964 26133947 23743555 27197427 22283450 24390298 26025676 25987573 23734794 24966858 24586639 25094178 25697923 25928545 24809861 22681617 23744508 25598594 24903244 29428943 24621258 22226445 23713706 25157465 23533247 25219663 24426013 24764622 22785359 23409352 23839593 24326782 25021825 23594929 25070304 24703041 24131164 25283015 24451358 24629660 26762348 21838831 24364500 23361007 25739628 25736204 26443537 23598287 25102032 24623497 25512130 25227397 
21040407 22745382 23279562 24801704 22440274 25296556 21511566 23355371 23244218 22265525 24367998 23854301 24117198 24559110 26430697 24363134 21774283 24698030 24528525 23193874 27566250 24399251 23228776 25223267 22831064 24025271 25077476 25546646 20563296 26561900 24249800 24032854 24922476 25788301 26361083 23392415 24093306 24306312 22480794 23676648 25056187 24197631 21469193 23086156 24730850 23477920 27283589 26736385 21917297 26040705 23120490 24739373 22937958 22602898 25475838 24120161 24346066 23995350 24612076 24979892 23126284 25892552 26435758 22568247 23198352 25546394 24408006 25772592 24342604 22326854 23934497 25385490 26318897 24501935 23975444 22639564 23507677 22259733 22200524 22953304 24724325 25630857 21770145 24782498 23669702 24683290 23180319 23381949 25282940 23076830 22813050 26177638 22738503 27035010 26854051 21694114 23519752 24023908 26660016 24097645 
23963028 23416016 26176240 26988125 22770196 24835246 23730151 24219796 23307373 24297309 25518662 23337670 24894341 25726471 26070458 25224041 23996810 23867333 25362224 22921916 27259082 25950143 23443433 27809446 24348633 23960041 25882107 27644187 24492036 25869253 24718472 26537455 23996740 26190815 26005943 25074489 27270318 26183846 23605691 27131089 23488842 23929220 22862712 24304414 23904792 23310127 27793415 26193199 23818768 27803363 23029314 27416265 24110750 23759593 26364569 23954587 24841449 24115640 24747019 26750408 23575257 24343466 26304103 22634002 21875537 25240150 25202256 27723148 25277344 24041537 24569982 25923831 24695820 24198331 24394213 23677435 24814200 23244600 22855210 23310370 24335137 23684518 24394448 24951197 23311385 26508081 26078878 24607819 24836328 23619227 25560222 25153822 24938319 26509030 27234786 22169834 23607217 25975729 25052382 24986610 
22399277 21999090 23031920 23968392 22137807 21611314 21708852 22849363 20391904 21485534 24671739 19853362 21494219 24236496 24003486 22431385 20383569 23780331 23715541 20891696 23103208 23194123 22196956 24527505 22227279 22566530 24305789 24483155 20068791 23719735 23575150 23645778 22951766 25120911 25287261 22621882 24125350 23636800 22006108 22904476 24259497 23475820 21035917 23487061 22639293 21542079 25221708 23943991 20029761 25409701 21376683 24012822 21430763 21293707 24179001 23813658 21996966 21998099 23754167 23522185 23247047 23046374 24558113 20108975 21002253 23324584 23094687 26324579 23410974 21586268 21644602 21893477 22952423 23103649 23727436 21351565 22672781 21168777 20400604 23113613 23347225 21127730 22707570 23625092 22831818 23361730 22790069 23208630 24360442 20699421 21421322 24961050 23894248 25125597 24987329 21156746 22436040 23365211 25519899 22834158 
21684918 22102571 24888513 26506661 22145732 24452691 22921669 24461003 22265708 23670843 23656769 21535144 24089843 26530128 28015014 24502201 22250364 23791688 24296727 23714958 27400080 24341751 23269227 27040358 22643167 24856605 26457664 26033306 22134072 27183218 24165129 27626234 24897322 26275033 26078448 24157739 29074359 24305833 22907994 26701720 24668949 25642806 22075778 23886012 23924616 25059944 27116723 26411673 22834110 27540703 22480942 25283243 24259405 24910657 25743576 24455176 24825102 25318693 24971989 27649830 24512969 25153384 23414007 22368232 22772344 24074942 24571840 30137625 26230208 23883429 24315890 25676546 25538538 25115819 26002589 23391440 22314210 21879451 24562984 23764280 25289802 23738249 23899014 23412711 22531629 26008315 23660900 23933549 24837968 22331017 24533529 25450416 25181411 25450899 27461617 22914265 24217301 25816064 27550719 25514368 
23783181 24288140 28108503 29763489 25229715 25670549 25722653 25603319 23444641 25073755 27078352 23454568 26385554 27074757 27638552 25277594 23630845 26784010 26166143 24205720 27593018 28640683 25176857 27585506 24818560 25185520 28190388 28235657 24102054 28337566 26705976 26919242 26247154 26948553 28638255 24773995 29854940 27315675 27242034 27888140 26423401 27298791 24111367 24480108 24938166 25530163 29585312 28118150 23643651 28500835 24472644 28800873 24077834 24161485 26530522 26541039 27690489 27267994 28128694 28008616 25637252 26135106 27054815 23710949 24135551 24894751 26701684 29432183 26791986 26568140 25030615 25710666 27728837 25883035 26310624 26098862 25983254 23563352 23834228 26342822 25554899 26572566 25381345 26145015 25390080 26741861 26741220 25770659 27392085 23854878 23702680 27466760 27351470 28019086 26910696 23471680 24612106 25633502 28551719 27695985 
23535245 23924900 25725238 28644925 24719080 24869505 24904041 25173471 22716836 25171052 24580639 23505013 23918986 25549647 26389872 26197977 23455163 26133216 26110231 23976110 26668280 24413289 25121710 27730593 22669298 23794295 26738011 24919136 23096584 26717377 24386569 26532415 25309883 26576879 27106528 25202619 28490685 25660583 22721062 26865136 25966541 25602003 24043065 24425885 23960194 24512761 27927659 27650443 23912685 29267398 24567984 27107555 22054309 24972488 26020955 25736801 24720040 26045688 25184415 25750734 24669955 27219666 26066768 23709488 22304880 24751539 24978058 28965535 25623841 24546033 23949755 26351838 26549433 24996168 24501931 25377468 23747532 24270821 24704581 23890431 25358810 25911285 25220701 25950158 23360767 24530826 25554333 26126368 25909354 22416413 22993350 26727141 24813537 26023511 27832131 22134601 23631583 25032253 26443424 25672646 
21725999 21733917 25537885 24877682 21395778 24107927 21973615 23859607 22506353 24293241 25532661 20812226 24992611 24548571 24927221 23310538 22593571 22974084 24002969 23538896 25762420 24131965 23019270 24650965 23642969 23081978 26049514 25748081 22470177 25791590 23458017 25204551 25827159 25781293 26155915 24307443 25976194 23627974 21889137 25295899 24112071 25148562 23108562 22451597 23385193 23378274 26310600 25891034 23983992 27957945 23080286 25595163 22219030 24764021 25216025 24594853 23948158 23169399 24291225 25389897 24874421 24569652 25151158 21738340 21713930 24788548 23794816 29014907 24528880 23031945 25175629 23026665 24738001 24207364 24053362 22536496 22459225 22125270 22997920 22691036 22760975 25105161 24032658 23948910 22399218 25637225 24354755 24201856 24894477 21763920 22469969 23697874 25099812 25332491 26379192 21484935 22527231 23515503 24799566 23525308 
24254416 25413768 27438802 29179985 25172695 25547201 24475525 27027584 23971102 25184403 27422370 23384268 26138366 26517663 28175080 26206325 24107159 26468939 27032781 24181634 28261677 26396813 25198337 29213337 24762573 24948546 28436973 26947665 23900127 28518887 25888736 27532159 26449970 27481025 28753800 24979828 30528614 26819350 26035513 27161515 26905385 26934632 22997426 25811979 26152988 26137264 28235066 26306266 23834830 29397999 22651161 28207255 24079447 24045352 27564757 26943703 27242382 25452271 27346634 28730747 25510358 26067427 27620866 26232401 24843736 25559595 26371049 29111914 27140380 26413176 25939209 25032194 28479406 25868627 27364051 25895879 25383493 23339259 25308855 24959645 26792930 26166311 24559501 26418393 25595502 27055704 28085718 26386437 28106736 23729420 25923032 27211326 26302766 28945343 28332211 22740227 26161448 26321216 28875071 26620275 
21715486 22369230 24016585 24993196 22823014 22326192 22995513 22119398 21942540 22693337 23515646 20388988 24809330 24203047 26011956 22343858 22146144 24860265 24197604 21517465 25795783 24927491 22200331 25083453 20788051 22277071 25771651 25478387 21465720 26986726 22078389 25546943 22995579 23165562 26460663 23887269 26274722 24534142 24267997 23676466 23937211 22577811 22286103 23872454 22766985 22711327 26174276 26239876 21602952 25349357 21304708 25066640 19905832 21815466 25574108 23358577 25120318 23955857 24749213 24799367 25159251 24639521 25272734 20795700 20045096 22158002 21836349 27801104 24288534 23384783 20654268 22597209 24690924 23880867 22318745 22245015 21833064 23475856 22137132 21539123 23181802 24577595 22294521 23959392 22936881 23501899 24805415 23145749 23498338 22983852 21316358 24781870 23727720 24658479 25320502 20489647 22715292 22391357 26091840 24177516 
22502648 24040390 25848498 26381237 23060045 24722169 23226175 25451375 24276748 25139707 25326900 22614225 25743066 25754068 26787110 24632907 23445057 25895518 27382792 23643299 28628807 25057499 23446445 26419244 24946812 25166017 29011730 26634330 22518824 26447123 25626599 26242599 26203646 28510251 27361354 23734258 28299687 24661872 25829881 26160015 24840871 26386114 24238294 22517863 25669892 25680063 27928959 26928132 22403848 28848282 24672418 26327033 22749854 24899140 25585457 27103451 25094160 25845226 23528891 27490393 26534716 25749221 25436249 22671499 22617549 25787685 25936810 29015599 27508412 25151247 24120386 25392774 25314937 25515476 26183895 24169370 24292887 22539354 23236960 23853445 25988804 26143757 25037823 25761579 23045792 25405019 23511296 25205175 24967595 22484539 22709156 26469540 25317301 27477208 27861432 23112295 23069043 26159912 26429967 26645013 
21085889 25103687 24186141 25798622 23641670 24753882 23199998 23747146 22428300 25048946 23695803 22831366 24614614 25440451 28160296 25101092 21927702 25685266 26958822 23503983 25749769 24415679 22938122 25399072 23287778 24524333 27651581 25033909 21219181 28249512 24781304 27472040 26377874 26794307 27385323 24701411 27533524 25172096 24843489 25713450 25721442 24174552 23682959 25064453 23526409 24764614 27892123 28342914 22410711 26936187 24355374 25526512 22425434 24613897 24879188 23817711 25881821 24471802 23221551 26913477 24630141 24597194 25355178 21083079 22298017 23429683 24426215 27957832 25334303 22937532 23436504 26019276 25586325 25135109 25572156 24722919 23142824 22351522 22931954 23209393 25439812 25674348 24081083 25058926 21863108 26636595 25269636 23400464 24097487 22635888 23612439 25176192 24560089 26865001 25392287 23569837 23065531 24611727 25757213 24911297 
22049574 23268386 27065288 27338068 23766477 25243199 24499733 23908127 22236558 25276439 26153183 22489887 25849849 25700510 26575938 25306470 23991887 26761595 24877758 24298075 26687187 25298233 25506066 25771529 25013704 25209504 27923185 25997783 21952001 27999299 24245816 28034856 24408455 26503716 28124147 26255360 27212956 25024985 25180393 27013107 24903203 26579900 22896357 24283205 25610032 23665207 28425310 26841347 22935587 27886101 23703019 26067292 22506814 26750017 26352237 23193162 26113415 24785162 24690327 26859595 24865869 25934308 25295360 22633192 22134433 24574538 24882826 28562221 24274138 24105255 23623998 24279373 27769122 26699622 26303556 24126408 21870939 23967920 23670748 24411886 25232389 25663425 24240177 26041010 24619352 26975549 26664491 24642218 26407740 21627051 24312396 25239294 25034016 28058162 26504959 23577933 24529433 24275115 26366577 26175790 
20911580 23072597 26818744 26481344 23270638 26377032 24659464 23247114 23836229 24314071 24566641 22796581 27077304 24221463 26161487 24397238 22826097 25329372 26871606 24671027 25137239 23698483 23087349 26878009 23762384 24576640 27614654 25418308 22101129 27766256 25503384 27013142 25747797 26628657 27644860 24516223 27072231 25542666 25008426 25184729 24303878 25667640 23373948 24088897 26206036 24549336 27351222 24846657 24253599 26780279 22926095 25443458 21942036 23943410 24621233 25076192 24363472 23872175 24753375 25325569 24682196 24354160 25823155 23862266 22518457 24839462 25285556 26554860 25830913 22577824 24323430 24378168 25077191 24853167 24582559 24693347 22128844 21999236 22154120 23750338 25390859 25864376 24194428 21956301 23239173 24702851 25441157 24405367 26003415 23032906 23601942 25388987 25507262 26654178 27358955 21987594 24116192 24684331 26819017 26592670 
21926942 21020444 22517448 23498485 20293344 20241440 22171073 22382836 20137810 20557280 24546445 19670963 20410940 22786055 24093616 21497994 20974766 22978013 22439925 21521868 25303345 21078582 21284520 23702902 20443132 21154551 23720408 24093550 20418621 24143959 21485884 22216567 22796529 22223881 23985578 21581629 24319602 22961725 22507304 22218908 21497654 22742372 20389897 21728775 22787669 21460208 25384835 24288690 19202909 23417362 22042331 23799839 21652479 22608702 24370458 22028300 21261857 21959512 22057481 23987339 21711482 22106875 22267728 19492507 20002740 22563188 21602967 24847856 22848236 21223524 21414205 23356925 22954629 22441009 21209141 21238627 21663872 19902274 20589651 23594621 22700151 20438011 21209511 22435509 20878541 22885195 21363720 22974400 23033233 21427727 22345709 23046682 21554218 23962593 24345708 19329285 20832800 22069082 24926349 22563739 
22359023 21452032 25483425 26000370 24495554 25799594 24788864 23752980 24138812 25552311 25255441 22378774 26364230 25214400 27407175 25591107 23258017 24907964 25297521 24400420 27881025 24623686 22878058 26647444 24301611 26647007 26988993 27517415 21167315 25789512 26154992 27127306 25957566 25987169 27997411 24662891 25587821 25640370 23179427 25493560 25114265 24927332 24438097 24315393 26329010 24465575 26780391 27572691 23280814 27082454 24162924 25560609 23468782 24841112 26564693 25485957 24567239 24640674 26305328 26300996 24641139 25238640 25374188 23276028 25151537 26453859 24190548 28121025 26414425 24500727 23895324 24389521 24953244 25834083 26418735 25870835 24670194 23952701 23090663 25293970 25072657 24615842 24361324 25880597 23846075 26105015 26539503 24382100 25845695 23362102 22892054 26652611 25236812 26547369 26359757 23393660 25848427 24218297 26014195 26209367 
21610845 24743602 24975784 26845494 24932823 24902401 24733596 23904409 22441326 24914326 25174384 23151902 25541575 26538593 28172057 25282114 23069485 24530076 26754378 23831207 25882164 25035804 24911798 26144037 25338032 26096554 27634390 26564295 23106002 26667537 26278157 27469823 26632861 26243192 25965692 24120202 28326036 26574358 24606558 26830346 24724544 25207493 23894395 24608743 24221261 25250460 26455422 27228236 22941379 28373479 25979991 25980087 22872083 24383455 26414953 26115315 26949501 26223704 26351472 27430646 25184101 25957391 26536765 23305820 23826267 24073079 26288405 29307813 26459275 23847169 24968962 24959053 26014460 24595253 25671594 24024115 25004550 23511622 23851874 24821378 24535906 24899686 24774925 25242582 23055365 24521268 24562302 24171088 25233842 24192361 24329326 24873532 27060070 26814902 26955423 23273020 23458959 23780605 27427570 25523969 
20763396 23487409 23715905 23948055 21845920 24021879 23591143 23327266 22056654 23609686 23435053 22720439 23889126 22757482 25446148 24904539 22723635 24229957 25238362 23970544 24062435 22884392 22232444 24963410 23536598 22339799 25518240 24480015 19870632 25876068 24533331 25173770 23831050 25671070 25213667 24273933 26927833 24530249 24881143 24464938 23091982 23349434 22515419 22767435 25054932 22406914 25686161 26679305 21416932 26460707 22557481 25354236 22364285 24573672 25504285 22919381 24110569 23569922 23955314 25325237 22410352 22807346 25686646 21326474 20965297 23414093 23821449 27680354 22926559 21337164 23455303 23921894 25000901 23655316 24269616 23324295 20957696 22666938 22882993 23411742 23161768 24461196 22939463 23478781 24175217 24181558 23168240 23725986 23730331 20802507 21237854 23361877 24209477 26784872 25965744 21636895 22488591 23802066 24464422 24891213 
19058252 19115014 21310487 22328898 21323207 22384402 20225631 20034227 21187881 22709259 21416171 20894737 24861444 21082266 23447237 21234762 20197617 20062968 24226314 19426643 23317792 21679462 21018682 24014633 20963578 22802439 23894934 24241030 18249902 23048040 21275444 24543621 22660743 22636854 23932833 20796343 24071284 21978932 22913306 22012569 21891383 22355050 20008923 21307058 22496064 21391368 25788886 23656319 20372650 24019284 21940527 23245830 20028265 19940192 23062542 22573752 22032146 21399680 23430962 22912563 22153591 21539509 21992987 20362409 21220494 21683889 21340161 25748458 22539102 22458805 21505158 21560274 21406654 21605896 22534305 22434892 20871115 20031522 19532771 20825641 21926031 23384191 20642852 20998714 20009074 22589125 21196477 20978701 21773620 20685298 19397836 22477759 22529564 22187031 23121658 20114416 19684105 21790842 23831451 22756881 
24980890 24765664 27300077 28078562 24106566 24284727 24133892 24285310 23384970 26223826 27241809 23483888 27504694 25727820 27359753 25091435 24565786 28202647 27066036 25005553 27720973 25358902 25243154 27942392 24751773 24022878 26584404 25721490 23579320 28576590 25000841 28198321 27395044 26123567 28764605 25167021 27585057 25724254 26209631 28351929 26174238 26563098 23854117 26084185 24055455 25760805 29814518 26905250 24968562 30267174 24890004 28697672 25129668 26312450 26141145 25231732 24815928 25638993 25149305 27029233 24367864 26837489 27956616 25127863 23089035 25564764 26399432 30330372 26539006 24680204 24935904 25553758 27945891 27438368 26811394 26079674 23221895 23431671 24666676 23546105 24546662 27406129 25622832 25710892 24675859 27592824 26446968 26751487 26433336 23731579 25475292 26467401 26442080 27005547 27230403 22438020 26549037 26394214 26967036 26599852 
23899474 25580811 28075920 28592575 24591599 28253767 26539646 25534307 26094259 26394351 28325206 25100831 29575954 28731596 29772309 27299016 26019808 28537409 28417642 26573672 30300684 28438847 27645133 27967281 26115107 28921693 30275075 29959477 24606177 29613342 26557896 28551576 29733443 30004518 30328834 26551865 31216565 27844831 26438051 29225841 27721333 28395930 26523348 26551489 28078148 26671081 29202809 29444235 25914655 30112802 27038823 29223971 24084973 27539067 28314898 27667258 27610836 28080820 28320368 28539629 29056847 28208900 28143306 26102091 26276421 27454007 27411572 32404040 27706845 26763468 25995081 27627548 28479729 27913271 28886695 28626807 28193108 25852469 26339757 26834126 27239407 28791900 27261443 28599071 25242921 28570953 27330316 27565128 28996706 25271914 27205291 28569471 30903123 29301447 30120952 25921937 26540209 26855842 28488437 29048614 
22226321 23280000 25515548 25969262 22804734 23650383 23894572 23982714 24630041 24994186 23207323 20861471 24128579 23951083 26073588 25260775 21877597 25165271 25092107 23142785 26450996 24271571 22991542 25243594 22800124 23566841 26322322 24572233 21061721 25816874 22733875 26252753 24645106 26732115 28850178 24120788 28491622 24303095 24122997 26009306 24455663 23378376 23977105 24574768 24921445 23682696 26895659 25673980 22595817 25480236 22505756 26551747 23129894 24807752 26827503 23604326 22625324 24966310 22964381 26355380 25338563 24451021 24947555 23072804 22219843 25267391 24450246 28602182 25126728 22922215 23840322 23409477 24188548 25678470 23742625 24045548 22995087 21599124 24271598 24920472 23013997 23717827 23157130 24902510 24121985 24254308 24409671 23132585 25183636 20358128 23050703 25743263 23182300 25695976 26830734 22724148 22911529 26066910 24655261 25499948 
23576107 25395845 26850863 28128843 24603187 25887102 23692269 24046698 23741833 26862471 25417721 22924429 26420374 26970374 28802354 25222315 23606109 24666977 27009048 23940952 26448284 26215190 25079439 26535868 26740531 24557642 28373257 26750904 24369177 29302868 26021671 28671368 26063699 27588499 27650835 26070185 29709797 26776208 25788935 27701597 25922158 26337933 22946027 26540041 26091367 25204880 29242223 28245043 23469319 28101468 24621088 27606665 23680520 22983662 27167086 27088256 25647225 25587906 25919165 27612462 26730641 25155002 27739446 24029466 24784448 25608295 27279343 28899377 26672601 24255572 26726793 25162843 26637808 26215367 26093578 24526944 23926355 24040462 24401337 26173090 24468379 25999894 24662338 25167530 24367206 26419205 24905211 24319602 25224721 24046541 24636202 26929055 26385758 28951377 27505297 24798514 24196027 27091649 26303050 25720472 
21053704 22542988 23273136 23294976 21510317 21420059 22656220 24176889 23054232 23520933 25100169 21737672 24627520 24197272 25091790 24644363 20710019 24231835 23639695 22784235 24361459 23698313 23770733 25508490 22052458 21980915 24954247 24384003 21315555 26035909 25075159 23703583 22919127 25513696 26345462 21765782 26726662 24348926 22999894 25570452 22604107 23609567 21039347 22905629 22879355 24088114 26507478 24031893 22429773 26752472 22594151 25287519 21716652 23526407 23106408 22706811 24237392 23203953 23803891 25773953 23695293 23982217 24036548 20796764 22334355 23869361 23907110 26379117 23227534 23060645 22899982 23979177 25347784 24512772 23575926 23724702 22368988 21966015 23008493 22493804 22828253 23274508 21966954 23548514 22067406 23390561 25203935 22091463 24407350 21164887 23666835 22127138 24451775 26441466 25344994 21532317 22195438 22302444 24750895 23442726 
20847782 21148602 23552032 24697064 22528498 21888766 22919917 21668111 19458821 22400033 24939173 21145568 23837119 24459274 22457444 23030150 20741223 24721974 24940495 21773676 23426181 23271784 22022400 24671719 22358733 21496201 24046332 23559099 21219460 26008710 23833799 24176000 23837752 24806034 25025640 22590023 24714398 23350917 22852962 24275293 22617330 24626909 22449249 21952442 23280840 22408464 25520494 22846608 20424163 26766258 20997262 24338424 21225501 23028667 23178244 23467108 21852658 22461545 22456386 23503508 22993768 23699965 25118750 19404088 20332388 23630115 21834541 24524110 22862050 22056245 23064994 24062418 22989759 23615884 23362197 23412623 21370481 21349413 19883704 24048952 23416702 23173080 23022178 23200599 21933003 24395382 23848194 23177517 24429682 20276886 21837914 24103940 24484934 25871383 25762259 20849817 20359294 23207890 23303464 22953113 
20769272 21725530 24323419 24730507 22043275 23977805 20767019 22665100 22663610 22761138 24393767 21999737 24760551 24958266 25606945 24195151 21711359 24929603 27031898 22254103 25221790 24212086 22413830 25135088 23855270 23591268 25814267 25437958 19952780 25442655 23019806 25302373 24792985 26499862 27830338 24441284 26740862 24878961 24374672 24932215 23571905 25318474 23116179 23141324 25248043 25112957 27235295 25491159 21326746 26553135 22468145 25161060 22283554 23235590 24608406 24149386 25193075 23398505 24583562 24709095 23052223 23702258 25431279 22618776 21312774 25451979 25645210 26281483 23599616 23135278 23316391 22946549 25261869 23581457 24900150 22337079 23322436 22111229 21457996 22867677 24635893 24608763 23764535 24793969 23246219 24902330 23658411 24409902 25408038 22673162 22468231 25187755 26401619 26084117 26103308 22028408 22856505 25139195 25729109 24103124 
21796229 21465143 24150238 25550585 21634355 22870723 21497500 21382346 19663241 23050752 24188528 20996235 21416193 23304827 25534454 22816295 21234501 23440657 24629921 22312978 24575742 24156225 21291210 25051127 23945448 22007235 25060506 24277971 20935618 25116981 23715506 24979490 22619712 24754503 26127156 23193030 25820544 22762779 22267766 24035347 24342610 22649782 21530946 22044819 22847337 23823079 26459082 24587704 21601155 25467892 20823226 25802266 21366552 22022814 24296602 23895223 22109057 22388938 23914079 25824471 22540311 23971605 24278034 21671350 21264468 24190234 22569162 25807101 24378777 21566995 22153643 22763522 25436864 24106945 24327063 22496915 21161675 22315047 21108073 23224075 23426005 24076265 22166869 23764001 22313039 23165890 24231131 22855483 23162709 22312430 22455716 24275987 23076576 25626479 23930067 20267809 23361693 24234696 24727137 23503811 
23409373 25635294 27227823 27688467 23146301 25178687 25213645 25132394 24854394 26260172 27840991 24828615 29129988 25297742 29490678 25733282 24972691 27641308 26339885 24762688 28556224 25368271 26222223 27916767 24595268 26850731 28505463 27357253 23097510 28368530 26446906 27119844 25805459 28610092 28913481 26155146 27713883 26819207 25791358 27687905 27075175 28149888 24439375 25478343 27626398 25987042 29026872 27255266 26789364 28153123 25964027 27716037 25260941 25498099 27225303 27012854 24246978 25649062 26519270 27535631 26670153 26705593 27602560 25185007 26309179 26177458 25915882 30911459 27458593 25490645 24275772 25255652 26731013 29164268 26565862 28116766 24683005 23788463 24898136 24158643 27183075 26400534 25245959 25277832 24136888 26598232 26905757 25408295 27192181 24523911 24875031 25650972 28006191 27667774 28272813 23678225 26863590 24929408 27617758 26518461 
22063867 21534016 22560201 23123488 19947479 22399288 21293750 22427141 20247608 21666014 22582498 18962638 22414877 20290914 23417473 22122311 21624362 22637291 23716052 23165528 22894666 21480874 20390929 24265831 21818242 19674487 25161298 24504992 20948030 24966481 20819584 23179413 22149460 24156191 24437353 22685519 24491828 22473599 22780442 23459998 22015500 22868908 19793602 21272963 23709532 20893607 26265026 24159656 20709349 24945239 21138012 23555564 18994112 21978362 23163043 23769119 21165407 21671390 21597422 23851388 21350936 20844328 25485960 19882390 19296442 21835187 21527075 25643874 23321064 21207990 21306747 21933616 24139556 23304879 21560331 21528573 20052625 21269125 20843525 22062085 22725395 23434841 22520686 22856775 20448771 21517939 21654823 23422533 22669927 21155203 20503897 23197309 21878018 25717302 23902758 19559266 21961627 22463528 21952864 22161499 
23451296 25480206 28399290 27939482 24607678 27992314 26602209 24986544 27017853 27811120 28056712 25004970 27337070 26823250 28011119 25054948 24698906 27751427 26813259 24536741 28356257 25023546 25950571 28979337 25149138 24640313 28244232 28137563 23939250 28999075 27286961 27939268 26827148 28521785 28716668 25101489 28308424 27285016 27919695 27089174 28223058 26851678 24898616 25601219 27404043 24433161 29368423 28544180 25344116 29434120 25808297 27471959 24187345 24127714 27309580 26939855 25059298 25360210 26738341 28414253 26984843 27840134 27950249 24244720 24630870 26568881 26510670 30645527 26495458 26533241 25952985 26903709 27131993 26935373 27533699 28891650 24753873 24338527 23921509 25749563 27206548 27291502 25926078 25460550 25918394 27168123 26264467 27123469 27857245 25165977 25503918 26775811 27023169 28206423 29049647 24063886 25967402 28041244 28180523 27247844 
21672461 23480050 26604174 26708087 24400702 24544980 25074721 24463471 24127083 24810637 26464319 22771546 25074015 25704940 27332161 26314149 24015802 25432584 26601446 23283727 26775387 26928792 24550314 26263298 26154492 25295344 27871782 27175486 23900470 28628934 25624197 27201414 25334824 27900766 27260389 26732797 28225235 26492435 23807597 27547133 25169819 27194726 24554043 23477042 25861802 25954496 28420679 27965003 23252410 27440018 23932701 27308746 22904870 24841183 26688357 25765818 26342672 25233327 22340119 25451648 26717984 25161077 25940190 22547904 23895684 25499327 27345256 28127004 27167025 23873557 25210521 25967550 25422582 26740772 26148010 23617241 23012743 22413453 23714688 25684313 25121330 24417859 24413343 24885660 23910185 26294424 25699093 24134060 26386184 23873831 22833664 24340219 26646955 28213528 27673588 22884174 25067426 23844038 27843489 25299127 
22275760 24898409 26671301 28711891 24383161 25555985 26100486 26098647 23422051 24468523 24421665 24363836 24689473 25327342 29684274 26087101 23329488 25759762 25186059 24554034 25605969 26157191 24786618 26709675 23797921 25427281 26866203 26302003 23846307 28283704 25179143 26786140 25874216 27683792 27424230 26709760 29232851 25921778 24632645 26866672 25444200 26672151 24622553 24963413 27231956 24825049 28951655 29924366 24204330 27837120 24168254 27332309 23190101 26252334 27148957 25283726 25166522 25907973 24323242 25916375 24734117 25388001 27853146 24366415 23775991 25684445 26054558 29581472 25924648 24302672 23654070 25530890 26589356 25633799 24512634 24428275 23057623 24347001 23128290 24797001 25503940 26407699 23125250 24106579 24764213 26577621 24684827 24411072 26737875 22761416 22838132 27872775 26556133 27371992 26634706 23860580 24876669 24994429 27095596 26185994 
27270110 25764490 29014622 30625941 26868329 28295898 28157030 27827364 26154669 28927952 29121768 24621040 27963761 29079923 31206218 28033729 24845464 29097092 28457220 28951000 30835675 28378874 26923720 30301214 26526170 28141265 31380491 31058519 25280072 30953289 28365170 31486599 29535172 30735845 30522877 26594267 31469540 29890645 28345780 31496984 28010048 28599465 25232720 26384677 28772905 28885795 33434807 30269487 27308047 31360893 26163208 29906152 26038666 27418932 28571543 29405325 27731435 28118151 29124355 29987083 27292526 28815782 29449047 26480549 26582521 26983754 27195701 32086159 28831991 26386409 26560845 28423949 29390141 28736569 28506811 29052692 26756425 24366885 25968178 28118547 29243753 26514537 27176415 27783167 25854659 29341134 27844366 28080367 31281451 27608020 28273999 30572035 28349219 29287373 29704364 26250239 28029822 27796296 30336661 28464108 
22860507 21772823 25777300 25894725 22204293 24457260 23048582 23350250 22243170 25461675 25626044 20867879 25183972 24056750 25651463 23672038 23312824 24461670 25111345 23427755 27043106 21975107 22842938 24708511 23797103 23104423 25830227 24783513 21229808 25960555 24369165 24404754 25281707 25368983 26240544 24015396 27090609 23654076 23647023 25145265 23137896 25456150 21882311 24242397 25359025 23932254 27815908 25494661 22835609 26773380 23667047 26535818 22684776 24450034 25243363 25057837 22735878 22964244 23930296 25108924 23852015 23960948 24696837 22221193 21809644 24954087 23739691 27007377 23767538 21504923 22211587 23449451 23917590 24785956 24372701 23155842 22119048 22761658 21106324 22452788 24802289 24312913 24606937 22425274 23033113 24359432 24010601 24668455 23648928 23109067 23398984 24644085 25320117 24696369 25411094 21359990 24308912 25860992 25013878 24104639 
23204440 22960166 26565750 26138579 22145940 25086325 20940697 24275352 23807103 23568086 25424149 22161914 26713610 24648844 26337916 25363161 23679910 26099407 24841304 21828597 25973867 23710416 21694266 27261167 23434677 25199430 26797674 26165244 20848374 25374587 23921411 27271261 24321014 26187763 27885699 24531770 26904368 24490625 23458328 25742810 24981375 25592698 21079809 23299962 25912228 22502201 26600057 27846778 22748272 27699114 23956146 25455916 22259603 24481113 26392936 24894643 24418596 24603696 24670463 25741523 23485115 24765936 26144754 22226982 22757909 25298670 23787233 28469834 26779325 23797452 23331326 23963858 25013867 25751547 25040142 23879601 22951815 21481175 24228575 23388717 25736782 23800099 24173453 25498828 23822677 25693398 23986183 24875803 25011449 22358792 22496455 25681350 26131748 26714490 27389167 21585660 23503020 24210413 24465378 24823927 
22904604 24401917 25253314 25944222 22168982 24912411 22608167 23186326 23812676 24747041 25230059 23039614 24134633 24100457 25870244 24660331 22923818 24527636 27049326 23946754 25897769 24825819 22643833 26445929 25266626 24905621 25729439 25742269 21360688 25346728 27572761 26036569 23892227 27420979 25945093 22920129 28849849 24452813 24190493 25323792 25820422 24749781 22631548 23792565 25503342 24596315 27697425 25551810 23722068 27486872 25074706 26802997 23529641 23442109 25875189 26439548 24194631 24540023 25630992 26892001 23917663 24190053 26462135 22180569 23637584 26685779 25498388 28282443 26437389 22205212 23237176 25080858 24712612 24587099 25043827 23820109 22198372 23953706 23706265 23894568 25121023 23128339 23985719 24446395 23925949 24147648 24371569 24061831 25761565 22807929 23654625 24254129 25770629 26349092 26541906 23603446 22802560 26103409 26788766 26583709 
23855253 23226690 25333783 26525583 23337751 25406136 23479626 22939928 24453118 25650644 24304383 22607161 25326503 24680692 25822966 24359408 22830461 24970454 27420987 23898300 27352877 25430209 23076021 27213008 24401203 23608302 26460318 26168815 21616882 26587123 25233550 28392161 26219748 26915140 27696929 23308426 28679156 25092421 24298894 26452758 24441528 24897667 23054361 24177263 25674378 25030115 27548889 26772147 22739616 27759643 24463209 27062216 23635609 24084795 26418849 25619273 24346282 24875804 24634875 26260335 24730807 24379879 26153617 25597554 23871648 26184112 26177245 27765939 25844787 23994754 24526368 24658637 24974662 24123506 25780070 24286437 24852164 22731643 24230292 25132322 24134235 25034239 25045625 25261216 24515045 26273015 24037514 25215574 28148458 22711596 23816892 26486952 24912892 26507099 26762776 22791763 23211674 25485239 26363239 27144977 
22163333 23228436 26326722 25516597 21821863 25491819 24050900 23255372 22704417 24278959 24892171 21644176 24467585 24196304 24669678 23572301 21960759 23546302 23715063 23680515 24817138 24327679 22309767 24820232 24573401 24210741 25610669 25615309 21700491 27175490 22485421 26078436 23589846 24516245 25569564 24035730 26309383 24158685 23368845 25913916 23525271 24552622 22176637 24670182 25148967 22510484 27655516 25171541 22636302 25358891 23129333 26080262 22033372 21566573 26318332 23339812 24272981 22951512 24893755 24496266 24788981 23970130 25278090 22365668 22486918 24375220 23966425 27409095 25383834 21660924 24160365 22413394 25123610 23880363 23552821 21536677 22422109 21152513 24321676 25070385 23476334 22700179 22989889 23421266 23421728 23762751 23912782 24785177 23900765 21800858 21948629 24729857 24936090 25921686 24740544 22860609 23883941 24147014 27032535 23606430 
19052146 21435466 22883419 23772246 20561076 21632207 20026477 21300694 22933665 20260456 22020365 19693911 22337886 22133855 24480754 21034630 19511955 23924451 22423825 20479598 24336853 21854857 19444565 23662901 19877177 21855477 24579005 23469042 19830235 24445636 21815647 23087831 23021351 24839735 24199337 22539927 23398604 22604372 21207793 22953877 22876914 22743251 20959095 20708725 22570617 22131067 25688226 24993632 18965070 23929730 21710407 22582620 20932366 20052603 21696963 21010609 22965576 22271454 20887854 23723009 21333940 22216029 22951054 19692473 20609733 21918267 23056100 25291075 22854000 20903035 20802416 21357183 23668585 22548572 23347347 21892287 20720300 20317136 19832881 21245722 22951684 22425472 21497072 22475228 22070056 21791495 22675771 21108745 22386892 19580910 19243689 23604223 22396218 23911283 23292650 21333191 22179502 21663521 24242046 23136364 
19452465 19689257 21012538 21491359 20799168 20304236 20814783 21629479 18876261 21855354 22085021 18684689 22348793 22332903 22917949 21199396 19106690 21335708 23939889 19411915 22978091 21017690 20923128 21654373 20393288 20646242 22214576 22019367 18631750 23387953 22216925 21691231 23320763 23057701 22868728 20486585 24226597 23603022 21926783 23471948 20269891 22406074 20604835 21239530 22352934 21477619 24008022 23811598 18709591 23299834 20226300 23234311 20990391 20804025 23352398 21824153 21894424 22049359 21003844 22672714 21668806 21801013 21087352 20857971 20850266 22189571 22602105 25002009 22169713 20927812 19794561 20981161 22140149 21292789 23871802 21378195 21536798 19926260 19718820 20707482 20044220 21905043 21150018 20701413 20990993 22714149 21099590 19888376 20679874 20047771 18923231 22448076 23616994 22582216 23016687 21196172 20870211 21966800 24818889 21612740 
22369441 23201306 25559418 26005988 22097793 24729074 25541312 25794076 23871576 24496983 26393271 22712452 23934240 25316367 28602402 23290897 23825960 25976420 27346467 25381734 27286998 24883044 23321253 24534151 23647533 24112741 27009374 26564866 22979539 27215460 25024564 25408982 25986639 27183796 26399357 24051173 28668165 24850045 24505855 25474126 24338576 26042924 23631108 21993632 26092429 23948275 27623970 26381118 23716905 26731900 23732305 26824551 23752984 25208114 26746144 25714391 24762912 24706634 24208977 26260145 26098476 25539197 25146453 22033390 21488772 25195332 24397150 29562235 24017951 23644581 23366665 25808043 25139360 24556629 26226428 24588279 24389981 21525313 22717289 23640162 26130272 24261218 24010967 24472889 23639541 25187127 24277062 24885725 24706839 22313004 23288437 26269458 25178857 26754419 26045843 22495903 24373700 26372227 26421541 25595572 
