2095873 2962030 2612499 2322066 1961336 2577619 2929438 2229324 2270654 2061098 
1734453 2416271 2672739 1580491 2144798 1978761 2247789 2197487 2195521 1798560 
1552092 2331016 2219849 985562 1142859 2008015 1370156 1904040 1558442 1156659 
2990501 3704326 3620905 2924546 2612684 2868705 3447984 3220836 2784043 2728804 
1744376 2448198 2308823 2085302 1413441 2161413 1710409 2690832 1841069 2038397 
1488044 2657063 2345921 1220907 1746863 2228197 2018619 1955618 2045472 1338353 
2287703 3898730 3143358 2559457 2181831 3416296 3225975 3296639 2571947 2363547 
2905847 3997747 2931134 3052814 2059327 3344609 3038326 3271438 2676339 2907985 
2034353 2421030 2830653 1677038 1671418 1904120 1815190 2363798 1682768 1953015 
2424218 3378042 3035454 2592874 1957554 2998625 2759070 3132511 2380101 2514437 
