455 589 20 56 508 526 866 639 56 842 427 337 483 280 260 160 751 913 232 552 76 411 358 126 468 353 178 146 728 766 83 634 821 399 699 509 160 794 52 579 874 525 701 634 113 867 369 596 384 984 313 353 378 694 927 915 9 757 580 393 349 826 784 381 247 903 709 264 768 369 244 108 342 10 73 962 544 59 814 232 388 69 110 629 671 961 989 181 359 347 974 798 553 329 18 475 503 339 180 107 
297 1000 36 667 96 193 134 451 795 822 259 301 546 70 458 694 59 939 71 159 31 899 105 324 931 890 642 590 542 715 556 457 881 905 487 338 949 489 578 564 5 661 834 247 627 965 836 710 544 406 952 654 634 243 483 411 316 298 927 63 204 224 125 875 321 248 437 894 183 397 55 729 557 820 638 648 977 497 609 156 900 523 922 947 931 933 297 655 612 126 506 387 858 726 340 64 978 968 494 299 
676 647 797 893 406 221 880 451 152 856 978 721 974 984 24 564 364 237 1 536 511 993 612 625 411 835 382 930 514 501 318 650 468 148 722 873 235 778 533 779 816 597 573 37 608 617 628 359 786 987 103 442 448 506 906 65 457 753 977 999 718 101 571 760 913 851 231 783 357 682 303 476 516 174 406 162 237 82 580 871 67 36 621 429 96 400 428 147 428 72 287 159 749 825 93 758 569 367 43 474 
349 793 887 908 481 111 73 451 225 693 435 36 549 705 58 467 350 216 669 857 825 132 384 534 606 919 381 520 449 318 486 166 962 521 570 303 888 714 879 85 513 531 401 93 390 103 620 787 652 426 942 771 73 632 557 629 897 124 560 705 426 503 226 451 6 594 800 351 179 86 75 546 318 799 356 136 418 603 483 242 275 518 828 779 130 372 868 795 235 37 981 158 687 88 858 367 24 393 348 623 
536 743 1000 229 718 475 391 156 625 765 873 828 224 256 358 606 19 642 252 622 191 225 86 363 68 65 279 216 638 565 559 321 985 333 780 273 820 433 839 954 651 782 37 161 932 375 438 786 84 86 255 328 316 951 307 547 847 42 815 392 27 719 351 684 237 154 139 470 734 432 573 322 959 41 546 350 683 155 285 19 858 883 207 267 456 805 17 702 247 643 143 678 102 775 931 380 143 528 400 932 
837 452 905 8 748 939 286 57 466 331 489 111 536 454 347 979 548 201 539 919 235 863 702 696 38 652 850 517 678 618 470 420 618 688 427 594 769 965 740 793 229 440 539 617 443 924 267 364 93 743 201 497 103 351 293 564 676 518 802 697 521 197 989 468 141 664 988 50 222 915 434 71 779 28 393 923 298 711 933 866 377 262 255 486 963 237 434 563 288 50 805 846 382 944 300 580 228 674 428 438 
130 565 496 959 507 790 501 395 983 337 114 567 594 78 140 108 552 788 33 436 643 21 30 566 395 213 366 999 637 382 489 526 961 898 328 798 673 963 512 740 93 9 907 736 327 35 297 111 315 956 882 456 925 241 432 479 870 619 375 64 572 776 27 123 457 404 477 792 523 147 952 698 151 982 25 15 317 935 238 189 977 677 987 160 165 68 571 15 990 977 491 744 250 246 988 929 18 487 802 148 
746 490 551 502 102 246 477 645 717 615 31 941 448 885 6 813 241 614 606 352 448 412 226 160 105 623 32 954 178 219 597 553 530 556 399 188 74 214 633 221 720 465 166 495 702 407 646 874 228 650 479 203 956 430 439 150 617 698 897 680 144 410 980 602 32 930 917 127 710 860 4 200 548 778 801 456 411 263 241 832 842 806 504 780 523 549 747 127 174 740 791 695 731 742 292 264 690 165 424 252 
434 281 499 171 53 595 699 331 205 266 990 674 638 174 887 126 946 535 907 161 605 520 289 753 752 472 919 686 749 237 85 817 240 273 88 839 31 572 4 319 505 720 215 781 60 901 241 122 802 710 465 747 909 559 222 559 156 311 1 747 473 936 692 459 503 442 163 933 690 59 444 17 499 724 735 232 82 291 104 489 702 462 60 535 284 884 395 961 202 904 225 998 151 740 82 390 262 899 480 438 
105 197 718 856 619 303 755 566 7 189 728 321 897 210 881 825 127 197 306 630 222 510 839 421 503 230 424 146 621 102 812 640 983 521 218 270 146 111 984 607 929 233 559 806 96 444 585 363 519 754 435 821 148 33 450 294 656 583 965 252 267 535 18 640 211 724 98 471 889 223 148 689 825 700 483 724 407 877 884 320 688 111 230 431 658 23 232 876 524 791 907 320 820 591 461 103 930 134 614 67 
334 911 266 251 675 388 395 192 584 293 964 901 539 402 313 895 898 741 740 441 895 268 826 393 557 985 475 503 378 7 163 735 388 658 920 211 321 322 146 868 380 288 215 487 999 747 71 644 744 0 142 133 171 645 501 103 199 209 501 961 882 429 211 700 218 213 350 675 915 33 349 481 975 440 759 582 571 734 570 902 107 669 908 262 242 975 658 458 596 245 792 38 113 177 133 276 927 91 909 390 
107 340 48 101 742 869 591 661 588 203 694 52 156 782 992 657 594 78 269 385 291 827 664 440 806 30 573 388 213 5 444 434 594 712 714 72 915 294 861 223 317 711 836 514 640 629 526 22 223 882 366 478 828 228 983 775 389 99 803 941 183 952 927 987 878 639 548 978 194 533 483 200 278 432 265 556 212 409 489 428 5 940 339 10 332 565 880 48 965 751 784 657 510 163 57 600 891 96 601 675 
171 476 818 194 744 820 916 446 406 879 820 377 117 817 790 475 79 258 709 293 716 661 461 420 415 134 163 627 238 670 124 965 217 147 374 654 476 989 285 266 579 902 46 590 863 118 802 245 266 523 922 206 750 491 360 314 309 446 447 452 384 338 939 175 462 1 480 331 96 582 762 548 43 959 695 186 735 4 807 207 358 96 812 965 56 456 368 528 33 278 552 715 155 568 69 369 426 9 849 288 
409 7 335 133 376 862 161 894 334 56 659 786 467 873 230 207 852 812 639 446 737 500 610 626 683 194 441 731 629 136 104 294 77 776 818 193 585 67 135 425 767 882 353 90 123 970 485 633 713 771 503 38 495 917 794 697 856 270 369 650 626 967 765 338 468 725 625 285 23 591 772 818 597 347 465 974 829 314 726 462 115 284 306 506 82 450 104 898 179 293 264 410 201 755 922 521 925 166 943 379 
566 481 193 742 768 693 587 251 766 530 781 450 741 734 68 201 187 699 316 164 100 523 772 278 279 330 680 571 99 719 217 634 130 843 547 996 277 867 332 827 542 504 773 299 754 301 799 269 746 208 642 801 236 929 465 579 760 220 717 842 326 71 539 72 199 71 318 286 215 940 429 980 891 292 914 520 172 34 3 646 293 882 222 636 384 724 704 23 71 982 394 707 111 102 928 266 726 973 629 644 
733 247 809 560 130 176 814 38 598 927 463 152 247 335 302 989 70 33 739 471 243 887 241 572 983 275 156 475 412 387 521 943 953 422 928 275 980 152 497 375 519 258 592 842 804 480 844 918 161 290 921 589 950 806 361 614 815 87 370 827 715 866 678 290 15 64 755 434 598 141 180 386 175 772 961 686 281 47 257 641 532 74 832 767 263 14 213 299 104 282 789 535 960 652 153 50 588 407 809 290 
165 931 304 456 154 900 995 360 141 955 440 47 777 657 568 703 654 766 532 354 154 428 94 192 141 94 669 450 594 347 80 663 10 388 618 285 268 214 622 127 376 94 723 16 812 386 377 362 574 154 852 595 71 96 655 985 882 391 250 256 945 845 894 855 172 646 772 98 2 475 35 166 852 198 372 307 947 245 28 300 682 787 484 313 850 745 357 580 674 858 997 692 551 122 244 112 236 586 613 875 
143 549 139 247 736 805 722 147 132 775 170 63 895 404 472 207 73 67 459 449 502 793 21 944 397 244 758 418 654 779 131 599 569 784 932 666 984 330 570 60 937 631 691 767 509 257 789 896 687 921 929 361 535 122 973 325 679 629 827 447 860 381 570 356 18 234 1000 34 293 96 471 50 636 966 680 389 194 536 360 90 629 451 374 617 665 939 94 150 653 779 500 354 453 577 70 297 750 158 336 594 
627 477 37 870 970 364 474 730 211 353 939 551 306 672 189 638 728 7 958 613 906 660 678 685 831 209 111 594 560 86 744 41 360 501 726 171 575 231 632 41 988 314 792 288 967 143 556 1000 441 84 184 605 195 420 424 716 40 761 505 971 512 558 871 299 111 721 851 95 496 127 158 484 530 793 24 474 660 536 31 872 746 671 681 557 742 662 666 238 620 618 260 431 962 29 459 807 534 857 686 575 
164 58 577 180 100 917 423 29 292 927 23 806 587 933 669 230 578 618 34 309 522 445 281 701 702 217 44 117 254 581 198 65 364 96 437 475 621 698 806 21 955 241 324 740 951 594 716 111 990 847 311 721 342 738 389 881 740 789 632 967 756 623 578 796 449 54 455 564 369 864 339 94 155 920 733 426 460 842 63 82 129 957 791 263 5 611 655 251 591 711 179 0 418 789 931 558 902 717 960 227 
862 247 765 439 785 209 532 554 423 843 886 478 811 813 368 460 205 788 699 694 820 628 272 845 647 567 7 93 45 645 240 446 429 103 726 386 606 354 506 497 371 790 43 70 372 339 641 666 375 157 868 246 870 585 864 305 956 275 534 563 988 425 656 593 318 814 386 275 61 189 592 92 301 433 370 731 249 212 247 57 393 907 984 15 242 1000 265 82 36 929 219 482 291 794 493 456 412 274 790 385 
642 308 925 661 603 364 224 838 320 463 7 936 823 984 385 646 328 464 883 24 203 4 258 798 970 960 217 512 56 624 158 602 111 81 155 290 379 594 401 561 468 443 882 493 276 471 169 449 434 708 996 807 245 491 808 598 919 241 207 181 297 838 828 261 382 327 870 490 633 261 380 69 721 632 749 425 642 763 116 544 81 404 773 654 825 492 664 35 379 631 517 316 739 900 982 355 794 164 27 630 
8 740 693 568 218 560 732 914 457 845 973 611 889 736 673 740 178 241 607 863 185 208 568 238 264 786 358 617 521 246 6 479 903 621 567 948 437 523 631 670 171 404 321 754 641 362 956 279 874 489 669 87 833 263 819 190 148 315 831 607 759 811 306 695 167 80 89 183 889 639 563 206 608 318 340 802 791 76 502 990 18 393 240 81 228 104 174 284 700 553 331 852 611 603 320 630 470 845 725 227 
993 468 171 819 116 236 939 840 266 978 578 51 704 437 180 138 727 527 944 784 223 9 518 21 738 975 961 152 720 688 949 152 4 260 213 823 753 714 434 306 95 631 573 124 363 52 539 237 673 785 752 732 123 653 458 239 512 170 280 560 758 437 121 3 392 139 882 953 4 487 185 858 28 547 160 294 283 366 697 3 654 741 967 386 788 115 165 375 61 849 70 868 530 878 704 64 647 927 688 177 
288 753 333 955 520 753 965 286 366 229 359 392 579 615 388 181 8 590 754 189 340 680 988 881 656 207 307 334 73 42 526 143 967 166 211 803 580 649 727 728 180 49 213 791 867 372 429 73 465 193 871 541 859 957 224 848 647 415 690 700 43 792 745 568 974 507 206 194 929 18 93 551 510 998 393 782 151 936 248 623 501 666 542 109 395 541 783 822 482 975 251 333 937 367 586 738 343 209 260 34 
111 446 497 874 817 469 926 241 554 216 448 97 52 6 124 103 733 319 270 592 47 430 566 650 533 748 592 673 243 671 766 802 503 538 668 830 690 780 466 760 967 6 87 829 560 230 859 840 759 933 806 724 620 911 912 625 774 284 552 140 506 568 744 391 642 392 634 373 14 838 799 11 897 576 644 38 297 872 61 161 627 578 961 968 702 820 750 108 840 46 453 246 355 411 183 493 269 833 212 889 
20 168 548 155 92 60 786 132 696 246 705 601 563 58 453 77 231 6 664 135 408 203 128 499 856 277 195 751 727 712 348 396 563 857 490 268 670 198 78 42 968 135 809 357 934 515 436 108 150 477 116 468 294 746 688 495 254 700 956 513 186 66 70 553 114 650 60 286 612 550 279 966 258 267 503 191 974 440 384 355 904 330 12 59 0 0 10 514 437 675 503 269 447 357 388 962 187 970 840 984 
233 874 295 14 204 532 873 90 799 230 590 275 548 548 548 278 705 4 496 565 350 802 312 477 846 333 149 407 985 117 539 678 280 737 796 869 749 33 251 535 734 766 173 335 753 901 229 737 565 301 119 854 170 23 290 64 761 97 298 42 185 712 995 729 462 753 675 40 637 780 252 594 211 773 32 317 351 863 207 207 258 546 200 584 653 385 972 565 949 399 939 300 468 966 925 531 52 688 755 189 
507 843 64 146 492 592 431 707 987 405 972 84 547 48 34 831 150 259 497 683 109 150 898 767 483 103 350 847 168 111 908 274 607 972 249 341 493 117 876 910 280 312 944 152 118 923 375 718 55 498 651 1 313 699 833 910 27 991 513 681 482 381 55 640 979 924 921 68 29 545 469 391 627 310 765 176 548 252 944 32 937 551 513 720 489 36 119 49 457 627 623 893 782 175 202 7 345 923 222 259 
216 940 754 326 578 360 227 750 919 799 32 891 522 654 962 890 451 124 910 632 176 401 922 470 851 648 4 182 310 458 862 849 982 99 876 829 914 637 850 842 223 142 894 429 142 349 944 221 450 924 515 919 860 75 306 543 959 253 289 700 646 860 341 807 832 506 661 499 707 484 900 973 840 999 163 74 618 976 580 686 674 753 177 689 124 223 591 63 922 307 240 930 224 18 368 880 218 220 251 370 
214 382 539 31 930 623 290 482 813 332 580 283 177 278 680 73 460 536 247 666 21 404 126 319 980 398 478 967 721 368 408 88 388 696 70 144 872 420 184 122 555 179 783 303 127 31 626 831 896 943 450 539 170 195 652 419 275 351 160 309 233 228 321 225 994 359 182 783 303 613 384 91 307 843 87 859 229 962 716 586 106 208 530 1000 570 553 251 140 773 148 68 290 237 910 529 222 467 45 991 312 
4 438 63 673 808 389 555 75 995 861 74 635 641 350 332 820 767 414 219 133 661 730 248 444 429 936 629 306 908 391 833 797 971 953 951 740 182 455 538 646 622 821 153 805 703 40 172 523 695 737 644 588 276 989 859 663 727 911 287 595 333 209 778 952 676 582 6 218 691 568 776 981 616 728 161 193 32 480 735 636 807 79 631 803 697 143 870 192 670 447 103 452 677 652 480 997 365 835 691 549 
156 452 688 552 649 276 864 628 447 852 103 309 503 824 396 226 230 577 500 746 64 191 462 661 627 751 701 223 926 190 531 402 484 601 928 747 394 424 664 640 388 392 759 1000 707 910 406 157 416 605 693 336 680 77 304 609 49 300 433 759 394 351 253 270 438 725 151 938 49 801 57 609 491 621 979 259 575 602 697 678 596 550 375 449 679 235 800 332 146 154 689 600 13 952 972 332 489 397 329 517 
102 686 619 598 974 887 730 239 357 177 949 606 655 610 945 772 665 479 358 673 652 652 699 241 664 93 287 972 28 209 344 640 919 516 320 428 208 435 371 599 173 352 221 699 49 135 179 636 87 444 561 704 536 563 676 348 807 148 758 961 781 721 531 88 378 794 468 942 761 815 49 995 634 126 426 739 130 811 255 635 639 552 654 738 314 809 627 475 983 374 695 121 755 153 756 693 821 109 52 399 
501 548 179 364 16 305 233 59 402 499 358 820 63 75 936 387 854 607 702 623 72 269 480 769 48 297 690 773 148 44 83 621 123 19 588 149 509 533 394 561 595 439 617 380 327 932 160 103 991 734 787 936 579 437 278 238 287 809 478 431 816 35 470 848 690 979 76 94 571 790 975 655 283 402 43 351 231 914 700 787 301 892 346 20 445 220 409 417 90 355 885 379 860 528 116 896 739 563 349 462 
48 196 790 194 169 884 738 316 812 808 275 875 398 680 217 737 561 40 940 459 308 468 829 476 699 446 150 44 164 798 77 761 475 699 959 472 726 604 590 664 814 936 768 804 84 440 569 829 938 291 522 829 770 21 932 454 963 373 803 163 46 202 816 735 901 283 929 993 407 216 353 585 844 325 677 147 382 681 89 421 257 152 19 850 41 562 332 489 194 664 309 913 268 83 736 705 102 475 779 165 
231 104 302 212 614 108 450 597 687 287 475 327 559 624 300 632 476 895 772 115 453 599 517 220 457 976 543 204 802 376 580 281 198 328 909 64 633 80 707 632 833 416 559 146 488 190 683 961 21 529 763 355 284 172 689 153 595 240 19 244 9 641 631 130 574 8 836 910 595 486 279 754 467 776 722 431 14 761 783 51 929 611 549 646 919 255 437 794 744 585 301 472 656 387 751 86 588 307 91 712 
277 876 875 866 28 502 486 431 74 118 140 272 896 914 797 888 512 835 683 896 185 159 273 739 112 597 367 350 680 359 662 183 432 27 533 911 450 925 919 241 647 713 928 345 798 380 138 719 29 151 382 910 598 591 39 639 993 115 218 867 797 281 974 328 15 723 893 248 459 148 560 591 369 881 535 213 628 518 381 518 1 681 971 512 524 513 271 301 602 406 791 273 677 598 807 700 453 554 209 1 
261 387 575 639 690 321 947 894 103 158 679 318 43 877 627 720 999 589 212 465 944 89 5 484 709 514 858 78 241 383 34 542 614 211 695 29 923 480 243 321 276 261 51 258 84 705 576 393 491 300 496 823 918 153 736 178 404 410 100 45 637 898 192 338 809 709 7 597 387 699 66 513 850 34 726 438 768 532 694 783 133 461 159 699 795 629 108 668 376 314 136 894 474 466 368 382 11 53 376 55 
468 994 701 844 175 81 74 314 223 493 5 950 96 665 273 401 907 359 217 384 276 774 264 194 131 860 899 413 502 817 711 339 44 493 901 660 375 887 85 367 871 217 17 925 225 193 3 159 825 799 921 374 320 558 806 884 171 79 404 424 373 430 757 911 41 848 36 861 365 803 979 390 285 586 322 397 308 904 112 419 108 316 358 982 708 402 336 657 596 216 956 286 677 654 100 498 49 47 11 151 
151 24 25 555 986 84 384 624 87 730 464 621 437 504 343 229 4 17 355 350 360 790 679 142 432 480 248 221 438 771 626 972 975 350 60 303 200 52 822 554 63 890 281 415 646 244 81 962 222 173 97 898 295 135 57 716 151 764 979 635 52 913 340 843 459 364 255 829 386 661 578 591 397 679 180 217 374 949 622 636 912 709 417 482 775 28 187 778 333 791 42 535 91 920 637 979 764 525 969 27 
742 428 893 945 717 101 920 543 652 541 965 813 353 353 381 686 514 990 461 4 515 236 67 994 854 804 225 13 778 676 41 293 907 53 100 31 108 550 924 478 183 104 858 753 0 666 314 371 503 896 971 962 271 143 323 756 105 971 172 422 136 897 206 396 719 505 110 991 517 548 164 766 972 21 546 395 355 818 364 682 430 156 201 29 168 687 996 561 288 49 991 296 739 852 682 740 504 979 658 634 
280 206 768 496 252 433 348 986 805 0 989 493 840 632 752 598 7 557 598 27 74 60 834 237 793 833 428 438 355 840 386 613 512 178 652 892 570 870 345 742 624 620 578 749 177 894 648 405 181 624 455 489 642 734 303 658 327 748 87 805 825 759 127 585 768 346 83 244 113 552 98 439 288 821 283 639 277 638 347 586 334 669 75 687 908 77 460 410 59 344 912 471 285 574 286 557 397 963 559 857 
52 674 257 581 553 767 541 475 636 829 216 126 40 677 416 455 600 189 296 272 882 597 560 477 321 727 908 272 362 917 82 963 305 953 421 516 735 428 466 87 173 379 744 533 43 793 78 405 903 547 988 497 283 425 692 147 550 815 269 397 811 671 902 648 80 582 185 588 892 562 969 713 153 190 358 832 906 461 9 275 620 683 241 651 813 846 204 470 150 591 321 978 938 857 167 599 996 477 150 673 
302 945 286 595 590 395 39 572 226 512 496 979 307 989 276 312 557 228 378 876 940 818 593 505 133 457 507 402 302 313 337 167 787 251 141 830 563 837 195 864 568 407 963 992 349 259 806 722 565 377 342 366 579 952 614 437 471 889 980 888 918 451 400 21 118 872 557 356 262 310 958 500 844 565 660 307 492 287 449 98 229 110 395 896 454 149 94 146 416 755 986 744 813 376 967 139 643 19 628 414 
127 503 316 974 18 395 77 555 618 19 695 123 920 386 7 51 733 138 686 863 673 845 360 62 871 976 745 782 84 883 815 113 454 528 757 737 931 678 486 428 151 132 759 156 795 879 654 564 299 728 677 897 440 525 980 48 989 920 404 461 147 583 52 140 697 813 916 670 880 629 366 733 700 640 208 198 974 274 428 135 811 382 714 65 833 453 549 187 446 432 20 429 732 279 889 470 203 398 275 807 
992 5 894 489 296 293 910 267 390 247 980 790 253 791 32 118 78 833 770 186 482 698 63 906 580 20 608 180 406 487 65 904 744 331 952 436 83 197 328 115 475 27 64 33 510 257 5 514 891 215 970 266 417 223 487 130 799 305 108 917 219 937 586 508 575 158 511 938 738 855 78 718 886 798 749 571 836 663 588 376 198 974 242 53 946 252 542 553 73 601 740 967 110 663 66 794 363 538 169 45 
319 495 745 13 300 774 42 471 794 339 673 245 333 862 698 448 926 214 286 50 380 652 299 927 263 587 157 702 688 542 624 783 605 258 586 945 359 587 838 35 944 915 120 388 454 669 522 636 294 740 883 740 843 956 147 583 928 734 389 839 639 753 75 719 767 885 295 585 906 417 847 332 47 744 368 379 776 267 647 154 799 141 734 510 396 435 979 224 810 525 805 557 462 194 951 898 505 11 915 265 
142 753 784 333 604 627 789 782 453 765 191 705 109 575 721 901 161 900 787 846 369 81 825 151 889 442 217 906 952 725 428 260 292 347 377 574 1000 142 218 844 348 500 61 343 586 119 38 699 85 507 155 230 598 834 750 175 283 120 289 320 952 328 50 939 124 350 989 178 199 572 10 175 979 510 664 35 589 454 790 894 981 215 747 459 454 966 636 491 504 139 270 986 262 373 24 931 304 283 948 849 
598 229 837 747 990 840 776 229 140 229 857 741 788 125 260 584 378 333 388 182 683 718 880 322 654 878 459 615 71 600 978 191 228 927 43 424 821 684 942 557 759 361 336 1000 417 864 729 640 644 940 12 718 877 450 332 679 729 594 359 471 372 719 993 104 353 800 702 12 512 242 683 122 852 621 325 255 9 362 719 116 514 905 316 137 203 894 664 612 324 325 436 401 249 614 126 434 804 306 255 261 
365 978 706 310 713 81 921 29 301 886 210 605 890 678 780 200 189 923 39 50 129 434 523 730 249 567 805 209 94 145 743 791 573 11 683 665 127 265 874 861 378 307 904 609 113 117 372 312 412 587 106 165 31 928 243 981 758 885 69 804 344 211 535 743 702 47 654 361 584 769 969 428 349 726 155 134 501 836 823 131 312 815 840 581 107 209 454 591 749 694 386 43 76 936 820 14 1 618 150 296 
957 267 812 83 407 774 712 28 335 874 495 546 251 775 670 233 917 207 15 228 398 899 972 164 845 748 520 876 62 584 682 906 621 121 413 817 354 597 506 140 589 544 40 153 227 969 943 962 352 537 854 94 294 161 900 34 475 652 929 771 682 896 428 72 634 897 765 353 945 454 119 928 394 635 25 234 857 613 949 953 368 311 109 359 188 660 604 996 886 625 713 926 587 17 456 885 700 693 624 266 
705 941 472 24 180 582 57 636 180 275 970 944 243 192 241 463 181 272 992 718 693 456 327 232 727 606 482 806 344 187 25 194 623 387 973 117 91 774 565 320 669 283 308 511 180 789 18 671 206 614 739 330 88 466 507 41 912 347 222 600 888 431 839 329 941 949 692 215 854 619 146 988 425 482 793 260 28 549 911 117 32 980 433 632 121 481 205 164 809 454 453 410 526 337 224 354 106 458 604 947 
867 573 784 847 639 844 919 923 944 437 555 710 222 832 451 798 756 949 329 296 164 886 635 201 475 160 934 230 122 934 889 506 484 296 918 862 918 489 419 965 345 294 161 355 916 518 684 351 167 810 353 422 652 487 496 61 716 627 23 977 466 396 315 118 407 89 742 170 331 46 415 304 578 394 565 117 949 526 893 71 900 452 544 462 334 756 950 999 159 477 556 964 204 476 931 271 650 706 810 440 
881 617 97 980 216 519 958 689 658 581 606 946 794 266 544 832 500 207 53 176 752 292 565 198 395 36 365 77 232 81 245 820 329 859 935 958 349 378 685 428 520 972 268 856 783 523 564 938 884 682 447 782 352 748 415 114 420 569 144 301 275 221 254 409 478 126 525 260 732 975 332 760 938 884 94 847 8 299 206 564 891 605 318 408 840 325 109 181 17 241 556 552 1000 552 342 101 420 551 783 711 
644 161 182 680 226 905 664 663 660 603 887 879 929 222 619 389 804 960 176 280 225 226 380 743 31 253 169 90 80 465 21 370 349 291 748 505 593 581 716 214 538 978 290 610 927 869 190 397 458 609 390 207 537 807 321 917 875 19 61 304 514 249 876 86 602 62 648 819 250 614 336 531 588 423 12 414 114 974 398 12 297 563 256 46 441 455 811 571 185 539 958 840 697 18 821 336 78 692 449 270 
655 45 869 228 882 633 907 39 181 507 484 314 565 177 323 882 693 351 1000 498 431 50 290 871 470 653 843 99 954 171 474 847 584 82 331 37 724 904 456 142 432 122 507 6 569 557 669 365 172 448 215 439 416 414 310 236 104 495 192 910 896 697 458 428 814 847 61 207 18 670 404 980 463 143 694 187 757 382 866 788 855 733 923 973 961 287 445 952 799 960 390 846 570 422 347 699 983 221 906 474 
622 452 256 664 660 827 395 442 264 803 213 178 425 968 238 741 473 549 168 829 341 536 727 798 280 169 560 693 760 652 619 614 582 730 883 440 661 729 288 78 434 253 910 133 817 987 231 453 797 416 34 595 690 714 631 753 451 569 886 647 247 40 701 875 9 8 314 783 994 76 273 338 862 423 630 715 397 95 632 677 781 812 791 264 246 924 897 122 106 375 833 52 280 254 684 581 866 922 114 470 
547 435 141 170 539 168 391 938 740 344 556 963 893 281 104 491 272 814 740 918 422 531 242 72 181 458 668 564 669 831 660 472 445 485 304 622 722 87 838 546 493 570 943 975 399 698 159 103 526 382 1 234 89 577 52 933 9 115 60 668 725 426 605 37 327 186 519 322 813 957 69 68 576 951 820 754 722 199 716 707 658 874 91 127 835 643 244 644 100 412 37 393 252 471 381 904 145 391 376 363 
896 624 670 918 723 618 594 945 814 3 126 324 5 161 454 915 214 282 47 4 806 770 744 277 848 69 138 928 424 211 927 451 183 190 1000 769 356 347 758 42 111 517 712 687 92 16 24 795 855 671 718 316 323 63 864 700 10 103 762 752 407 170 114 93 651 812 846 1 739 441 78 995 380 847 717 682 829 180 173 743 604 563 133 889 126 275 234 677 133 313 763 891 938 926 118 13 613 987 965 636 
98 193 614 159 538 526 124 626 735 343 561 637 749 372 149 583 56 99 36 720 407 958 269 210 351 241 640 577 916 989 865 236 839 503 980 333 804 426 701 180 894 184 863 969 310 155 572 920 559 335 988 880 992 630 127 209 389 509 951 737 47 24 776 927 361 457 287 73 283 279 307 941 910 402 909 837 89 731 55 950 413 727 262 238 302 32 237 125 91 300 785 311 253 377 350 842 253 729 954 900 
288 584 344 129 920 783 37 105 658 536 867 532 747 657 982 488 290 58 525 729 817 90 913 574 551 201 473 983 232 276 181 296 332 324 290 617 415 771 794 542 233 704 137 960 908 364 896 47 189 210 93 908 852 875 626 992 462 171 594 432 390 124 960 638 29 41 609 539 726 277 399 455 198 499 528 148 770 211 155 390 432 326 486 348 678 982 355 20 98 831 562 456 798 370 331 790 515 737 145 812 
731 43 545 323 867 572 258 723 634 690 239 142 196 992 234 533 604 682 864 553 210 222 97 656 343 94 699 22 8 167 983 101 76 731 973 577 218 387 524 980 475 447 982 643 793 682 315 536 848 827 529 782 181 235 72 754 56 164 481 97 437 555 943 528 121 960 164 114 85 351 516 18 96 848 124 879 399 401 960 244 958 546 574 189 742 644 107 184 935 357 820 586 108 287 459 864 236 908 113 373 
240 719 874 718 179 262 701 616 264 859 34 940 384 995 693 752 672 729 999 884 313 393 966 201 867 425 478 809 174 75 609 968 593 878 692 195 613 577 828 152 184 509 488 531 77 861 642 619 868 877 626 223 297 35 333 304 925 271 118 28 800 819 442 681 466 665 255 859 631 726 959 138 556 144 810 671 399 328 963 713 924 997 378 810 252 231 981 218 703 980 333 157 344 83 660 678 550 19 988 93 
784 705 93 991 123 254 844 601 970 934 753 207 147 547 892 10 595 3 240 905 990 579 382 100 617 438 666 397 142 928 17 789 669 139 826 461 965 782 170 903 775 950 542 228 776 414 341 661 435 961 457 816 348 37 258 214 115 669 871 121 189 533 335 985 459 715 280 834 469 555 598 340 535 403 646 108 593 997 125 181 76 71 728 666 484 102 169 680 523 779 691 52 236 64 745 116 961 698 11 325 
648 440 104 719 556 468 888 653 746 735 762 158 215 20 148 535 751 374 561 817 862 118 42 477 732 358 345 376 69 547 706 612 359 685 503 875 335 486 828 622 890 851 139 467 288 270 289 45 747 528 485 494 514 231 863 583 378 499 546 357 426 97 758 39 629 575 560 761 194 274 151 488 750 472 92 198 339 947 509 408 740 700 219 261 979 150 294 518 531 266 653 227 531 394 181 915 193 99 542 581 
499 811 441 546 687 957 426 323 822 346 88 251 372 134 199 662 899 255 367 66 118 54 797 413 304 494 164 620 64 786 911 114 531 349 797 777 238 60 849 561 565 473 986 985 283 335 554 309 459 578 343 868 86 447 919 519 22 381 811 282 727 419 772 538 405 130 129 556 22 142 370 469 192 51 752 603 540 64 194 440 69 595 219 539 294 518 739 940 333 925 824 794 290 944 813 446 845 341 253 173 
0 841 323 117 865 976 115 964 126 237 787 840 998 882 624 783 107 4 67 283 689 281 782 681 66 439 766 428 308 597 743 889 622 373 68 592 967 807 679 684 665 776 109 2 74 125 945 112 483 21 879 305 4 332 619 387 950 977 531 323 563 85 854 952 483 562 288 219 889 490 927 170 439 496 69 635 527 396 528 677 244 936 636 969 440 720 938 87 839 813 265 712 570 948 621 463 998 230 1 737 
456 716 762 159 82 647 491 633 286 782 981 571 743 679 214 366 700 132 605 282 102 419 544 26 257 991 900 450 858 916 63 809 839 178 984 142 976 199 120 310 447 569 153 68 120 646 691 779 474 981 454 18 956 714 781 766 666 79 613 748 478 41 782 200 615 979 631 110 854 171 151 338 123 283 349 801 937 484 336 739 543 904 676 474 342 688 992 256 412 949 235 402 155 349 504 408 5 473 103 236 
614 318 903 209 295 646 287 304 591 246 173 920 954 125 89 651 47 988 483 658 773 294 937 223 418 172 529 686 554 173 605 1 624 80 582 516 213 976 297 800 46 729 599 840 202 205 270 871 623 508 104 174 158 555 914 294 110 633 759 910 698 618 112 89 874 194 984 239 900 493 936 585 270 366 513 744 114 395 447 951 258 415 52 587 536 757 144 778 752 610 963 739 669 934 662 17 527 845 609 545 
985 717 680 82 898 428 599 708 449 6 140 286 161 102 878 393 38 840 867 365 237 308 744 377 564 324 461 501 425 79 7 507 569 812 471 336 990 458 252 881 674 138 992 987 103 729 833 48 706 254 522 500 461 826 717 885 851 249 44 877 214 129 485 542 435 364 234 83 366 859 217 72 820 200 65 358 993 315 52 742 128 912 74 530 249 241 564 524 173 9 673 600 18 576 262 625 850 24 812 986 
859 751 552 613 419 447 682 430 351 821 33 560 765 200 158 926 78 553 898 147 118 910 445 855 747 666 474 885 748 829 307 809 451 595 919 171 603 562 909 30 384 985 480 816 70 969 747 880 893 704 130 41 966 109 764 983 567 659 329 860 315 430 979 970 651 445 295 542 389 265 403 522 398 334 490 652 241 675 188 281 314 590 665 573 557 756 355 842 233 786 18 546 37 391 328 282 93 599 972 442 
938 449 372 278 363 290 861 572 652 465 269 937 292 562 823 211 514 365 307 679 653 810 40 585 99 680 484 655 287 494 81 890 142 815 344 143 80 339 309 360 632 820 669 104 67 58 198 273 359 131 223 234 635 988 565 806 226 813 357 532 961 489 885 426 94 841 391 95 214 442 41 705 690 346 566 827 462 848 641 989 472 484 644 964 712 995 601 532 827 572 770 847 311 637 104 460 606 243 605 113 
434 331 403 393 930 380 545 808 158 302 246 877 506 341 953 721 352 500 514 820 698 240 466 121 824 827 205 878 303 272 790 807 578 261 477 657 528 404 190 406 843 590 535 168 90 65 223 413 685 445 394 302 611 875 829 211 158 610 207 196 13 161 200 187 327 985 732 122 700 722 218 899 897 855 602 489 33 170 422 972 410 540 734 432 165 828 141 525 813 192 931 44 695 523 741 575 804 38 840 946 
211 893 82 514 841 92 902 811 762 585 827 593 775 354 125 647 60 408 659 58 635 570 160 126 315 436 98 212 145 338 61 81 852 666 521 691 761 713 54 906 245 14 987 395 100 614 700 224 988 695 602 433 715 949 823 656 322 875 908 199 931 780 628 40 809 611 779 636 372 279 682 686 457 270 234 291 163 651 627 208 794 509 61 40 739 129 459 677 479 493 120 397 343 951 962 989 555 319 632 443 
170 426 479 490 847 96 621 459 257 324 594 660 826 885 981 675 574 582 382 988 111 100 773 394 473 854 945 89 708 578 804 145 645 1 282 57 616 824 8 205 469 521 77 208 202 89 207 193 449 827 195 209 984 932 810 221 112 529 657 318 741 421 530 65 811 234 277 392 64 992 292 799 866 397 449 367 606 695 495 955 711 11 240 861 487 895 716 858 897 963 419 170 527 451 466 643 510 477 857 50 
398 346 508 792 90 53 316 733 119 654 677 336 271 63 528 796 968 463 69 364 385 470 268 745 606 720 689 759 197 150 575 375 720 94 728 169 922 407 93 314 171 528 733 884 850 544 386 89 136 510 422 706 848 3 832 976 677 567 182 259 450 521 429 88 80 864 461 778 389 685 894 7 975 840 943 470 417 922 725 505 579 328 81 288 974 581 396 552 635 177 841 963 203 928 897 314 91 732 897 649 
486 176 31 99 481 297 567 931 950 753 466 343 346 202 792 874 453 626 657 315 110 394 896 898 314 933 701 101 504 495 968 71 181 982 543 893 177 255 84 684 377 844 262 567 797 729 237 211 876 842 110 874 386 282 306 924 253 282 192 194 923 835 334 307 265 385 271 191 330 422 575 711 169 230 520 155 103 164 991 680 352 25 22 818 744 565 381 983 882 70 249 325 247 664 599 839 255 15 200 718 
805 572 396 207 993 440 303 867 661 814 469 911 558 100 881 109 917 126 871 784 245 643 771 194 965 864 684 217 604 496 361 947 137 183 720 960 99 228 212 304 588 618 507 360 226 168 630 614 430 950 861 944 477 675 271 223 740 420 361 91 951 419 344 917 323 326 479 957 238 372 877 157 136 815 651 337 654 384 324 989 246 996 385 508 207 120 326 125 688 48 798 517 284 714 247 37 97 409 838 82 
121 438 99 100 26 172 899 40 393 938 552 444 843 550 344 681 66 642 57 541 687 862 202 877 958 295 883 339 48 423 991 359 45 529 375 156 340 883 538 863 607 156 850 40 432 586 119 547 899 231 74 938 902 361 976 39 719 252 765 485 66 148 813 142 878 965 705 504 952 168 139 190 490 24 647 403 909 267 362 922 744 368 926 657 557 519 552 239 937 587 199 92 823 665 610 9 59 656 653 975 
574 809 310 530 558 678 45 491 554 252 557 825 59 317 240 180 113 860 573 678 38 484 339 430 325 430 118 239 180 848 937 895 671 832 509 319 912 106 792 895 870 498 424 80 962 225 157 759 107 225 964 764 24 884 765 793 701 2 977 282 581 248 942 982 828 251 431 253 148 923 973 196 940 744 428 372 3 587 86 809 975 967 995 137 506 718 359 592 20 851 528 985 392 217 936 972 843 621 783 81 
378 100 976 44 860 751 945 981 205 488 597 957 894 970 329 397 471 284 679 863 672 605 535 774 13 784 264 857 549 666 890 920 325 763 575 872 20 169 546 470 113 846 870 423 193 623 303 157 834 392 569 30 628 800 585 985 256 907 960 773 862 256 415 507 731 743 862 852 826 36 989 560 688 12 825 580 213 800 214 155 639 852 488 105 769 476 642 242 406 97 659 778 525 467 619 5 883 997 408 965 
41 895 134 535 481 35 14 614 211 277 866 460 773 266 824 859 237 607 751 359 201 429 80 80 186 826 777 408 332 38 595 886 192 62 777 207 84 932 191 236 571 329 479 588 502 272 94 89 109 139 403 709 78 46 935 267 406 534 579 763 143 248 632 527 604 334 418 781 869 783 967 939 176 308 491 237 890 689 794 392 248 542 115 310 730 631 935 972 353 74 742 130 288 756 705 615 135 879 332 749 
80 828 738 424 137 88 223 304 893 625 333 981 735 930 894 570 900 436 953 718 869 226 313 709 373 664 34 451 140 701 128 415 862 730 761 654 808 668 143 492 727 623 94 248 106 740 295 643 969 816 843 903 480 469 399 192 136 924 998 473 885 974 347 326 26 75 721 761 347 436 722 12 387 497 861 166 480 126 732 942 994 488 97 500 578 789 425 488 525 954 121 964 376 878 478 313 185 107 386 698 
19 592 451 125 140 603 108 639 461 386 350 740 775 597 130 273 833 113 398 422 425 80 813 392 21 717 856 789 556 274 638 1 696 37 616 427 106 299 760 553 254 726 279 71 478 92 678 288 314 536 69 194 395 501 662 84 804 865 85 894 639 406 658 590 266 784 821 730 360 524 602 848 651 64 783 253 805 916 977 921 735 771 999 752 99 423 614 736 628 634 101 206 612 758 312 46 952 764 489 18 
693 344 448 419 26 669 226 790 949 681 431 36 390 986 517 537 554 604 39 429 26 381 448 294 308 575 589 494 288 474 768 486 597 952 853 310 934 231 237 539 594 273 628 244 791 912 317 448 201 633 66 308 436 419 522 524 888 334 205 884 566 822 759 942 78 163 183 485 524 483 160 236 55 73 633 385 726 877 52 81 197 303 317 98 657 699 999 568 878 227 90 684 72 542 670 278 287 897 173 214 
510 530 155 645 676 409 124 643 890 409 757 22 478 35 957 605 762 44 246 599 669 1 637 348 960 996 557 561 637 365 363 847 972 629 733 929 388 185 264 609 531 926 120 779 958 203 677 894 74 751 501 250 79 672 347 784 190 597 785 556 52 811 620 646 434 964 950 791 61 846 569 583 912 189 454 788 921 724 354 5 812 307 681 264 63 804 442 616 540 38 553 562 524 224 813 13 749 449 486 842 
455 288 244 879 704 393 373 804 791 320 902 730 887 721 691 731 767 395 922 550 366 153 113 778 240 733 907 553 3 985 9 35 687 196 950 190 799 558 700 138 856 993 280 384 175 341 781 995 399 975 912 333 39 824 468 374 465 201 881 785 443 816 5 695 478 834 839 591 38 767 357 141 880 317 188 851 217 699 644 801 245 213 706 175 976 394 279 122 44 207 333 126 857 995 716 505 297 974 827 48 
367 80 588 517 854 1 762 912 394 675 425 24 964 860 513 987 433 54 923 147 152 653 904 752 852 680 140 962 952 4 393 315 812 421 941 33 892 279 158 964 333 179 434 275 712 33 231 277 655 29 581 274 78 815 848 759 43 875 281 933 698 779 341 972 311 647 559 893 510 958 789 930 290 249 304 242 995 358 987 143 463 133 633 289 101 740 393 253 598 70 141 1000 142 964 628 263 469 171 650 1000 
659 990 658 616 898 437 434 742 886 371 842 604 239 882 697 986 0 327 50 172 251 331 968 48 205 273 140 197 273 564 55 955 426 237 913 615 876 271 622 81 882 358 66 298 704 621 974 362 803 835 475 206 881 130 76 132 310 767 414 198 671 877 207 896 79 482 222 704 649 855 431 452 150 962 138 842 292 318 939 233 899 40 137 10 178 421 681 729 877 167 306 829 121 178 934 856 746 632 344 396 
479 911 338 478 453 691 157 597 652 134 104 69 715 518 205 473 360 931 779 923 33 530 221 976 240 168 518 116 354 38 654 354 796 712 189 377 476 556 162 990 992 586 59 376 784 919 300 489 187 789 880 335 212 599 436 959 456 951 529 459 828 507 718 165 444 741 900 198 927 707 429 995 882 965 584 430 992 641 456 846 414 48 771 594 596 494 363 482 542 107 429 933 889 333 259 917 965 552 240 916 
52 341 962 908 499 985 380 274 590 638 158 410 96 915 72 115 259 664 853 935 265 346 824 46 176 968 583 878 707 362 93 365 3 642 433 128 433 346 741 185 982 656 883 85 225 44 317 132 420 784 232 989 502 281 387 381 78 557 845 570 472 823 760 839 730 127 396 844 448 552 79 797 791 834 518 527 352 750 314 467 899 892 352 368 740 712 888 232 575 841 333 432 742 982 251 388 115 628 197 967 
332 522 896 41 427 65 469 313 623 510 933 121 715 574 872 300 487 183 798 121 812 209 610 574 112 541 895 145 7 362 547 208 209 993 598 729 615 996 219 990 37 919 927 560 561 113 621 300 574 208 437 557 140 771 187 966 594 478 840 240 633 609 454 539 247 751 883 965 682 808 883 123 502 60 652 748 179 909 205 34 807 470 286 274 876 548 154 915 247 298 344 927 557 771 876 700 536 621 148 950 
930 931 396 9 800 866 455 49 447 755 405 472 229 42 791 794 70 617 434 878 805 488 113 938 843 368 807 359 260 736 719 798 865 65 265 401 631 280 24 292 334 657 268 154 847 774 156 256 378 29 821 333 59 190 236 169 392 209 549 722 829 577 419 58 83 368 39 49 839 214 516 560 185 403 745 953 107 609 964 779 253 308 335 641 231 834 53 901 439 489 962 568 601 782 226 987 744 592 993 696 
699 625 118 694 507 727 177 645 350 324 485 117 194 9 460 347 601 274 675 67 379 70 690 254 506 645 83 461 525 375 109 69 351 688 881 83 590 530 681 918 246 568 818 543 65 492 927 339 205 448 125 162 663 403 404 830 736 843 630 777 965 736 378 554 942 896 228 943 681 316 440 719 348 390 730 422 367 453 54 219 479 504 225 806 684 335 721 210 374 61 793 315 63 611 106 118 45 529 353 323 
494 214 404 85 951 332 192 201 433 442 670 876 973 160 656 228 46 478 916 576 424 374 68 990 542 823 93 373 728 671 198 519 578 777 538 727 197 823 259 176 425 461 930 668 965 165 51 186 704 194 774 196 41 574 414 971 360 640 770 160 690 941 711 889 375 455 364 102 963 79 953 665 983 348 975 860 229 558 825 193 38 407 924 570 710 631 219 834 770 449 61 268 441 397 195 891 755 840 733 74 
218 198 492 653 150 407 990 996 95 708 935 457 557 394 468 537 304 381 611 267 761 367 308 545 451 664 650 416 207 746 619 181 77 173 929 316 235 573 370 781 657 402 455 183 841 986 719 898 330 105 132 280 461 683 336 882 9 950 623 829 869 281 967 33 975 184 885 958 859 479 24 175 419 460 433 587 168 125 870 742 259 789 197 722 607 858 259 931 135 981 451 240 152 30 44 996 86 362 956 234 
392 991 903 845 874 134 835 380 894 790 547 807 885 240 380 114 585 606 660 358 278 803 29 480 327 750 419 634 327 371 762 879 65 894 984 240 596 175 290 322 538 217 620 720 683 638 639 273 41 438 531 63 83 559 946 257 576 303 127 414 801 355 866 830 207 511 53 622 374 357 311 595 109 228 189 423 89 824 39 689 532 964 896 608 223 631 233 95 94 236 109 720 244 535 320 990 115 231 793 438 
417 255 876 476 279 438 151 345 434 107 756 45 124 45 886 867 204 479 829 247 109 398 930 982 675 119 812 136 746 505 395 264 222 524 178 383 687 461 419 43 582 952 465 472 456 612 258 694 309 797 353 338 767 868 364 669 235 864 18 574 506 383 69 300 818 173 341 710 280 751 577 701 379 678 386 721 136 760 971 747 181 868 631 18 361 60 259 171 983 170 745 116 84 989 37 94 295 35 592 862 
257 685 104 807 636 809 298 516 693 857 875 208 830 900 620 123 684 358 493 728 245 650 457 477 686 256 953 185 265 22 198 924 532 332 264 306 521 197 45 9 487 231 982 979 744 397 479 297 579 634 17 574 191 830 740 373 652 148 619 949 31 777 49 110 932 988 404 850 295 686 75 614 960 598 940 528 982 769 636 191 140 749 140 249 467 454 176 994 684 548 7 802 596 776 897 587 909 695 87 867 
