3178656 2523294 3342326 2503395 2006306 2763792 2723826 2498616 1929448 2806747 
2723583 2016973 2544169 1996629 1482254 1920545 2169531 2125586 1529825 2864875 
3097721 2236459 3545376 2641579 2288552 2952313 2830902 2835651 1760659 2918436 
2535892 1817270 2576926 2157934 1493099 1511393 1767376 1318067 1341624 2113104 
2930135 2529155 3493886 3209838 1898869 2104860 2346581 2100781 2188529 2198679 
3135683 2468999 3095388 2514989 1552477 2231159 2516892 2375616 1890344 3022078 
1992071 2230446 2813585 2755731 1402996 1907374 2122768 1689044 1807485 2488284 
2356951 2129014 2921809 2615684 2126658 2434738 2582162 2767096 1603043 2915624 
3002390 2400499 3256971 2604157 1926750 2420143 2802215 2946164 2005349 3499269 
3608452 3036325 4193920 3523662 2669026 2994373 3243825 3088594 2517258 3232807 
