29809092 23441786 27766300 27237577 25715609 28163754 28182088 24652971 26274680 30655490 27995307 24884681 28266856 25566130 26405794 24600859 30062182 25185298 24890641 27858583 25386033 24900214 23638288 25250327 29859226 28875294 25652190 26149445 22297376 26892881 26250222 29266524 26997784 29309141 27257707 23411004 29412033 29319319 25731523 29356086 25918925 27954214 26732355 27391063 22965611 25858242 23636295 28552813 27212348 28686641 27823580 29271938 27133656 27315329 26366130 29428397 28098988 29887666 26279928 28023877 25825154 27594293 26774173 26666646 24564749 28894486 26411134 25263267 23278718 26654239 25657596 23118557 27924367 27427322 27889671 22611548 30866459 25915542 26668155 27875816 25996174 28918028 24625408 25959054 26015918 27284594 29270369 29937302 25509379 24517712 27050220 25402226 25867276 25758253 25950773 27081134 28473388 28055948 29073945 28939603 
27990817 22493267 29531203 27361273 24805283 27553013 28592686 25373050 25453400 29224262 27267045 25074197 28119583 25274303 27899473 23815584 30571886 26019171 22255812 25486273 25319453 24949816 23829120 26576590 27371586 27168918 24017380 26027986 22427365 24679272 25090933 27051254 25954072 27907077 26652832 22911251 27402192 26361141 23656304 28920168 26401724 28685290 25878227 26731400 23086805 26333163 23272695 27411724 26533750 28179521 26935167 26873954 25646706 25367157 26330692 28368179 27867220 27960104 26477355 26688152 23241663 23831599 24452406 29172062 25092187 27267444 24613696 24508062 23443316 26116498 24312517 23946357 28375934 24129651 27288356 21254596 29077951 26445026 24371906 26428719 26769341 27698842 23271489 24966953 26688916 26262837 25443277 27848840 24224887 24781985 26954758 23381032 27055153 24148411 24962273 24607946 25812753 27267492 28120570 27029127 
25787531 20664427 24325335 23340106 23833127 24186996 25202691 22059036 23649407 26528876 24293697 22908219 23933246 22158775 23080702 21846569 24779541 21894049 22288589 22899014 24064833 22310917 21911765 22656315 25951572 24459841 20550325 21722348 20067395 22985740 22118461 23693188 25201591 25707908 25014394 19814056 24876395 24887856 23421700 26158695 22568522 25225979 23536538 24115574 19334225 23024609 21229369 25637804 22705131 24608983 23284685 25886520 21771306 22020961 23465332 26010667 23663733 25715036 21830758 23405021 20201044 23439077 22168918 24588034 23409803 25432932 22639367 23986886 20857469 23523537 22494836 19498447 26249632 22620040 25104620 18358772 24826972 25458538 23705303 23154798 22473158 24848671 20156928 23676282 22448721 24028272 25652080 24235411 21028397 22050511 24719868 22820916 23625041 21127231 22182741 22198958 24219343 24432703 24171442 24500262 
27087548 22497282 26330728 25314021 23112231 25678597 27050444 25045145 26739867 27841552 25822713 22423788 26846390 24479042 27045920 21946559 27356733 24129355 24198220 24579578 25225518 24363909 23190077 23727255 26155327 26016149 23323315 24998017 20776085 23822484 23850639 25997899 24860271 26702634 27405223 21687941 25904091 25943905 23824991 27604394 27558263 26375536 25256709 25002040 21420607 24452205 20795632 25047449 23888120 25456770 25310743 26394994 22972111 23493556 23382211 26356752 24726058 27176377 22543620 25535420 23877987 24567619 23704813 24659914 23905857 25949448 23248950 25802870 21460694 24701367 24121233 23152313 25989737 24857548 26334857 20357833 27178459 26499238 25091632 26445131 22933840 26197739 22272375 23183005 24424090 25683196 26309178 26774268 22388459 24383446 25012749 23543387 24975435 22546163 23724233 25929774 25724185 26039841 25845249 25785636 
25547585 22474871 25381355 23920659 24139874 25258716 26858810 23056436 24290163 28165326 23788368 25552431 26008626 24100745 25231835 23238294 26531109 22523511 22148918 24574048 23711273 22906484 21978843 23941840 26924564 25471123 22202654 23401866 20720723 22662853 23836941 24690523 24604967 25430035 23257313 20007379 26954227 25210970 24839407 26487833 23330335 25430165 23074925 25368750 21223270 24519559 21975475 26792537 25054762 25081882 24041029 26389565 24114260 24206927 23818469 27107176 26136276 26054159 23298785 24581353 24731024 22650627 22854052 24431804 23223772 25723192 24777274 24130227 21873261 23377703 22620111 19465879 28424607 23667155 26590891 21392281 26100013 25561306 22789547 25345111 23328832 24442489 21946873 23308981 24158952 26144080 24277245 27047922 22078012 22256858 26246348 23271443 24640288 23592140 25058816 23604153 23271311 25021724 26650136 26428713 
28732491 22097152 26589399 24724567 23425504 25211886 26729701 23890562 24855762 28487389 24927206 23811842 26892808 23170818 24691567 23993072 25376316 23232499 22028425 24746820 23719137 24384714 22566232 23250831 27225677 27706407 23004844 22111031 21049868 23898881 22271855 27658131 24373388 27013252 25467011 22473983 24839928 27177806 24643503 27558561 24170328 25868409 22777925 24352139 20928525 24430360 23179155 27086443 24844370 25511919 26430065 25695119 24229943 25084947 23015941 27222993 27009402 27330190 25053392 24908825 23520716 25269643 23429499 25281752 22953154 25548409 23632810 24251784 22334007 22003017 22996632 22304011 26629397 24915699 27824806 19803275 27299414 26776186 25028071 26352388 24915335 26098124 21901400 23808919 25077953 24755766 23427520 27136046 23633147 21850380 25517562 24218040 25985100 21303024 24895132 23923557 25878730 26284839 26536988 25800606 
26997384 23574225 24352637 26742240 23394700 26518876 28502381 24693494 24860123 29226141 25965689 25720951 26565512 23555126 25774561 24653844 27990513 24527832 24844454 25283810 26168737 24615731 23436740 25711951 27864571 27454589 23362457 26404363 22683883 24628309 25768503 27036565 25964572 29038189 25203153 23631210 26664278 25328006 25099574 28348062 26362932 27066732 23832005 26859306 21509966 25158928 24505612 27212463 24716712 27128250 26281391 27737446 24724606 24770500 25230018 28521152 26637155 29103313 25749554 25352153 24120094 24470100 23994462 25704377 24774404 25519948 24013418 26036859 22569541 25544231 24572181 23847887 26925880 24535073 28537429 22109454 28183045 27627895 25217267 25443689 26149238 28012326 23543233 25472666 24113671 27195106 26123831 26924402 24381504 24814850 26903414 25260091 26610835 22811344 23135698 24242807 27146891 25682493 25943472 25265995 
26820894 22296643 27125182 26126890 24576345 25602250 25609192 22545704 23349951 26601972 25194913 23744582 26852485 24254579 25590365 23076510 27678178 25416667 22210005 24513453 23513979 24189508 22556169 23724057 28303979 26517782 22505839 25009957 21457031 22950675 23669561 25830715 24544045 26416522 24374430 20109372 24896040 25114114 22727028 27289937 22954981 25917420 23685875 25084056 21643391 24421914 23447699 25291268 24550315 26571276 25689574 26381590 25376338 24614520 24435949 27049556 27778407 27587796 24834289 25174722 22843855 23157858 24881689 25376048 22529414 24889571 23265857 25022904 20665378 24989614 23627997 20390752 26606424 22782605 25612612 20843766 26941880 24424849 24550566 23925176 25370515 26044251 19657070 22778009 23797707 26093199 24485594 25505093 22613460 23872739 26175656 24262321 25771897 21577768 23638640 22465518 24951420 23833141 26136150 25058966 
28359008 24658741 27275127 28257127 26110469 26999339 28955163 27121796 27347448 30478369 27748797 26243062 28304022 27837888 29470260 24089214 29243217 28502680 25775120 27837610 27480256 26835630 23891426 25394009 30397263 28477352 25757720 24697735 23019441 25886488 26690133 28517679 28462124 28918345 27579003 21802118 30209467 28897456 27808359 31227514 27724533 26682417 25288080 27232021 23933348 27502946 25729022 29051135 27867804 28360741 27861873 30997070 26979895 26514637 26245205 29616603 27456849 29442193 27057932 25549374 25334882 25658272 26509713 27852153 25812504 27425026 27401667 27679682 24469132 26073549 25623041 23580211 30688999 27211853 27724190 23021048 30990657 29832825 25505772 27332793 27348743 29097512 23960215 26049814 27402604 27667731 26722465 28372751 24284837 25221283 27265433 24776529 26819714 25479181 25823109 25419600 28583119 28598608 28684160 27815197 
26787036 21170907 26689270 25606732 24796689 25497517 27855778 23904914 24392684 26656046 27149625 24239264 25765280 24256457 25599048 21926204 27496480 25977203 23526569 25213202 24203574 23846269 22266034 24379291 28903411 25799842 23173885 23283565 22302720 24294772 23999646 26284249 23609124 25302563 25870829 21168397 25933817 24386205 22710933 27257756 24236888 25714269 23954408 25344875 21264676 24756663 23435134 27230795 24546991 26624571 25655319 26709828 24254451 23695171 22573231 26869600 25690399 26931714 24814492 23919730 22463630 24157053 25265618 24845004 24494473 25743718 24344716 23308754 21913924 25768321 23030246 22116742 26753236 24166469 25574106 21141646 26484275 25511667 23991906 24916915 25174898 24193455 21900578 24298065 26059464 26230940 24426529 27417312 24279287 21980329 25739131 25028379 24260620 21866682 24786305 22472429 25040303 26882124 27265291 25473294 
26151749 21458883 24930712 25260779 21877954 23915040 26506343 23420556 24605981 28118936 25093460 23251098 26320827 23637028 24865866 22501240 26875298 24807277 22973407 24189406 23558795 23177348 21903531 23482408 26762808 26052855 21910501 22446085 20408099 21595509 23194648 24741521 24483491 26831821 26402536 21039759 26068308 24626017 23077337 27770667 23690189 26285882 22978095 23664625 20612193 22079159 20981548 23967966 23248168 23486943 25819988 24967805 23210256 23587934 23623394 25585050 25180034 26593624 23590085 24731827 22707527 23564636 22278476 24328834 23086013 25229789 23854883 23425534 21208539 22477160 22104073 22513556 25648120 24602528 25061529 18866583 25436989 26560684 23457185 24640751 23349562 24252895 20474444 21844631 24165739 24550758 24598884 26451222 22298583 24793155 23590255 22732304 24666536 22826947 22343695 23101969 25224466 25506016 25292032 23971774 
25572137 20566686 25076762 25539034 23049689 24654227 24673431 22701905 24318942 25058523 22995046 23845114 25402672 22307554 24132109 20828100 23262370 21977221 22978614 22927843 22359682 22738942 22083561 24864609 26904261 24245499 21369845 23373332 21038362 22473503 24641064 25638284 23705237 23796683 23478460 19731815 24561783 25091109 23030463 26682644 24168761 25038137 21478666 23409551 19934360 22210558 22723084 23090191 22722500 23717605 24749228 24850678 24962651 24381617 22921198 25532276 25235380 25133594 23446608 23397578 22556444 22934592 22205653 21878537 21282209 24328364 23561017 22329220 19952941 24282570 21617012 21392884 25301631 25156996 24513179 20828528 25370589 24883372 23209100 22658202 23402764 24723584 19770532 21617220 23916806 24658914 22877602 26489150 23269596 22157412 24522042 23139307 23855221 23458181 22494445 23178255 25033059 23757387 26574269 24070523 
28694757 20918622 26442568 26273331 23617183 26725505 28362994 23173466 25907814 28189846 26211585 25480267 28279096 23698513 26419069 23338447 27322463 24541971 22212658 25435171 24698075 24909312 23708698 25802469 27489409 26445051 23944691 24221010 21125380 24411455 25723910 26532426 25893886 26824141 27873809 21897703 26857569 27103685 23294861 29084123 24713417 26576457 25160044 24884298 22066522 24475875 24071412 27701675 26324951 25760901 26838133 26982555 25311279 24714341 23494110 27066638 27950087 27709135 23686384 27296544 23780675 24711319 25485887 26763899 23287890 25848916 25572624 24415381 22429094 25633333 23259001 21097967 27558838 24439089 25615770 21585813 27211445 27565999 26143167 24483375 25423467 26824869 23065689 25590905 26356634 26107008 27071920 28127771 22907357 24977577 25532796 24275435 24976941 24169407 24035751 23316834 25882043 26524110 27301056 27826644 
29941692 23813055 28365774 28017839 26250708 26837839 29977427 24712800 27991282 27897490 27042372 25539905 28775184 24811913 26820176 26097370 28534406 25966261 24990663 27240330 26686657 25094113 25033227 24603264 28969376 27326836 25292489 24300142 23370335 24887010 24644614 28255391 27324031 28800180 28437894 23035501 29025711 28180290 24627793 31884985 25209960 27461180 26072074 27190715 21384980 26444746 25467770 28340726 25241107 26604755 29002678 29347404 26656103 26762838 26372413 28179129 28584165 29162159 27425296 26588548 23965768 27000833 27302666 28188568 24197554 27507717 25429129 26518352 24328457 26158865 24254772 23152159 28456292 24307810 27453714 22539752 30575939 27859605 26806485 26535098 26260757 28000580 21630813 24916404 26622849 26521939 26878602 29007308 25262219 23939198 27745170 26089519 27641405 23880453 27371241 25745437 27876224 27169587 28728281 27775374 
26033335 20803260 23736541 23735605 20810206 23514549 26223255 22631404 23428264 25823390 24166780 22705356 25824160 22778478 25190910 23085240 24269500 23801361 21338031 25196794 23565906 22767198 23643316 22004852 25304285 25629582 21030574 23513922 20524214 20945147 23422755 25267774 23198058 25472255 24894615 22706247 23075322 25001299 21637684 27559836 24456078 25067420 22364005 24174939 22419853 24191341 21035049 25319572 23974465 24435394 26195443 24375113 21891350 22974266 22643258 25606313 23588813 24755290 22429566 25504318 23539919 23817219 22622225 23582751 22980159 23290076 21433416 24443126 20281685 24022504 23394147 21042576 24963468 23291353 24849889 20458339 26246539 25611650 23914595 23514536 23758467 23920003 22024850 23134051 23130713 25321251 23956822 25362168 21262260 22323699 24982480 21696456 23262603 22257175 22264582 22478871 24760410 25541639 24290939 24338478 
27378785 24143004 25807717 26445977 23812037 27668718 29259243 23893938 26641997 27870492 28515011 26362794 26823737 26160542 28759973 25284107 27848053 26068397 25952428 26796211 25274171 25426308 24035479 25995828 28644862 25910953 25102984 25671416 23158881 25667545 26001469 26503490 27488532 28103130 27086395 22988521 26870274 26650385 25747691 28991243 27730374 27185267 26137507 27660715 21719004 26161875 24680231 29347430 26882015 27268993 27445490 28273677 26608794 27929367 25940844 27707013 27329306 30081994 25308770 26650396 26120993 25677984 26502386 27985091 24028699 27606265 27803667 24625806 22073257 26002445 23716998 22840086 29310077 25675748 29107880 22315694 28952158 27743639 24708346 27357151 25146473 26971487 22127895 25128207 26118077 27647399 27767438 28807808 25354184 25372286 26628524 23746973 26019482 26209995 26509474 27173110 26185450 26994052 27670396 27726496 
25650162 21958722 26133350 24568504 24012078 26396444 25943886 22292954 24119081 28714320 25217182 24211812 25490207 23406280 25437603 21830353 26911155 24572579 22809726 24901714 24314666 23112617 22170918 23200800 26669093 25923427 23834032 23013404 23044600 24403811 24827692 26920804 24558577 27354904 24755679 21533432 24056208 25273802 21975838 26465603 24034572 25275377 23548549 26225026 21019979 24645607 24307846 26024828 25224033 26173393 26135254 25581941 25286899 23692255 23994300 26470442 26446930 28089841 24897320 24405010 22693693 23944554 25009734 26606045 23400619 24222541 24220588 24065751 22221229 23960663 22206312 21747524 27399241 23428291 27298535 21261157 26416963 24726581 23684452 23954416 24014574 25336665 21460516 24579561 24706696 24447167 24251638 26604863 23552643 22367615 24728579 22764751 25443202 23676674 23964939 23519765 25381857 25571423 27041081 23951668 
24907172 19978572 24985252 24045665 22725740 22621653 26870868 23075126 23117803 25242893 22098740 22969098 25208040 22101863 23665117 21070362 25263270 22136883 21352637 22977288 23167442 23117977 21511516 22608714 25059529 24655539 22182889 22609988 18977204 21848641 21941608 23711711 23065522 24095949 22612946 18088767 25173313 23698128 22343443 25111483 22411966 24369573 22297786 23724274 18749887 22867943 20940847 24898077 24209577 25248907 23041415 25800247 21607252 22386166 22210917 26460052 24492871 23369360 22923325 22818979 22050650 21763772 23082541 23624781 22694525 22461330 22740305 20795113 20559645 25075516 20665397 18490364 26303188 20503997 24868660 21499084 26046795 24004892 24034754 22501288 23510729 24155978 21643008 22794163 24438222 22369938 22481188 23008220 20788098 20263459 23054136 21751641 24908506 21647433 21884227 20881071 24110474 24418657 24349685 23872963 
27625468 21617615 26263299 26819954 26277468 26335693 27380726 24856947 24689403 28902325 26563899 25402403 27318421 24101611 26069261 23532417 27967439 26038024 25367571 25145069 25122560 24711017 22037423 25798350 28745337 27072281 23829867 24828831 21716904 25253412 25335411 27399814 26019669 26701303 25166440 21760711 27830191 26455988 24540332 27157430 25537751 26517650 24147393 25749202 21407797 24173709 22636222 26050258 25835665 27046097 25250257 29247382 24885993 25579311 23505716 27650627 27210865 27454022 23763696 24005182 23945768 22996320 24912924 25151889 23947201 26717330 24768294 23556698 22157577 24872173 24124012 22913339 26689117 26467143 27850412 22228435 27292229 26660714 25447250 23606091 25520480 26807285 23528800 24567160 24563728 27150567 25484070 27395259 22428770 25550795 25539187 25109286 24830823 24138039 24401931 25667239 26724523 25762232 26619425 24921426 
27640918 22150998 24865211 24638305 24428373 24571434 27861179 22118636 26202738 26465048 24550701 25226628 25839418 24184942 25859279 23925677 26185393 24049501 22486290 25589475 25098307 24912646 23812596 24032376 27854014 24884448 22720229 23638831 21594099 23672019 24885078 26110033 25086327 25839490 24744773 21352989 25860507 26300883 24646981 28908670 25132855 25241092 24087313 25795450 21715922 23846538 23896898 28216743 24318882 25773898 25392301 26829856 23839538 24522513 24724720 27179919 26218784 27470505 25184022 26156111 23910855 24504892 24954921 25350844 24474038 24897451 24403522 24649795 22915272 24593428 23915340 21957634 28203843 24615246 26028331 22108631 27736139 26614595 23546661 25781129 24873182 26251844 20807509 26142421 24338525 26052021 25662928 26824910 23742304 22119260 25223495 24556377 24706539 23174497 24666030 24038034 25072799 26251013 27546010 27406776 
27667961 20675974 25461176 25284832 24402109 25721620 28077075 23332343 24928053 27802342 26903661 24349895 28341131 24718954 24358761 23833164 24996890 25245435 22965527 25792609 25576476 22556924 22237724 24287309 27300211 27802618 23940170 21947844 22515774 23837777 24408770 26367076 26598070 28786634 23882120 22535320 25488566 26139622 24124865 29292628 25540474 26227049 24581959 26879281 21219971 26723782 23019193 28605222 24683999 26226745 26464537 28497542 24052624 24270904 24677055 28196135 25819558 28294930 24558133 26648794 24718518 25352499 25962668 25851110 22747815 24860630 23517214 24780651 21335819 25224092 22280637 22153298 25846979 24352322 27256138 19788661 28778457 26120446 24166590 25259104 24927823 25859905 21762044 23602542 25837427 26014115 25065658 26887671 22664592 24020535 24908852 24031524 24612825 22470704 24449938 24043488 26711173 25850636 25612616 26670639 
27163230 23213433 28746446 27279795 25659378 26853307 29774283 25457706 25517345 30197670 26130539 26695385 28522562 25436300 28145891 23554136 28770109 27718282 23954096 25825958 26519602 25281047 23130259 26245406 30718122 27288692 26067772 24557129 22676618 25394576 27134712 28571654 27339913 28643076 26510914 21292037 29243134 28639568 25285471 30719353 25268316 28315268 24988180 26196284 24069280 24118292 25713747 27778752 26706518 28120854 27747109 28121845 25287409 24436651 26220357 31189326 26770115 28921719 25937104 26882298 24618744 25244645 24991751 26836453 24706424 29688081 26078091 26615590 23471375 26072679 25957883 24748086 28909741 26743879 27452365 20939386 29463435 26371611 26741395 26624694 27084122 27852652 22593016 25159902 25498654 27032141 26930810 28843763 24624584 25410053 27102890 26022647 26801646 24374166 26234654 25674404 26648672 28463165 28004972 27702847 
27093584 21350103 25234642 25498983 22333072 26992101 26669908 23437749 25424373 27429850 25084097 23161900 25145875 24042224 24729957 23783601 25870972 23005497 24371895 25959862 24916299 24992463 24158771 25144416 26393988 25514245 21781917 23665706 20991786 23871609 24051223 26409756 24410187 26582692 25693597 21657966 26123487 26349671 24914830 27647726 24963268 27107829 24112734 24487539 22893892 23827925 24353584 28363014 22614994 26543363 25287975 26683939 23908627 23418211 23447273 27295176 24942614 26413544 24936330 26621992 22714308 24743548 24975131 25652143 24025787 25527237 25160097 25095106 22215410 23791597 22933071 21456172 28205335 24738541 27179248 21342510 28109162 25830903 25109379 26172265 24306177 26861727 24590245 24901102 24938608 24506288 25477976 26181019 22606504 23400804 24110949 24419990 24366094 22297063 24554495 23142757 25111908 26043328 25840153 26599924 
29973124 22230550 26116067 26444486 24658546 25277083 28540716 24917756 26296292 27577125 25638448 24530933 26314456 23687127 26556353 23499737 26391004 24071904 23975833 24991678 25251152 25594711 23115351 25168099 27894501 27866073 23686449 23009004 23992281 23850107 23404661 26005178 26373285 26403045 27306155 21826848 25652750 26454561 25926363 27734987 26012548 27111785 24745079 24773721 20739467 25376193 22505031 26617412 26170094 26027761 26723770 28480373 25970787 25143075 22426944 26698720 26788530 27195882 23756387 25223401 23535074 24618374 25508936 24993413 24813968 27184600 24531513 25055968 22066645 24363948 21719999 22592268 27270506 24935329 27511478 21748586 27913704 26214991 24384060 25768142 26235283 25719096 22361527 24134596 24998583 23738757 25515244 26832346 22135954 22835645 24892391 22921995 26021273 23452368 23844899 25291598 26576340 26469971 26007768 25988421 
25522766 22588198 25651278 25274861 23287000 25409464 27990021 22677422 24467990 27282249 25822455 24923712 25919602 24577083 26294143 23375192 25423506 23990145 22432477 24487410 24347013 23534784 23444220 22458393 26722169 25906632 23456736 23630567 20570794 24421298 25336833 25842834 25021887 27811173 24372480 21480047 27014804 25131001 24359713 28136015 25660967 26326542 24904916 26480354 21349251 24946044 22275183 29140473 24006251 25480443 24130943 26007977 23528019 23955830 24482327 28830576 22769706 27235556 23506201 26480520 22841626 24667835 24242732 25606352 22457841 25077732 24373726 24078693 22437843 25122835 22639449 22321967 27901257 23628968 26980455 18313203 27710436 26639822 23864933 24690054 25231002 26117811 21292395 23244835 24437560 25772868 26807991 26302278 22091498 24464326 23731826 22220671 24933492 23778214 25691061 24433170 24973881 25843858 25737117 25852201 
26814490 21855957 26335971 25512458 23600110 26213473 29148500 24895421 24881626 27337672 25307699 23408851 26613001 24318652 24904293 22075294 28697945 25336265 22738413 25918213 25439997 23774470 22881837 25963531 28168158 26456537 24522610 24354096 22043806 23764048 24451365 26671660 25124376 26815967 25121748 21949940 25498228 24912501 23995280 28184542 25576189 25543856 23855001 26483147 21364539 25500923 21000619 25451863 25736144 24859145 25845045 27737447 24774424 26151490 24892661 27333224 26701890 26241811 25663639 24912006 24419128 24246686 25013247 25640655 24764380 24750316 24345505 23999953 22750294 24261315 23926501 23007283 25889803 23640751 27925723 21153431 28216358 25541475 25239695 24271109 23738146 25754336 21246093 23746517 24699621 27412834 22026119 27121293 21715709 23045700 26612541 23304238 24369611 23794475 24130277 23088157 25523015 25994786 28237349 25760192 
27052442 23445777 26962201 26739801 23313088 24542308 29220331 24701183 27337477 28031618 25875644 25394832 25241784 24306586 26550534 22981671 29509623 25211387 25981002 25648213 26026522 25021853 23305530 25084733 27820493 24042635 25092908 24732055 22385775 24273225 25096394 26302737 25981667 26563687 26171878 22070506 28152813 25136140 23274115 29305274 25992507 25768489 23860505 25795651 21145505 24492016 23728960 27526760 26326284 25674577 26099532 26790623 24382147 24925774 24500944 25808732 27246907 28022971 25241768 25384725 24453754 23442315 26210624 25607696 23929943 27314926 24634809 24302434 24138226 24830626 23865771 23318248 27321543 24877037 26753146 22122100 29060567 25321253 26198331 25107677 24978715 26028872 22701782 24771439 24192883 26871942 25953519 29031244 24689661 23387275 24571456 23165449 24668047 23680895 26984074 24687737 26447217 26700895 27693877 26470888 
28175938 25310940 27879280 27483023 26298268 27551238 29051180 24839777 26922457 30409719 27926188 25459513 30223630 25236826 28312183 23872026 28481509 27757373 23667241 25642738 26382929 25668691 25523040 24974111 30001910 27715291 25746160 26782173 23551403 27906014 26775608 28566486 28075758 28604730 28083987 23026796 28674611 29084390 26886298 29478018 26137766 30176070 25474285 28665623 22518635 26817037 23518026 29586300 27740718 27033176 27728623 27846276 26767097 25638237 26718859 30258990 27770970 28088663 25198221 27334809 25772381 25107751 26468822 27046372 24362613 28448668 26974620 26269827 23785459 27813199 26738038 24166962 29588752 26473646 27847135 21932023 29739453 28046886 27249300 26720603 26203474 27288827 23083980 25939796 28076921 27299882 27969862 30250031 24492792 24865791 27234946 26107704 27496701 26616656 27048051 27456249 28126481 27711550 28080872 27121671 
28973641 23305881 27123321 28463719 25730454 27270388 28409069 23859918 25982185 30456790 26200600 26355578 28674143 24357017 25830309 23657463 29373020 24980839 24714853 25289245 23991304 25077895 22932663 25157538 30715817 28345009 24505566 25306424 22000956 25397384 27220352 27211282 27028492 28069863 26900681 21246162 29626288 27604430 26786875 30113965 25016724 26986670 25324190 26383838 22323826 25301193 25408658 27946777 25661267 28750629 27397159 27515794 25534659 25388471 26071214 30216691 28707240 28388149 26187920 25746297 22997291 25748167 25470578 27565392 24436079 28610841 26565508 24430366 23776083 26382956 24473476 23821312 30162070 25222225 27430859 22081510 28733204 27605037 25962229 26666539 27316723 28141261 23053029 26066628 27782493 27153415 26735643 28097464 24539938 25626032 25065204 27423072 27275538 24827747 27120164 24815056 27885552 27472297 28597155 27995524 
29691437 22614393 26855328 26558220 23808376 26052776 28740999 24083655 27183927 27563680 27195961 24730206 28269543 23886841 25580512 25242274 27279341 25745725 23761959 26379673 25259678 25727012 24084375 24401260 28451934 26908762 23581990 26315770 23361448 25430922 25843704 26354311 26643468 28792331 26574806 23904698 27350706 27941794 25900705 28645423 26995816 27457131 25148616 26093649 21662609 26362131 22559056 29012456 25345817 26388616 27268972 28790538 24756972 26615413 25268563 27268594 28240961 28310297 25425363 25765541 24865896 26885143 27462367 26948940 24336350 26050660 24890737 25005235 23378018 25219996 24392544 23348462 27844558 25081294 25877054 23605936 29837663 26351557 26296324 26499678 25568526 26804510 23105578 26827651 25464381 27411553 26549330 28547643 23362571 24036203 27110190 23960577 25616577 22173677 26788579 25785715 27367220 27268314 27754950 25982658 
26186072 21078101 27128387 24643806 23757458 25847211 27475805 23160994 24545766 27644076 24932308 24260373 24722971 23912880 25983433 23590482 27427133 24755298 24261630 26073045 23436156 24188310 23326490 24361419 26407234 26431229 23070292 25331973 21085326 23577290 25172925 25995767 24516894 27949924 24904987 21097661 26213554 25233104 23966098 25707079 25727391 27089219 24611422 25317899 21390560 25663569 21408900 26376687 24082910 26612208 25903313 26202566 23366806 22928862 24536064 28027792 25882793 26293741 24501792 26507878 23956752 24475419 23618129 25781596 24747174 24629242 25138328 25272331 22004070 25405020 23333097 22291785 27718643 23708360 26440869 21363301 29236624 25155871 25083388 26274063 23674158 26810701 21160577 24507570 22891588 26596275 25468263 25249191 22894834 23106583 25283922 23549243 24022876 23451963 23376896 25009612 25684170 25469515 26433773 25041430 
25832302 21254779 25179575 25035476 21933818 26016915 25206635 21687858 22957444 25442700 22800215 22801487 24740015 21653986 23770606 22307480 25338523 23710044 21507105 23731077 23806894 22488160 22112567 22662311 24537300 24184507 22048015 22305347 21290887 22666311 23307736 26631237 23137862 24233902 23222736 19462638 24143406 23269727 21786913 26978152 24410642 24924524 22690650 23186735 19032262 23505798 21694482 23890337 25093544 22777426 25820482 24196260 23563241 23626175 21412358 24701972 24810343 24404644 23439239 23139637 21090775 22204805 23343868 23307683 21296978 23835915 22194507 23871930 21893106 24819586 22359532 22387336 23756780 23345971 25620792 17984171 25673916 24147861 24391228 22177310 24027388 24241157 20235292 21667406 23473474 23773013 24301631 26349764 21751636 23346017 24147946 22347650 22748760 22436000 22335880 22682557 23584380 24517894 25946117 24040522 
26369698 18534816 23510085 24100881 21930411 24734723 25689220 22123895 22596489 25496200 23143607 22596657 25307764 21993330 22323714 22558105 25297893 20558338 22556952 25546630 23118816 22552091 19953709 23359886 24874929 26132275 21960059 22678712 19928449 21512476 22024688 25702965 24632116 24548036 23226744 20410966 25328654 24374420 22240794 24778441 21795990 25014857 22301030 23763403 20163107 22118444 22290246 24935788 24374389 25655211 22913823 24938402 22847491 23023197 22280608 25835952 24861501 26020921 22170936 22442660 21442541 21634713 23544031 22874841 22165944 24320098 22265510 22991239 20357613 23454956 22463184 21048100 24513396 22976383 26429713 21197140 24937962 24207181 23150560 22473375 22018641 23238259 20041266 23329108 22809280 23930006 24881158 24663856 21321875 21896659 23795133 22170615 24488300 21498183 22173522 22919049 23245371 24758895 24255177 23815242 
28106284 22608228 26253224 26743281 23209703 25801848 29307955 21807550 25337165 27973272 26118793 24900758 27913671 22485835 26241446 23500727 26769242 23512847 22165013 24173264 26104810 23811878 22515380 24527071 26183508 25582562 24530852 24947702 23049474 23637546 22734640 26193293 25441663 27895666 25384813 20968616 26132534 24817509 22956873 27224647 25671327 26626710 24720366 26965517 19306659 25170193 23974261 27334275 25486508 24038294 27427394 26587427 23286234 23416423 24196912 25623867 25758409 28012387 24732691 25556223 22740456 23961395 24503805 25767803 22269980 24912219 23899310 24381490 22086849 25738668 23135638 22838331 25370136 24215881 27417976 22198803 26540758 26196918 25646158 25021346 24145555 26269441 21011791 23641783 25178667 25029439 28429649 25624323 23467224 24283222 25309412 23520128 25443819 21922549 25488782 25077330 25082448 26393345 25845628 25980510 
24679955 21662451 23925512 23502582 23078497 25159679 26244825 21321099 22838416 26874571 25568693 21617688 26233596 22754989 25397759 21449874 26938632 22388239 22433135 24021132 23041922 21808151 20877923 23948192 25837702 24128372 21428731 23798708 20809178 21724468 22554616 23219658 23487806 25336573 22669190 17613351 24050586 23805988 24081954 24266816 23686164 24596566 22932045 25335110 19220939 22793588 21900874 25583031 23244224 25302261 24034164 26734670 22455097 24368571 22446842 26365273 25896108 26841012 22887756 24039991 23235247 21871375 22774101 25907308 22029989 22730720 22533202 21950945 20595283 24448601 22635334 20591862 24433627 21960954 25910198 19661089 26150800 24466052 21895012 22852013 22698167 25916037 21574710 22694092 23332565 24463215 23240980 25114147 21862352 23357266 24538350 22895768 22041902 22245572 22702857 22842049 24708286 23860400 24753406 24047317 
27685980 22842462 27887011 28655170 24055415 26306863 26993310 26631987 25683106 28344851 25812609 24759266 28223943 25210831 27579651 25027561 27163851 24604492 25255186 25365910 25799798 25247129 23863496 24847921 29896827 28172489 23780992 25682523 22811783 24410500 24913738 27168878 24746285 26583039 27278746 23227569 28078418 27638430 24853781 29189655 26093503 27129438 24592783 23679574 21601750 26679133 23153612 25062832 25430060 26274978 26384756 29289568 25390172 25611087 25284636 27971915 27573366 27813329 24933896 25809476 24959700 25306338 26101289 26746012 24902186 26367361 25551314 24991960 22797736 24596655 23219135 22543167 28345331 25480798 26439617 22595042 28413383 27926947 23894472 26478969 25401788 26025781 23475323 25424602 25740575 27715700 26001801 27663543 23937257 24122052 25308868 24910259 25436669 23928227 26105289 24628970 27037861 26635315 29211256 27404004 
26202726 20129221 24291468 24536758 21808033 26052574 26540029 23095209 24190407 27889868 24125995 25332341 23287502 21822151 23368580 23704904 25947323 23492559 23168475 21951859 22186589 23423827 22781443 24814771 25889880 24903331 21610794 22097553 20987973 22269204 22237305 25946330 24329171 26636231 24013985 21885919 23861569 23545303 21823391 27261918 22559566 25992024 20868369 23426887 19907860 23349297 22088484 25831088 23876828 25597410 24849891 25045772 22747676 23976379 23809320 25588588 24856390 26761361 23806274 24508651 21752939 23775375 22115594 22843498 21336673 24352656 22550141 24869872 23006234 23029386 21438143 20555504 26011144 22601513 24862914 20178951 26605644 24996680 23733736 23914517 23492726 24609358 20934018 23288906 24276148 25950710 25808765 25572964 22613991 23523616 24451021 24128951 23708274 21216593 22617591 22233398 24798087 25093728 25393116 24707800 
28031436 23047594 30280463 26388208 24632074 27670586 29944432 24685722 27022252 30201653 28440847 26207703 28065763 25246869 27693087 25777486 28923837 27262796 24760531 26523353 25059940 26190988 24999456 27121038 28958576 27983101 25975220 24656733 24426346 25591306 26375510 28427403 27657859 30443446 27751314 23188819 28430501 27339804 26200931 29782917 27253632 29533860 26831375 26967034 22526031 28186836 23888458 29545697 27050624 27634197 29302452 28483741 25383746 26175383 26150348 30253742 27743659 29196163 26580817 28182352 26288760 26078835 26829835 28185567 24769323 27722037 25826240 26497351 24387458 26845199 25445812 24295692 29501927 25335299 28267073 19619023 31414437 27419790 27635079 28707734 27575632 28407216 24467043 26511687 27225372 27703858 26493519 28577442 23597551 26439355 26348914 24998245 25553087 25252778 27012367 26162522 27640724 28248338 28150088 27778714 
26128813 23647555 26036356 26143930 22317312 26865752 28451918 24150891 24510915 28120638 24389287 24997989 27003978 25267536 26469858 24810600 27472899 24904307 23997592 25778367 24813941 25117587 24150722 26048456 27748481 26065169 23370412 25762508 22205422 24897581 25523718 27054351 26835700 28101672 25053933 21455791 26440391 25832326 24993739 27378900 25770890 27461532 23780091 26749234 22929624 26035871 23234216 27599911 24743174 25867141 26561627 26947454 26139001 25489705 24670401 27575092 26746436 29060118 26010300 26522905 25450397 25102405 24515482 24572166 22189785 25896710 25975318 25453318 22053221 24440871 25223885 24261271 27794485 23917906 27651281 21945383 28089009 26440923 25993177 26762987 24927852 26521050 20559347 24651654 26366482 26316839 26726196 26962427 22874422 24528580 25844931 23180693 26462730 23849953 25754301 25780314 25664089 26653505 26972301 26435295 
29365335 23163713 30094503 28546524 25543534 28763439 30534666 25814850 27400750 29617229 27355220 27686072 28442246 28245392 27849727 25295084 30633342 27073330 27989885 28832410 27121900 25673850 26121760 27875242 30850371 28907005 26564448 26236848 25397381 25809851 28736680 29210804 29320862 29198454 28659221 25520742 27739094 27145991 25187938 32317620 27659022 28509231 27741517 26670122 23657213 27136123 23759481 29398439 27792760 29152571 29408257 28241742 29466733 28088870 27940910 29464779 28522797 30292492 25408582 28545360 27325382 27671442 28561395 26659752 25303985 29417228 27453517 27293413 24444433 27620875 25661191 24538302 29933234 26609290 29178403 23169522 31094612 28372527 29188261 27549272 28814733 27012847 23752288 27539616 27852478 28515963 29922153 29606086 24954923 26510654 28237529 27415567 28397155 26881956 25528046 26951814 27930164 29883020 30074561 28922007 
29103982 23069909 28743526 27695143 25461543 27845717 31469400 26127541 27434966 29506734 28842335 25770000 29861359 26177622 27282791 24495794 28527024 26980723 26147408 25794386 25719105 26042166 24418053 26211646 30854198 28807337 27415879 27086671 24931796 26592099 27941957 27751414 28380709 29435396 28856944 23945617 27338782 28468159 25982127 29576239 27654741 28229364 27901851 27368395 23639370 26942394 24539371 29024424 26926153 29090827 27882777 28668341 25931621 24750962 25022869 30351605 28209089 29521696 24038592 27824671 26600176 25122773 27034510 28681549 25125762 28492753 26665836 26681645 24452227 27359598 26625427 25123717 29392028 27426411 28393156 21808817 29592336 28696823 26950224 26870891 26983172 28057488 23152991 26446735 26744929 28247003 28176438 28688725 23718874 25315131 27044375 27223030 26931696 25489079 26617994 27730057 28827594 27052110 29468451 27707249 
26914654 21570524 24252767 25912217 22963179 26082011 26076359 22893923 24076673 27510434 25279832 23330580 25767589 25124981 24356959 24636186 27065992 24843035 24278501 26349695 24307109 23492750 21872589 22979504 26093225 26524626 22934057 23728282 21352937 23180153 22466924 25848398 24919155 26688512 24423973 22385323 25278465 25175178 24206604 28928971 23138283 25042796 23130343 24732704 21032328 24155857 23374236 26203201 24395157 25992885 25835450 26384671 25146083 24690586 24344651 26070181 26160733 28777699 23996851 25495831 22305571 24013123 24067280 24688832 22751826 24649526 23109396 25010301 22755577 23508889 22940624 21008668 25155481 25020121 26329671 19852773 27722776 26496223 24947946 25403780 24193945 26952886 20525778 24105898 24217660 25599015 26576845 26243547 24455338 23585433 25675906 22993765 24620844 21775796 22941680 23608601 26799497 26402080 26716070 25408843 
29414236 25309804 27606451 27211445 26151043 29039781 30046768 26120844 27425338 30320240 28304221 26277614 28983264 26061956 28222999 27169027 29197924 27345439 26864844 28410994 27434646 26752221 25855807 27607437 29868880 27863045 26580875 26908055 24216475 26612871 27695527 28290179 28011965 30242724 27851591 23954689 28219032 27908217 25999449 31569319 27415621 29653658 26778343 27959428 23834760 26191748 24530725 28954791 27741090 27144180 28854154 28524434 27198868 26237332 26749292 28738768 28912055 29264417 25917694 29989710 26854849 28001556 26662048 25479037 24715741 27210840 26638060 27399349 23814284 27716413 26342618 24058834 30352773 26644981 29219518 23310905 30820101 28901738 27204995 29253601 26430042 29255401 25839413 25539962 27193634 27730572 29668294 30580064 26049518 26552192 29556200 27912494 26259128 26920132 26604310 28089201 27798915 27945686 29938884 28978198 
26008064 20886291 25540794 23974464 22153326 24408744 25521018 22050240 24705672 27165565 23700138 22613834 25532090 23143453 23027946 22818123 24945528 23001775 22047233 23974214 23839941 21856841 22610124 22635042 24248873 24254389 20781680 21093626 19293449 22088802 23041862 23116130 22376162 25967904 24644487 20130636 24496736 26158331 22317778 25400372 23015967 25442309 22896447 22455969 19401616 21958366 20306980 25019186 23169344 23459849 24703949 25746445 22493314 23013452 23506386 24215880 25889945 25758789 22042161 23824088 21547129 22746118 23049196 23716234 23408296 23722755 23829793 22421297 20771825 20980924 23558848 20986465 24396609 23643956 24144694 19727352 25697294 25579781 23302765 23744222 21824190 23616152 19961509 23175300 24252202 23663677 24083863 25716954 21176540 22516250 24573127 20472025 23533103 21802593 21806205 23041404 24358810 25374596 25453120 23044268 
26584122 22858968 26311703 25426956 22458976 24297107 25729074 23040956 24629489 27857033 23052982 23817941 26036171 22873852 25324651 22935369 26512565 23254885 22946313 24884109 25078252 23685442 23190515 24518009 26168037 26487189 23229125 22936558 21389751 23050370 23634602 26553814 24162084 27726993 24972244 21764174 25804292 26536124 24490179 27498371 24560462 25554241 21784741 26165931 21093877 24186385 21927047 25793686 25310778 24440071 24477373 24817276 24089247 23308789 23581790 26243142 26367360 26860919 23510319 25636036 25177628 23109832 24676548 23796639 22456760 23658731 24471677 25061534 21904190 23420286 23190165 21529815 27307334 23743908 28172203 20793630 26277804 25450147 25291146 25525968 23026740 25744166 23612559 24543121 24185282 25093187 23935054 26252496 23822235 22324527 23917442 22957235 25416223 22858136 23969046 24238889 24874670 26547260 26061437 25950966 
29484073 23530246 28374487 26474068 25541535 28487906 29695470 24458041 27657855 29219874 27593022 25039122 30093855 25550848 27768797 22913407 29262512 26206237 25006973 26690521 26785978 25480368 22764650 25759087 30015811 28155732 25823559 25222790 24061966 26161474 26913346 28259611 27428541 28223408 26481947 22422509 28652466 27514415 25685237 29638721 27142009 28315465 26150616 27930959 22472023 26001841 24945546 27819632 25996222 28451102 25884202 29344575 26420971 26881934 25903922 29511043 26744109 30053566 27342337 25791533 24201032 26962642 25985948 28346403 24731053 27864879 24842941 25993631 24264977 27146526 25894883 24431369 28209334 25574043 26815143 21328765 29340664 26695366 25713315 25800560 27109139 26712369 23399679 23691363 26650342 28439083 26735580 28966659 23915535 25502192 27194024 25847706 27011479 24585583 26226015 24174124 27051351 25988071 28538027 26915986 
24217583 21960582 24620240 23105895 22855937 22337834 23253188 21936134 22868342 24627731 23576009 21394774 24476412 21720618 22681243 21008488 24663801 20397681 22552618 23715128 23443386 22686634 21785300 20778046 24783139 24771890 21325718 23041480 20079210 21266119 22661609 24454923 22806059 24157041 22709486 17970851 24863923 23737458 20601791 24514287 23424317 23224984 21687323 23647642 18931293 23173869 21212892 23381936 23941894 23181832 23732729 23410425 22633243 21699603 20910469 24413888 24247773 24551472 22120775 22469596 22505625 22531410 23345241 22412984 21172266 24329271 21669917 21758213 21288810 23228981 22733620 20418957 25016494 22812252 24639582 18599376 23442844 23919136 24182956 21282602 22003851 23982515 20874292 21885347 22378931 25022673 23283363 23678920 19752621 22576485 22755456 21933677 22614370 22254198 23590002 23120238 23332624 23937459 23486147 22645245 
28451629 21911016 27445168 26336905 24694336 24208978 27046922 24871423 24998005 28145046 25438682 24579216 27729705 24668700 26301069 23289254 27015661 24695061 23585129 26796493 24265396 24028084 22313640 23946738 28777283 28118281 22912318 24183877 21147276 24645907 24863138 26297795 25830320 27955144 25777864 21464796 26442651 26916540 24028282 27393965 25170994 25732582 23560820 25417698 21586082 24623239 21985212 25505719 25771311 25883711 24890421 27244480 24753700 24560174 23282060 27960911 26625808 27032323 24256076 26274208 24250499 25068137 25497841 24356964 23922505 24651697 23465874 24740425 22719128 25225914 23126697 22666445 27156725 25509076 26856648 21820500 26880076 27245919 26572505 25193387 24455850 25944690 21825435 25190343 24184053 26163766 25267228 27599409 22922533 22799977 25783844 24497980 25841728 23723194 24084712 24404612 25315163 26789337 26970784 25103645 
28125339 23119822 25839309 26510452 24872791 26106854 29715525 23320837 26056737 29068843 26262908 25529967 26838476 23162221 26078669 22977511 27567977 23669539 24318617 24804459 24340373 24843513 21811856 24824142 27281590 25772113 23952469 25335495 22055470 23808211 24261990 26232536 26290072 26090767 24855038 21159019 27005836 25486324 23734155 28063266 25597342 26842498 24946185 24673426 20543096 25145567 23796802 26606120 25701094 25592050 27024704 28417296 23151921 25804337 24452383 26278037 26526906 28071755 25348209 25893765 21702898 24362410 25491442 25828895 24607325 26035695 23492173 23993871 21440731 26488069 22888212 22623947 26678705 23998559 26587193 23249436 27931304 26323379 23653746 25493835 25813173 25798634 21812416 23953335 24392262 25382835 27381854 27397738 24174554 24496565 25831175 25714599 26221922 22082898 25756808 24145288 25718688 26331796 26097216 26918167 
27687298 24978029 26353405 26828482 26759995 24728660 28089434 26892162 27532178 30451641 26398441 25126150 27661248 25317614 26056884 24555241 26948915 24597412 24793952 27406072 26674141 24744592 24093546 24706300 27725394 27609310 24136664 24292676 23132965 24362351 24955378 27606273 26583444 29041126 25862964 22108810 27671262 26770852 24850956 28239463 26291926 28919036 25550170 27530563 22360510 26791387 24059320 27605701 26262449 26084396 27483726 28922965 24709473 26175693 24032527 27726549 27910106 29271630 25966458 26631683 24350572 25347212 24104299 25706913 25053905 26020303 23809563 26983735 22546883 26849655 24158498 23399376 27572894 23810337 28357218 21617392 29601178 28503995 26817752 27832507 24751618 28771079 22657895 24117716 25764940 25610857 26450423 27175795 24989290 23419241 26987141 23347674 26933889 22550716 25344588 25679668 28367190 28583072 27190167 26318292 
30572418 21895591 27065994 27491974 23195829 26164680 31187165 24710589 26055851 28737813 27827915 25596916 25817436 25769981 27512227 25554738 27805109 26005331 24346135 27189541 25702057 25250061 24239585 26016744 30149604 28011319 23738510 25715576 23425931 25245660 24111504 25202041 27217082 29777401 27620066 24647005 26862834 27020344 25843793 29482038 25620949 27912450 25811950 27816215 21683578 27242253 23982919 28533252 26347613 28306832 27142988 30179994 26002848 28245085 26357156 27326973 26429907 29527505 25400418 26382100 23737433 26066371 26541879 26405342 23556833 27744304 25823108 25324018 23503914 26905543 25093855 21870143 28913503 25625757 28115448 24085491 28887166 28120603 25291377 25503248 26304260 28541314 23827040 25028506 25914608 27315609 27887819 28033260 24400501 25568828 26736733 25710081 25414538 24849425 26267257 24303778 26895566 25858487 27880283 27576405 
27143143 22970997 24933397 24858261 23850359 23667503 27895030 23024942 24434486 28716992 24273441 24886262 25703513 23617532 25437576 23705202 24323941 24047093 22405788 24351064 24547043 21511968 22284650 23563292 29466281 25834852 23003140 21900592 23204181 22729222 24655979 24305563 26652367 27176256 25266960 20456048 24502557 26148086 25040343 29803784 23000750 26842339 22774577 24784503 22214971 24895824 24092394 25574684 24880162 24869162 26846604 26782850 24047334 25071081 24315589 26875788 26552010 27766527 24335991 25436557 24058059 23026937 22774602 24800116 22839725 25205604 23758041 25566701 22664037 24430985 20955374 21466251 26744017 23468137 25906230 20855084 27760781 27485409 23224929 25193405 25770058 26306340 20979468 24616176 25174337 23738181 24359988 27049582 22731781 21667312 24440953 22853989 25183746 23786153 22499600 22021130 26132008 23648540 26746989 25165161 
28287499 24088615 28065767 27229283 24710120 27543857 30636875 25384654 26343396 30197547 28015975 26267604 29013874 26297772 27825172 25627768 29762547 26377617 26640707 27492665 24718713 26863187 23896636 28369424 30455638 28367305 25514083 26828009 22591591 26205327 26803857 28359566 26579199 28699487 27916209 24095071 27987731 27261197 25386652 30761595 27444302 28789796 27151240 26939774 25079755 26459584 25983771 29565967 25895337 29662723 28561272 28782939 27351172 26770502 27917779 30768235 29034279 30009303 26060522 29131065 26041285 26334733 26622096 28214323 25357541 28592290 25882095 25425460 23429367 27212528 24731716 24702329 30141905 25115785 28194185 23884030 30494525 28474623 26507582 28190589 27333272 29520577 24056808 26253655 26033140 27973459 27934078 29358228 25759914 26555500 27597277 25248214 27203557 25220942 27549088 26590300 27808124 27913299 30258841 29086790 
26262561 20049635 25407491 25888587 22847882 25536597 27876525 24425184 24851844 24770978 25342424 24507953 25418454 24098207 25192300 22390753 26728254 26307094 22499923 24470321 24538600 24146549 23057247 24429876 26904201 25279215 23295362 24750748 21168115 24542433 24323115 24632003 25022361 27309638 25731485 21582313 23789760 25515404 22715698 27493776 23928103 25823353 23900706 25504561 21930897 24507144 23698501 27140281 24330984 26490926 27203559 26835189 23456394 23670173 24385445 27299107 25308997 27439626 23086869 25435766 23932166 22953603 25503903 26547631 23597145 25216174 24766455 24990558 20270918 25017972 23292942 21644792 26721344 22565179 26483478 20705996 26909610 24000059 24382633 24159069 24591515 25563466 21209712 24013537 24954428 26290340 25360058 26720851 22750641 24464724 23823769 23831188 24335446 22334075 23988790 23399884 25488625 26416574 26140973 25472167 
29891971 24230212 26500388 26950987 26491259 27881805 30164731 26394140 26014761 30604418 26945340 25963022 28812324 27603671 27716723 25458553 30089234 27077620 24426857 27270891 26245421 26312910 24330897 25638787 29980543 27882931 25011498 25624699 22078376 26829580 26976612 27930161 25971793 29686577 26420140 23528696 28378115 27624800 27773056 30010477 26671699 27003049 25536318 27050604 23590600 25750657 23396327 29300914 26305030 29678468 26459492 28777603 26851687 25439490 25370953 29398313 28113852 29602513 26015224 28263378 24772653 26170306 27116461 27444699 26028436 26383387 26059946 25767531 23753396 27076381 24083375 23667971 28590948 25258764 30421100 22672486 29068546 26809296 26225800 28404762 27100770 28010136 23851353 26483058 25880509 27806358 27310811 30212873 25729130 24278742 26669273 24610280 27567475 24759702 25475895 25123014 27604362 28813426 27927258 27815966 
24250390 20959828 21561472 24047666 20281286 24239893 23446402 21656405 22844708 24464698 23624825 20202224 23717775 21831454 23174938 19522073 25467083 23168824 21643986 23428784 20956513 23282289 20929863 21765638 25694008 22009897 20382600 22633469 19043889 20469424 22851986 22772008 23323935 22524242 24171901 19245577 23160658 23637345 21686937 25855619 22539167 23949097 21785416 23365072 20759008 20329318 22103048 22508009 21838273 24769731 22838467 23317785 22640702 22402648 20726734 22852064 23743489 23899333 21784770 22954454 21308238 21089428 22881293 23688428 20715989 21082629 23181057 22702852 19126325 23538518 22299885 18550694 24540213 21648511 22110462 19978535 25135293 23292445 21251572 22047783 21184153 23993533 21393309 22343465 23094754 23913408 22745704 23806019 21214967 22313753 22630638 22424258 22575299 21114038 20565583 20629461 25471262 22849787 24572961 23295562 
26420307 22144148 24873052 26558004 24430709 27120974 27033152 26802335 25852500 27591379 25437974 24226704 26506214 23558742 26851437 23645862 27612951 26084617 23481353 24713542 25771094 24996007 23963942 24749234 27348877 26961262 23671456 22737006 21711102 24717416 24433173 26432834 25170872 27210105 26381064 21478589 26178020 25537334 23735797 29435620 25493399 26971767 24014731 26143997 20142146 24165973 22769597 26349679 25787992 25495913 24654450 26331092 24587544 25540633 24694328 27108718 24566367 27365317 23940766 25201232 24688175 23442198 26115847 24768666 24451124 25570177 25363664 23817118 22217460 25079149 23050870 22520717 26489314 23174048 27051455 20461195 28278505 26465994 24886748 25389887 23406785 25746014 22598373 23489594 25612968 25568457 25446934 26670939 22522592 23820221 25276931 23850113 25908573 23593591 22829367 25033580 26099145 26821271 27235452 25171340 
25781187 21579009 25639869 25554479 23103366 24868649 27626926 22779623 25387759 27389529 26310957 23895492 25423551 24980901 26461190 23002042 25947556 22979384 24068311 25042922 23902002 22315368 23567003 24401699 25204189 26933743 23219246 23561855 20385778 22983167 24034027 25531238 25975364 26904723 25420592 22864524 25970960 25829707 24426338 26415349 24522052 26011382 23656283 24024989 20359282 24741805 20232399 27818783 23519039 25197731 26059328 28175467 22916288 24493169 25130483 27536166 25184712 25948005 23382861 25571159 24465303 25270958 24952876 25363519 22086390 25229564 25178157 24244065 21788794 23540150 23125526 21042488 26775735 24738446 26600784 20876363 27619369 26953609 26167263 24525769 23258627 26840431 22442138 24713000 23235293 27166219 25191486 25782663 21895077 22379254 24882337 22615787 24616413 22579353 23445636 25079012 25575310 25855672 27156446 25624295 
27392475 21482915 28161480 26227573 25377708 27630243 27988026 25160811 27081018 29427908 27010647 25508827 27717501 24713563 28450489 24349128 27823539 25057266 24320084 25669356 24428335 24689139 23056872 27148387 30651328 27819813 24481739 23890011 22871946 25561615 27046950 27943372 25748780 28561645 26715723 21511080 27335595 28428533 24243048 28041166 25216064 29566894 25236096 25591854 22405701 25228401 23836415 27936327 24222347 28572727 26392828 28577231 25619674 26536004 25286538 30695284 27232428 29908867 25675377 27849309 24906454 26538757 25207858 26999565 24691513 27501354 25447735 25265875 23529726 25412876 24452939 23773665 28702054 24756289 27387002 20847511 30283529 26086225 24904060 27173516 26376695 26956147 22702972 25827946 26041741 26217700 26944230 29100979 22896892 24608298 25235306 25097961 25193351 24072063 25559570 26260700 27280035 25936585 29279071 26858836 
26669365 21751504 24308206 25923455 22638001 25249058 27906270 23483373 25637095 27163874 26852766 23878087 26611414 23643886 25268984 22260575 25897753 22063410 24710584 24859381 23887105 23953003 21849321 25414379 25783516 26645208 22736247 24220800 22480267 23502920 24012871 25914808 26426031 26568475 24727088 21793873 24131887 24888427 23995784 25707667 26983675 26714706 23310448 25138513 19839412 24958883 21830479 25638292 23912496 26750495 24247627 28798914 23400988 24631052 24211068 28255698 25920224 28106057 23589474 25308815 22859775 25028943 25282507 24565205 24325723 24981267 21355335 23756193 21328723 25597612 22940687 24354648 24581836 22885569 27417520 21755915 27456953 25675689 24743696 25654475 23743180 25794061 21155928 24010854 23426750 25952064 25566800 26248888 22429570 23729865 24860217 24114699 25411585 22508353 23574430 25929332 25888956 25443851 24782369 25559969 
27365967 21655573 25480924 24765505 22272458 25105211 26904557 21430079 24901005 26589096 25092379 23630284 27073152 23290261 25053343 22650670 26558792 22041842 21895805 24384067 23662215 23848406 23229289 23465845 26411145 25491209 21650831 23088297 20550703 22473468 23741905 26534850 23575516 25048328 24280550 20790662 24939377 26650732 22053738 26461345 24929927 24722483 22649598 23216758 20883813 23143195 22484285 25476028 24280710 25370162 24055525 25243518 23071948 22464891 23261253 27025528 25816696 27267691 24519667 24715782 22907368 24529147 23595803 24567110 22464276 25129880 23843392 22832157 22338906 23314606 22446606 22237316 25785337 23708950 24485481 20973242 26706439 26411927 24056942 24276309 23778991 24863232 20303554 23467469 24769184 24884624 25566000 26290753 22258663 21885962 22987261 21763254 24678026 22175449 24276087 24135942 24940201 24979133 26125365 25272497 
28799649 22176000 25100369 25647566 23209818 23752315 29236064 23347482 26694946 26262057 25969396 24188082 26664130 22548311 26267448 22249327 27385680 24251344 22731831 23744888 25307687 24016327 22132849 24351001 27369426 26521806 23977219 25601850 21308621 24275531 24591791 25074807 25840548 26523977 27237284 21627607 25570842 25394385 23515295 28413099 26401372 27109491 24805394 26184246 20803625 23808130 23325149 26797160 26270292 26648647 25652931 26565188 23462077 26022339 22801848 27788019 27009387 27426134 23408825 25137821 23485512 24347578 24214176 25082470 23581643 27802063 23982659 24147191 21360043 26436944 24417373 23514457 26800698 24129508 26621172 20620944 27327383 25290370 25477250 23831534 25827323 26509149 21913382 22262091 24984108 25684129 26471535 28519458 23434995 24051082 25770735 22879615 25874724 22429349 24414002 24827381 25291426 24999920 25471332 26178884 
25486783 21638345 24888573 25026445 23711376 25064058 25941247 24471460 23929302 28442174 25285993 23626358 25832207 24795500 27303974 22956266 25875890 25039025 24244052 26667611 25059301 25023079 24069327 24237403 27494461 27137974 22488869 23705500 21194482 23465849 23876958 28058020 25136319 26811360 24568036 21488412 26299557 26518326 25611969 27173884 25918732 27111873 22526369 24839032 22738939 24194168 23295806 26676056 24863671 27084594 24961175 26771869 25325398 25320926 23839876 27452802 25793971 27732465 24688760 25516607 24127335 24201830 25374168 24922969 23545613 25049556 24150122 24986387 22193308 23992001 23165154 22431631 26005771 24841698 26819119 20700109 28503242 25759274 26048344 25156728 24540041 25215574 22891062 25188368 22897509 26613082 24402802 27366871 23247246 23506959 25528490 22211750 24838285 23172158 22628805 24876628 27005714 26079440 25178378 24099998 
25951225 20801344 24409803 23667707 22113516 24015201 24716946 22388670 23951659 27581836 25201209 22070179 26002873 23542862 23949412 21282138 24132953 21712266 21390547 24985855 23519727 22750272 20829443 23344757 26992278 24545927 22897828 21854775 20737068 22296764 23875989 25162469 24317992 26165422 23695291 20414757 24805155 25252459 22463566 26279075 22929506 23614341 22436279 25696129 22729022 23630441 23593571 26231960 25590410 25021687 23907970 25572772 23532147 23890762 21530651 25869203 24340320 27408760 22668551 24633066 20915328 22756135 23852957 24421103 22188151 25840050 22398932 21987175 22860116 22510582 21181367 21842818 26952169 23098817 25983429 19356306 25798489 25111042 23762846 22890117 23352789 25090403 20091268 22453658 24814502 24915667 23432988 25502917 21196553 22150465 23342617 21756996 25165107 22988432 25040168 21598240 22864663 24103991 23593830 26238402 
27286402 21803835 27369119 26581260 23740227 26249297 28209824 25278873 24770561 26589925 26894353 24216999 27460066 25016959 26536950 24102171 28301064 25262831 23848186 26090162 25409968 24258214 22718609 25941682 28364516 26575133 25279839 25650550 21621792 23602500 24573020 26401989 25137562 28549373 25729352 23046711 26754636 26015707 23267382 28017146 25979409 25647696 24931932 26251098 21229046 27370020 22652527 27309768 25947965 26728083 26316198 27154454 25411217 25361237 25284017 27763106 25388316 28071968 25287913 25386874 24802897 25582671 24199350 25648119 23416098 26857010 24674731 24213121 21755400 25812448 24818171 22222074 27827331 24735535 27264153 21961836 28656140 26546145 24930221 26108474 25808028 26470914 21642356 24381906 25565801 27522587 27144547 26175997 23478435 23732583 25992303 23819153 26043100 24095728 25244856 25221870 25930466 26539698 27484050 26649516 
25156248 18480994 23734652 23939843 22241341 24496565 25255079 22770917 23188229 25873710 23314932 23508723 26081210 22972720 23293444 22050600 25354614 23899165 21865627 25579135 24065779 23588910 20767961 23797270 25194438 25472455 23552706 23013113 19558156 21430471 21872690 26444168 23293925 24408253 23710657 19944210 25802472 24216237 21647434 26082010 23427216 25025038 22088263 23128531 20671607 22089464 22628663 24406272 23888240 23757331 26484972 25617165 22634135 23463551 22667707 26892253 25069803 25724608 23018369 23801988 22473431 23320948 21819320 23491947 21510375 23903190 23662601 24071936 20757709 22259333 20862768 21591362 24364616 24372004 24923202 20380620 25966012 24636558 23052968 24245790 22414788 24291630 18982042 22231580 23876967 24750538 24525194 24660696 22697209 23401856 25128543 22493172 22816669 22040831 23262608 23968315 23750039 24733922 25637098 25010808 
25477817 19520270 23085647 23264089 22186786 23075784 27835418 21672995 25229363 24859837 24162408 23159759 23269556 22909354 22866210 20942503 25732055 22819589 22522085 25311284 24015505 23464934 21455741 23080560 26094527 24733998 23343717 23018325 20730761 22795387 24691626 24202310 24234514 25592649 23695652 21403224 23696105 23815982 21707744 25239447 23499114 23870268 24747441 24253742 20103109 22750436 21259383 25959706 23234699 26546672 23895350 25165271 21271345 22459738 21605935 26833679 24181872 26318871 21791270 24047976 23418068 22997562 25052311 23951484 22741016 23997659 21072225 23274541 20382809 23662741 23511190 21535068 24522235 22953578 25093343 20135661 25262606 23523124 24603201 23360818 22472104 25328552 21043923 23657735 22252118 24684095 24584264 24708955 21938454 20907698 21907798 22884298 22992902 20525165 23130480 23214448 23641618 24033383 25042542 24393576 
25223359 21667509 26749880 26300563 24054406 25996704 27018650 23069648 24068655 28446662 25707061 23848734 25408069 24550349 26046922 23520315 27111564 23305537 22743843 25986391 24683053 23027944 23592732 25669711 29191653 27549364 22885328 24254739 22323646 23885020 25219645 27396920 25264396 28125844 25625387 21266801 25855144 27302841 25372604 26680313 24119245 28406981 25571790 25633528 22717497 26818995 22909789 26752852 25042075 27420732 26401155 27349118 26200474 25591701 25843994 29751183 26426993 28508483 24818641 23955690 25298850 24210971 25475596 26582355 23515320 26731981 24966131 24550172 22008937 24772025 23923119 22771720 28435715 23196089 27590051 20617474 29284510 25897072 25739231 25264533 25183201 26880505 23312842 25854138 24793986 25033290 25145135 26927441 22506213 23848917 26145074 23673262 25709245 24011347 23863171 23907184 25648009 25552728 26509854 25234994 
26015402 23848236 24042993 25312497 23479816 26102046 26919365 24433808 25644931 27872801 22895809 22832411 25048285 23599014 23587183 23877367 26808098 23822616 24763104 25586540 25171347 24736891 23113206 24245531 26307620 25355440 24194037 24056826 23028942 22842472 24075410 25985360 26511496 26933423 24141935 21615904 25942270 25176974 23884081 28238197 24053770 26178474 23091817 24370924 21362546 23278569 23760198 25327449 24860494 24302225 26456730 26967794 24659390 24599902 24592483 25660849 26108902 26442960 24160316 25959079 23182920 24132049 23899683 23491558 22612018 24898640 24215382 25430150 22434294 23603337 23092486 23158731 27157030 23552522 26044580 21482649 28500576 24939565 25349830 25103751 23472587 27056426 20651225 23629182 23581748 25421439 25842081 25673602 23636764 22529439 26375153 22856221 23972285 22928966 23440467 24130813 26032533 28143136 26422004 24599127 
29186371 22610361 28620532 26927289 24581628 26647918 29178199 24733309 28053758 29587297 27110509 26496484 28027273 25831681 28605102 23693483 28951381 25374791 25680193 27060887 26920933 26685189 24398142 25799779 29011318 26895271 25821854 24835753 22669404 25826983 25210212 29074737 27153402 27955176 28008654 21913276 29105482 27875983 25201965 29461880 27535581 27737167 26536320 25818636 22565057 27643826 24809328 29526596 27435798 28424411 28343375 28886742 25409484 25478072 25950330 29868593 28274372 30423690 27324208 27927735 24432169 26809451 27057008 29196240 25203722 28010008 26707892 24671472 24978938 26254722 23571264 23057266 28510131 25946591 28551583 22039190 30692378 28203681 26825527 26731240 26972944 28617819 23856031 24958912 27290374 26622935 27046476 29285938 24229898 25927705 27371014 23748192 26602002 23931425 26778235 25211425 27921333 27045240 28277716 28562224 
24249936 19473673 20649826 21721249 19771874 23270647 23936232 19565046 21037053 24749463 22226674 19746188 24370196 18581250 22374756 20217029 21933317 20304081 19322445 22098522 21736019 20943907 20287245 21678930 24076052 23831557 20534047 20697318 19985681 21326019 22602274 23671471 22404387 23982839 21751591 17243324 21506250 23578927 22060274 23783095 21691342 23535879 20421773 22553557 20164154 21493140 22071713 22465101 22447875 22819206 20233574 22311600 20709622 19951208 20982783 25144910 22931087 24946608 22348567 22777466 20195804 22229390 19745255 21978571 20159950 23749502 21329356 20437152 20233047 21648937 21301893 19708898 22185493 21564970 24289115 18590158 23014034 22191348 20133063 21660950 21428445 23248794 21180818 21119903 21285325 22407325 21937956 24550022 20055654 20378406 21955547 20299574 22012840 20937240 20726255 22412850 22271166 22788137 23898437 22346682 
30079344 24970285 28228094 27985782 24662960 28712643 30747077 25966601 28134299 30078076 28753368 25900758 29984374 28230070 28494890 25998507 30193769 28473547 24436188 28099372 27843063 25572252 25019517 26346978 29950185 27512242 24893357 26815421 25349386 25641521 27633853 28432605 27321118 28951247 26584884 24505714 27403864 27406286 26622642 31371185 28293647 28760441 24878892 28736814 24188429 25970862 24370847 29308158 25692570 27369659 28745918 29577833 27440428 27567891 26473767 28268853 28772112 31718289 27738082 26795747 27684615 25739225 27311697 26924387 25932212 25006346 26045859 26738311 24348871 27379346 25109824 24482617 27730013 26237644 29637679 23099685 30935376 29523689 26557049 27400238 28243039 27826389 23514733 26272565 28624841 27831105 28209202 30427621 25779520 25444557 27208375 25832521 27332823 24048306 26013318 23877421 28287752 29677279 29221642 28000839 
28900781 24014055 26891550 26273694 25369664 29401815 29555454 26678873 26932374 30188179 26914465 26423184 27524172 25849596 27639557 25269657 29466498 26390902 26191186 26739852 25797536 25013531 24093949 25200213 29107908 27404807 23824805 26627011 23546339 28061837 26894337 27892571 26821952 27785309 27465700 23438537 28670226 26806584 25511764 30292205 27139870 28416142 26591125 26703654 20797514 26336168 24334598 28829214 26265509 29073249 26992710 30040223 25954716 26654227 26100569 29958005 26284394 28505056 25249067 26478346 23783467 26493149 26264027 27616342 25365826 27780747 26109422 25505510 25669643 26383767 24755618 24277553 29726957 25014503 28583612 22978337 30297725 28242331 25793345 26281254 26141528 28738608 24575198 26277273 27151476 28854809 26934341 29467067 22155737 24946438 27136793 26423132 26346721 24123277 24111456 25612304 28481624 26223386 29195099 26496365 
29165900 23693215 29300422 27212958 27049075 29142172 29093078 28509658 27523674 31025500 27972440 25771993 28948264 27376000 27227511 25859192 28681966 26846643 25730942 28184303 27281520 24957017 24553856 26203663 30156147 28919096 26950923 24530679 24042041 26504250 28494399 29039901 28613653 31421568 27341182 23508059 28691261 29837932 26349423 28982085 26515691 29011944 26086670 27401782 23253405 27576487 24719493 28602812 27990906 29160044 28848784 32035979 26821406 27440262 28606858 31600610 28810068 31990272 27827680 26034035 26055837 26894091 26542093 28231726 26078910 30206541 25970114 26861839 24154194 26151022 27443737 24390117 28976981 26102479 29828677 23216721 31578325 28731316 26784501 26895419 26790333 29182397 21794778 26002402 26673278 28998087 26812392 29627412 25978465 25483458 28527370 26802637 27225362 26407393 26496009 27144127 28260540 28365992 30266567 27880393 
29583544 23635344 29198103 28254086 26657776 27973557 29795247 25679339 28152727 31464114 28684773 26100477 30108236 27039839 28452802 26934519 29589307 27028930 25701745 29058324 26904044 27093256 25721765 25985719 29340322 30011614 26015273 27729258 23703330 27261650 25138392 29174761 27443804 29320119 28619742 23108302 30834635 28889900 26528394 29298086 27671198 31546656 26596584 28579251 24075302 27975024 24659784 29673900 26311874 28932955 29707262 30324197 27443551 27277819 28008334 30948948 28979479 30689068 27726322 28296257 25267965 27864891 27105634 27791302 25685184 29338736 25602818 26301531 23987588 28529492 24818089 25485763 29130437 25762897 29065365 23810737 31815004 28151242 28909343 28928817 26784869 30273851 23197487 26788560 27328713 28023210 29413405 29185998 25693051 26494463 27594620 26093923 28666164 25480776 27206309 28022182 28805601 27772678 28303923 28413695 
28060331 22865354 26092383 27277912 22641874 27298476 27816307 23282464 25498229 27938717 26664284 24276117 27689696 24051523 25867995 23016883 27190683 26581986 23565523 26726498 25015137 25713873 23777338 24418741 27875282 27180574 23707239 25121755 23414248 25343348 24713859 27327618 26745429 29071822 25147674 22272325 26071524 25990895 25881701 28530122 26473009 25673343 24545495 26641692 22069647 26829499 24492255 27705122 26777647 26293161 26115670 24896002 25198740 25201306 23111332 27276875 26437757 28377743 26110303 25863615 23224018 24217899 24561817 27249663 23413530 25232734 25497645 24557573 23880993 25974341 24234057 22599677 27097834 24693927 28293499 21142150 27766451 26889525 24993965 26235361 25664949 26879397 23565934 24718796 26805597 26291881 25682330 26939322 23718663 24410512 26117050 23848096 25563575 23806144 25062811 24477207 26134715 27160654 27787785 24459609 
26216656 21653283 23822601 24728100 23425418 24819708 27767344 24260506 24866796 27720206 25717480 23563883 26706078 25025923 25539537 23090559 26154409 23918517 21859143 25951303 25888066 25923627 22525272 24936591 25524748 27104874 23698462 23308155 21092339 22925142 24002928 27010608 24155149 26388370 23469185 21516196 26442220 26042078 24035491 28076365 25255985 25840352 23465404 25768228 21231470 23587811 24054724 27765925 25273964 26299447 24644089 27065820 23906265 24415678 23165879 28610116 25205917 27119247 24364284 26548018 23394493 23585792 23762752 25252291 24390369 25662933 23252680 24076921 22744903 24224895 22927878 22670915 26113306 23481587 27051316 21581570 29792740 25701687 24818244 26316943 23625824 28845408 22159153 24196979 23347464 25669561 23960771 25372652 23662719 22753521 26407045 24412551 25924404 22627123 23303786 24643289 25525406 25271663 26281950 26947111 
26378998 21503797 25954364 26030488 21859087 25340599 27271340 22406897 24952604 27140723 26098385 22965126 28619971 23654283 25211137 22664293 26839420 25421725 21946368 24944304 23543838 24235194 22287986 23954193 27585298 26373000 23187215 24950640 21383686 23059608 24181131 25151224 25135052 27252993 24432207 22514960 27416913 26397519 24322142 27034491 24562364 25773714 21709661 26722328 21313696 24071551 21952854 25217833 24248081 24533789 25141290 25325947 23969121 24368605 23675663 25028393 26700815 27333901 24035450 25238805 22813154 23614371 23453823 25691614 23453819 24197104 26307773 22939931 20952414 24066794 22997740 21752065 27082490 23786443 24439520 21377424 27262275 26399855 24617936 25583804 23612538 26355077 21661049 23696504 25935943 27001061 25671464 23874229 22542269 24115824 25149674 23883676 25711973 23192874 24847395 22977726 25926487 26074960 26054753 25693899 
26796131 24057159 28139388 26628051 23685395 27238469 28464241 26127767 25507976 27957077 26559341 23997981 28026473 25487189 26112052 25325284 28888600 25377407 23967080 27211650 26040828 26879613 23987957 25739320 28333059 27096277 24205988 24690587 22685196 22758097 26177870 26604447 25284082 29695490 26441614 23005222 28579865 27153394 24923492 29724084 26865461 26897033 24641793 26089114 23729080 25785175 23698455 28186773 24702469 26988330 27262964 26422309 26001592 24395981 24009001 28006564 27713373 27701064 27187340 27889268 24517530 25883505 23961492 26761063 25961047 26370328 24683554 25259355 23976948 25289834 25808648 23276818 31236863 24319511 27203290 22115181 30385999 28003883 25214033 27684142 25707689 28941578 22667876 24469766 25794306 27245809 26133628 26147317 25371591 25294874 28576370 25130403 25721149 24733051 25978272 24941408 26591434 28203063 29314505 26974332 
28930182 23022620 28944740 27255179 26176165 27295288 30478511 24622879 27259871 29871466 26409364 26942053 28742401 25353043 28396173 25854192 29920613 26337709 25090617 26102977 27191338 26969605 26087736 27429792 29561106 29114187 26593495 26190175 23616175 26253468 25567524 30144352 26926593 27698910 27183213 23355822 28631880 29139313 26823842 31161283 26181468 29179356 25825787 27028336 23440888 26833087 25149749 29818363 27558060 29521389 27200866 28720496 26583669 26388590 26678956 31671362 28727494 29101445 26788613 27157803 25355415 25077901 25587765 27865103 24243911 29245716 25953242 27325851 25024701 26399274 25659576 23797643 30009199 26535477 30471545 22853816 30416568 27399083 26767332 26158454 28238413 28915715 24272449 26986752 26251844 27834592 27694604 29528278 25132752 24399573 27246496 25969297 28620957 25240708 27099297 26561934 27432300 27276045 29146878 29228647 
25619410 22231346 25698546 25033325 23467902 25983064 27237625 22721830 23733152 26987603 24737268 25646327 26141734 23576129 27173698 22754282 25604476 23368621 22873758 26087907 23817536 24141040 22749915 24872869 26104250 24742534 23381928 24057090 22073569 23494385 24701243 25239190 26746709 27145661 24635098 21870835 23919603 25204446 24401400 25394966 24671222 26055008 22478584 23959499 21257463 25228787 23948475 26883776 26387180 25663588 28327928 26554774 24580567 24399115 24033760 26775247 26182551 27844287 23971978 25989124 23791496 24249574 24420352 25731276 21132897 24164666 25140252 25134044 21615148 24018955 21551395 22430264 27205653 25015983 25928260 23380454 27426614 26940171 25480000 24739289 24342915 26453345 20421013 24650280 24690410 26812304 25490060 25751447 23355871 22735125 24399699 22880807 25023946 23302558 24130698 24006807 23809580 24954428 25776368 24682642 
27833728 22330536 27427091 26068946 22235437 27684473 28206917 24461118 23874526 28863075 26008900 25631256 26297783 24279366 26551981 23561597 27212401 24216480 23265054 26143316 24473612 26313916 23476707 25803617 27084037 26688321 22005310 24687780 21746736 24302099 24316744 26687734 24941023 26958961 25581876 22294469 27001825 25050319 24772513 28056460 26123564 26162988 22947016 25135600 21354514 24782158 23902985 26510032 25692507 25873190 25201231 26359373 26064515 23924487 24977085 27957971 25854574 27615692 25340471 27107375 22704794 25531133 25127901 23934142 24828417 26162424 24563362 24856433 23048939 25079147 23638849 21948039 27281744 25129978 26697298 21808758 28217539 25498212 25987708 25328924 24210475 27107424 22313400 25374931 24465386 28275762 24808112 27204282 22677004 24514771 26519993 24453674 25223339 23248630 24149393 24154007 26038727 27138221 27333453 25939246 
26442991 21876005 24694097 25074874 23858267 25548800 28593906 23712469 25363383 26512794 26159038 23101857 26468478 23689136 24392762 21501097 26537713 23685014 21907270 24089006 23702172 23512183 23479067 23894827 27299432 25685187 24277299 23144443 20654086 24155964 25531466 25793680 25252051 26301992 26290543 21739363 26588558 25088668 24712711 28851428 23983794 25426258 25403231 26460993 20724292 24647376 22520968 27981593 23817082 25759502 24057458 24456297 24863007 23753242 24711372 25761364 24017608 25592866 22888857 25001464 23031955 23010043 25840899 26021150 22960696 25408264 25801106 24239123 21950887 24361236 23718101 22092930 26392172 22710871 26003658 19117038 26767258 25234801 24679823 25638087 24597793 24073094 21938498 23141671 25543671 25415533 24932759 27308001 22541311 21613533 24334901 23318393 25996622 23992334 24953887 24364608 25432725 25994322 26403716 25706662 
25858733 20054506 24189643 23599435 22045107 22610086 26936076 20938555 21909175 24658202 22505757 22831329 24016528 22051209 23784043 21812674 24564852 22377933 20165873 21342635 22207787 21749952 20905305 22286732 26379207 23801491 22009018 23231733 20843039 22457610 23577836 23685085 23323009 23165332 23760028 18526677 23638283 24437568 22101431 25653037 21611559 25431668 22480514 21810496 21456070 21739672 21054289 24583382 23292913 25179124 24114411 24615068 21914108 22259851 21945135 27122308 24079923 24084788 22362711 22957042 21648493 22531284 22382194 22708501 22311422 25324728 21072781 23134696 20447172 22728666 21011917 22264971 25357761 22473126 24121407 19402353 25160769 23209259 22660367 22316804 25256241 23232333 21216645 21473872 22566036 22852387 23551163 26111528 19856056 21999155 23431896 21830966 24395393 23049812 22217976 22435465 22274835 22425125 23835876 23394077 
25017337 19169623 21391564 22188071 22246813 23627920 23905808 20669905 22817753 23856699 22693374 22609063 23020662 21767423 21815215 22052773 23131959 21768596 21578691 23677630 22863476 22328634 20928117 22286896 22716376 23657889 19891235 21648930 18927205 21214107 22404408 22798203 23267469 22762141 22411718 19652561 22040588 22136810 20007899 24463063 21514962 24546075 21272320 22870882 18508865 21921644 20933489 24885216 22392154 23704147 23400965 23770588 21551406 22063835 20778458 23265777 23490535 25526513 21456281 23697056 21414216 21269244 23079594 22785950 21195880 22505439 21873341 21672287 19882905 21456472 20653066 19659891 23640200 21050456 25428853 17682905 24332438 23806802 23100775 20949124 22064697 23399455 19026110 21132276 21997606 23399292 23279783 23515328 19232671 22605326 23650535 22693047 23661720 19553704 20022482 21011218 22482552 23097788 21125627 22930248 
26356661 22434883 26728368 24558192 23594462 23828734 26518026 24211993 23824823 28304754 24701761 22981610 24719353 24196582 28001273 23454933 26539680 24971301 23227104 24709501 24798315 22971924 22706101 24134582 27446471 25103651 22276963 24498907 22649755 23659513 25167910 24604140 23919678 25145823 26502789 20259874 25611403 24257590 22330908 26980287 24517959 27847885 22734173 24286591 20645596 24232492 22192022 25226443 25474223 25567311 25552172 27507942 23946876 22369795 23536762 26892999 25527878 26676007 24697125 25598413 22833667 24491836 23844041 24351010 23712198 26283954 23379435 23528803 22729921 23935214 23413053 22148949 27047499 24068968 26249084 20726380 27068987 25174305 24273199 23483466 24028074 25102844 21835758 24304853 23742394 27452577 23315643 26750181 22102324 23402999 24699177 24462859 24415593 23893278 22608047 22649387 24341454 25778533 25442530 24201314 
25186852 20815130 23079820 23170185 21317242 23698779 25178079 20082398 23743540 25809921 22767748 22651457 25114069 20647185 22188733 21749736 23598236 20975591 21330081 23551363 23537528 21170309 21212264 22468113 25707514 23232038 21642705 21110649 21575427 21806549 22597216 23258700 24265355 24138893 22482661 19054483 26012933 24021486 21699373 25265464 22071056 25515753 21825679 23938167 19540337 22587193 21147140 26021096 23187522 22415944 23458421 23446043 21324696 23359661 21920720 23752854 23729528 25225657 23037850 23462424 21062471 22274496 21697895 22001728 20794778 23397511 21547652 22386356 21568848 23498373 21629827 20167870 24538411 20928409 24556908 19519227 24784767 24202547 22884471 22168756 22968653 23318328 21272838 21953356 23306680 24284445 25285706 24492469 19127429 21772599 22982113 21209704 22233076 21646050 21457331 21709195 23513224 23426783 24435099 23384552 
27037912 20183023 25770388 23488430 22687447 23649865 27779000 22072172 25025365 26525969 24587523 25196716 26517034 22115174 25287295 22463073 25262881 24290137 22404517 24606193 24941646 23711411 22626011 24471911 27407638 25915994 22307576 24149838 20834316 23598266 24171340 25493779 24685385 25309158 24770275 21666639 25804463 25037553 22121316 27120314 24568692 26032924 22429081 25710234 21543654 24643354 22476428 27991432 24746038 25834654 24420206 26408008 23127760 24929049 23403275 26749511 26213537 26137997 23614718 25104786 24487761 24466529 23892857 24899649 23288488 26414602 23213958 23320860 21945682 25296702 21968100 20754021 28033152 23551741 25371670 21476065 25028869 25837963 24519601 23247620 25532498 24412330 23438123 24664065 25230820 25943080 24626025 27298051 22024559 23441473 24366565 22739369 26256359 23208035 25066589 23071224 23890374 25318638 25657019 26069582 
28629724 24420976 27194963 26156780 23384679 28544563 28111263 24623053 26054864 28583789 26001470 24985424 28318643 25019470 27305043 24742177 28661068 26100084 25373187 24628455 24702557 25263639 23187061 25062882 30164263 25545595 24015109 26214288 22972446 26216707 25515617 28110449 26076765 29434243 26461052 22718654 28259390 27028525 25454867 29224569 27178614 26333387 24872135 26150598 23185999 24154235 23969565 27863047 25087791 27128379 26906892 27279235 24333531 24235216 24423940 27536436 26745719 29023234 25600943 26611944 24591005 25004517 25726715 26178514 23948928 26682341 26275255 24949308 24062397 26227292 25474418 23489041 30305147 25751021 26918485 22760102 28271016 26699014 24993081 27524601 24210693 26959272 22778494 24741966 25661993 26765187 27321791 27438071 23801122 24970474 26666332 24453035 23741850 23391929 26397502 25850244 26188706 26296640 27996422 25708398 
25267784 21533014 24274615 23158767 21477851 25285643 24768131 21408812 23255824 26772989 24731643 22451716 24554033 22802800 23954002 22930367 25261010 23444549 22506042 24339200 22748114 22890723 21914857 22670572 26047829 25014398 22343779 22293206 20598782 22024771 24368392 25846210 24164135 26404049 23864899 21602766 24451254 23899750 21913622 27942532 23820127 25101908 23899612 23495042 20765967 22982524 22355793 25300221 23809914 24295506 25804978 24766726 23723354 24091858 23182161 26149495 24128202 25763443 23698069 25072618 23345214 24709516 22987417 24552828 20668639 23563931 24040184 23634996 20900500 23487621 21332989 20877715 26002590 22425933 24578355 18179542 27476480 23725292 23719034 24308784 23611176 25921622 20994604 22192756 23829670 24742050 23790212 24936673 22394409 23399842 25529712 22504549 22903360 23272205 23766487 22747479 24485676 24843924 25521984 24506580 
27527977 23466822 25678622 27145147 24176971 25685367 28541000 26003975 27034328 28492939 25382845 24701489 27304297 24138057 26582939 22619079 29545427 26042562 25699907 26143787 25913744 25970838 22148845 25161922 28177822 26486197 24589216 25811578 23602646 25479277 24782032 26693711 26574425 26870953 26761070 22152053 28057380 25299895 24888741 27879017 26216651 27600849 24707147 26302565 20782821 24306346 23560259 27031059 25629871 27218895 26429682 27565025 25686386 25867665 24012444 27495002 27449570 28333035 24634145 24575929 23839730 25394021 25603914 25389102 24062013 26931371 25558305 25110621 23985030 26164245 23430919 24007619 28425718 25188198 27356781 23436324 27964049 26467199 24654733 26565722 25468872 26705044 23841575 23888686 26250420 26236753 26459574 28838177 25123708 24391717 26216266 25574824 26821215 21874606 25141949 25414493 26352314 27877733 27407404 26371113 
26026224 19923452 24343206 23986370 21666742 24026352 26613725 21369023 23209979 26859677 23453085 22702281 25922587 22616895 25114580 20131818 24595252 21785108 21657185 24079982 22872752 22768765 21059518 24282493 26027218 25519545 22559014 23071669 20927856 21450927 21640076 26136693 25465661 24675408 23297872 19661114 24130695 23785612 25133892 25052722 23556008 24364822 22865723 24003783 18625929 25893131 20987640 24374131 23739287 24691227 24741700 26550373 22347776 24376088 23675332 25580551 26147051 26510767 23395627 24173484 23831543 23808630 24274179 25273651 21377069 23492402 24011080 23193227 20270193 22616712 21277494 19914359 24032075 23601506 26279068 21255816 26221490 24194270 23718760 24717546 21875226 23958771 21848505 23747313 23899133 26055915 21710083 24710580 21222382 22089916 23047650 22299281 23345387 20952212 23444666 22784397 25227826 24235221 25089145 25707863 
27438405 22895870 26535694 26561697 23811214 25415582 27522074 25202227 25774862 27150311 25737203 24515472 26798787 24715663 27108480 23881472 27111104 24301856 24606399 25583482 26403763 26811089 23656312 25697351 29553067 26497817 24495945 25602349 22663240 25731115 26177217 27237590 26372450 29378270 26515898 21741685 27476251 27346001 24849455 28514180 26066043 26610812 23403607 25724247 21794465 25060397 24083149 27499813 25669005 27888502 26787430 27090322 25782740 23835327 25557381 28502871 25835128 29261161 25470869 25834694 24365020 26371391 24865635 26406993 24638517 27011106 25037274 24795566 22608598 24992382 25791157 24109238 27073106 25354442 27729331 22717292 28511798 25338102 25490702 25827200 24769043 28453850 22725538 26600181 24869896 27587826 27662456 27019443 22521829 24616772 25037671 24736149 25690797 23808690 25544568 25630674 26856928 27933656 27106918 26081764 
29546124 22837054 27321637 25666484 25545149 27542235 30178629 23021300 27890600 29763061 25014113 26631808 29855068 25872362 27772604 24331600 28152721 25918670 22532016 26536863 28247667 24929538 24673726 26348402 28559054 27589859 26490287 25702306 23088644 25409306 27172431 29369309 27569709 27809440 26999558 23573971 26785444 27357164 25193606 29573390 27446131 28922631 26340418 28862859 22753450 26280518 23454629 29023335 27382292 28255002 27484273 29151799 24914501 27649412 27120667 29913917 26032481 30817387 26068422 26735875 25740021 26224871 25522686 28235652 23821671 28136832 24766455 25796260 25220493 26416237 26623794 25490844 28186754 26181805 30220265 21241356 28704060 26860893 27304631 26740486 27028608 26837885 21777548 25372851 26689639 26399100 28747081 29390104 23389536 25202044 26789493 25295950 27831678 25061955 26891692 26704708 25991812 27693882 27525546 28452276 
24470875 19869892 23512489 23665363 21345074 23279806 23826621 21841418 22632173 25888322 22344569 21635435 24980177 22007219 22457575 20715655 23111761 21833497 23153272 24028924 23217866 21904954 18986604 22550624 25304709 25566897 22742626 19811346 19300806 20360212 21917037 24058103 22244096 25347217 22959431 20132534 25690605 23922807 23997825 25043076 22096459 24101646 20514145 21978743 19524527 23012706 20809908 24223080 21669662 22849653 22903057 24377038 21959241 22856161 22192933 23261797 24275122 25364254 21485459 23378750 21651712 21286340 21157963 23264406 21950000 22724190 23068202 22740972 20072580 21710668 20431542 19069572 24635845 21858140 24849551 19555154 24379760 24871920 23713023 24149032 22274334 23767685 20982423 22000524 21725969 24873379 22980958 23568021 21372954 21834738 21249889 19779318 22320662 21650641 22585641 21652141 24446250 24816721 25361712 23253305 
26871857 20871473 26271716 24408638 23253983 24275096 25759332 22382531 24302112 27489790 25299137 22725225 25268077 23165671 25867772 20776039 25533880 24779235 21595092 24279603 23390455 23432152 21556011 23534644 27670566 25960728 23770702 23802298 21087958 22537415 23472661 25413278 25979819 26542608 26464779 20351644 26268364 26499309 24231443 28570187 23594120 26727284 22436849 24970153 21883587 24243286 23317044 25929429 23236979 25619565 25770125 26616603 23763811 23728395 25389759 26337694 24671617 26628582 25529655 26200685 21104686 25231166 22216223 25787354 23178082 25545124 24565875 25105143 21318801 24289307 22338052 20491712 28466709 23675930 25523661 20431983 28289413 25858242 23894009 25724587 24816468 26242579 21204715 23799215 24176687 25653328 24809176 24397387 22155695 23588222 23611280 24426785 25147580 23591730 22999075 22386731 25909429 25506967 25238595 25822417 
28526234 23126254 26920714 26189801 25153206 28743670 27712951 25429907 26573939 28223618 27753323 25436404 28259884 25953964 26494078 26187454 28411353 26704875 26871767 27050683 25426409 25638492 24189136 25565113 27572044 28017882 24833244 24645672 22178800 25031565 25792572 28254784 26413965 29475318 26946011 22356721 28203004 27082087 24856032 28367770 25450435 27297638 25389378 26754758 22333785 25841660 24835882 27241856 24995513 26033365 26888419 28049706 25417164 26446227 26164792 29346413 27998225 29439355 26530299 26789197 24012115 26929194 24884066 27478218 24765258 25784852 25578563 25897582 23905428 26130318 25232766 24409266 28919963 24528080 28163279 21006082 29348968 28213699 24614689 26033855 25445662 26931528 23366790 25005371 25242528 27964321 27222380 29176984 24605999 27122533 28134486 25551028 23808584 25255859 25537323 26034065 27478682 26991288 29862675 26544598 
29111302 23110429 28154623 26944350 26098202 28881108 29477165 24669903 26977142 29251861 27076379 26605763 28247353 26625777 26446769 23672087 29810874 26911107 26448755 28084508 27250224 26082772 24930626 26633930 29282146 28824342 24181459 25439273 23368202 24748969 26425521 28201704 27719382 27890200 28028143 21666010 27179370 27468015 26299920 31772579 26868552 27183429 24997684 26536517 25366682 25693275 25319227 29353655 25795572 28296162 28634782 29202725 27840951 26508499 26149478 29741304 28548657 29907524 26991235 27195544 26040672 26463590 26772655 25762162 25506733 28860489 26866433 27330997 24569317 26171682 25868945 24043386 29180316 27000794 28384803 23517275 28812202 27490242 26934749 26532576 27045501 28397516 22233287 26228574 26932105 28460241 26736857 29972005 24253858 25492171 28383325 24917344 26378455 24064335 25101882 26168082 27913693 27870581 30236051 27458510 
25757270 22720083 26273795 27482899 22761679 27347610 28563063 22618047 25485107 28362890 24923237 25683778 28301981 25382799 25694700 23885630 26163746 25329465 23916735 25677318 23745334 25788826 24997945 26061686 27293681 25779884 23943866 23914623 23301166 24632522 27504638 26675354 26310721 27221867 25175652 22889583 25462105 25886642 23670910 28066068 26506659 26986234 24416592 25969009 22757601 26052673 23616730 26656747 25442499 24906837 25784459 26614176 26889094 25038887 26074692 27796944 26861522 28466433 24761044 27860376 23847871 24394483 26953335 24385984 23720796 24688102 26028039 24834835 22191042 25876265 25279015 24101063 27387189 23708674 26439068 21746184 28499360 26362977 25818141 25975121 26250716 25140270 19953771 24945874 25190189 27531695 25627216 27708696 23281983 24386828 27148511 23615272 26174293 24631596 24703508 25681581 26199409 26131574 27653538 26514006 
31959600 26010504 30147760 27453232 27496506 29510725 31102629 26748026 29427131 32073099 28773484 26156171 31366791 28280386 30647503 27772270 32093110 28543801 27051628 30158692 29282827 28500506 25348569 27275598 30434417 30622927 27297236 27206990 24170799 26030156 25550952 31566490 28242244 31124873 28678004 24026549 30683666 30344521 27712024 29738149 27770433 29895809 26297496 29254881 23737878 28069881 26226469 29341096 27889481 29174083 30410631 32753344 27400081 28044097 26907117 30613324 30933619 32977208 28091010 28815488 28348423 28657024 28138101 30047688 26493242 29600146 27778036 28031497 25785181 28191842 27710077 25816806 30538959 27909522 31023646 24344397 32311923 30171656 30359366 29652731 26655139 30751296 25645212 28175689 27865812 29470683 29379415 30394141 27014606 27693621 27911652 27074157 28002895 25780459 29326636 27453022 29393551 29927550 29885898 28976660 
