880 159 678 546 874 95 497 620 776 355 553 742 197 739 739 873 491 132 551 123 835 189 480 244 920 754 949 745 332 815 58 596 969 837 60 881 626 370 347 662 217 452 780 125 764 662 894 221 976 908 981 986 618 644 645 173 976 111 307 684 767 26 51 470 661 95 385 616 849 145 947 136 547 914 332 503 280 441 317 862 764 399 702 893 558 793 318 115 337 120 675 859 628 152 278 115 770 315 68 357 
572 373 444 388 450 381 333 271 718 348 614 47 605 746 814 971 879 463 439 373 680 851 959 606 297 592 231 876 448 296 362 597 635 656 737 817 183 716 828 10 708 48 804 623 955 858 632 279 411 915 206 605 470 507 847 703 426 983 56 351 392 215 715 704 926 817 691 864 914 235 680 209 945 643 928 672 575 189 44 234 296 676 678 420 686 419 567 276 933 810 849 393 980 378 339 168 833 668 887 417 
189 42 586 236 396 809 501 422 4 736 323 587 52 720 694 977 232 135 744 91 634 787 730 281 279 879 626 323 900 218 535 733 257 597 303 963 914 732 277 208 513 775 687 400 969 170 792 801 622 771 888 77 589 633 410 307 897 585 115 839 834 427 231 622 924 113 555 113 975 462 549 338 199 533 4 217 694 360 946 315 682 615 946 10 692 460 289 596 183 204 585 90 206 12 500 371 266 678 607 940 
626 992 716 8 622 908 752 609 470 7 488 545 235 686 564 380 321 41 421 980 991 690 642 363 572 634 280 384 18 768 43 86 977 383 782 343 282 623 553 637 665 716 502 948 726 308 174 839 964 72 339 296 44 328 9 494 520 212 136 136 970 507 321 766 939 365 772 325 897 395 341 68 664 504 738 774 537 247 594 88 723 105 777 75 692 503 154 554 942 534 867 765 94 328 238 139 618 165 296 638 
874 404 407 133 491 297 215 314 513 451 830 818 574 687 58 619 897 589 67 879 531 193 337 315 600 832 343 215 817 460 709 345 759 293 803 431 848 57 402 409 407 911 52 236 981 930 410 175 407 291 44 512 963 768 1000 610 66 936 517 272 973 305 709 721 294 761 340 39 891 964 638 858 867 392 475 282 126 11 554 998 846 27 367 801 601 119 501 864 829 18 716 859 135 6 903 999 153 373 344 675 
100 895 329 688 161 367 561 607 465 223 114 10 326 827 593 872 239 827 27 524 847 292 126 473 780 223 947 401 843 370 903 361 140 331 966 872 762 822 309 73 82 676 312 750 328 955 574 81 903 144 533 663 25 702 803 574 121 370 810 338 141 339 379 175 636 272 876 493 164 300 299 835 221 747 125 817 486 308 833 312 554 540 945 521 715 879 808 452 28 620 979 260 107 986 856 979 111 659 143 489 
328 265 291 623 616 289 507 854 426 397 416 726 533 848 697 326 445 646 288 768 557 137 46 830 874 72 869 490 390 241 604 789 794 754 929 75 322 722 242 571 520 724 832 453 131 255 814 80 123 54 526 893 550 445 856 280 71 287 979 417 344 723 149 535 597 816 526 363 90 584 217 199 830 715 898 711 91 944 411 494 32 778 259 441 989 115 261 719 402 844 251 35 990 131 417 909 17 691 373 476 
919 938 169 94 259 24 568 136 674 447 686 965 727 583 323 579 229 562 976 558 584 390 637 7 94 210 382 140 879 784 662 14 554 181 745 645 303 959 667 7 427 82 88 593 942 45 913 527 880 196 843 945 767 230 624 852 355 489 111 592 89 428 523 632 228 475 813 683 992 504 774 462 859 562 271 588 968 557 967 285 885 481 320 231 974 495 263 72 823 205 838 157 230 3 756 220 386 530 326 691 
502 724 136 585 545 996 157 472 85 670 781 834 496 332 755 849 457 40 992 734 213 370 146 550 568 501 969 402 479 392 625 965 276 442 776 893 412 457 64 738 139 246 511 877 291 977 185 943 957 900 979 978 223 980 246 290 644 1000 724 188 113 346 233 251 464 382 807 26 977 215 61 583 26 266 902 876 631 960 789 40 88 816 353 35 929 140 102 120 189 490 237 977 188 50 466 127 447 265 227 270 
303 941 401 839 387 591 388 979 788 238 700 975 48 979 244 172 495 820 109 960 919 530 713 885 352 504 296 652 779 726 41 831 957 678 240 443 358 590 167 139 86 783 350 20 430 506 363 17 842 184 45 810 749 543 186 134 363 126 11 902 435 316 431 425 603 235 875 425 777 927 761 856 648 407 140 652 527 30 96 326 397 606 407 151 440 576 156 974 761 634 712 876 943 413 113 408 70 887 137 883 
731 949 24 287 425 603 32 916 608 548 745 556 210 114 446 409 64 722 430 739 731 297 195 268 463 921 25 787 682 484 656 233 563 265 907 346 467 811 795 883 323 532 195 511 324 396 964 105 794 396 117 733 226 30 601 792 709 303 102 113 346 602 647 888 400 260 370 850 886 833 998 4 161 418 400 669 566 570 37 202 234 369 760 176 102 965 170 606 31 546 232 682 189 868 914 797 221 939 740 554 
864 577 200 238 707 958 470 266 653 620 527 683 340 756 407 269 815 466 795 729 128 58 436 432 429 860 141 351 83 127 129 45 849 910 32 119 388 824 475 955 846 938 21 948 311 361 341 138 821 932 791 590 289 260 994 665 860 366 881 914 163 449 180 413 69 145 250 988 110 475 355 520 676 274 860 634 631 118 336 88 239 323 350 463 906 626 628 45 590 609 221 980 520 848 816 638 866 339 787 493 
302 197 828 63 591 118 115 259 601 759 534 850 240 743 192 924 715 888 8 443 260 385 556 359 680 774 128 802 514 771 729 66 137 842 453 623 876 127 507 990 942 232 432 442 968 321 453 321 468 691 889 859 338 836 469 254 695 376 446 90 258 701 460 69 671 738 976 747 816 179 514 829 637 666 488 911 220 516 135 542 721 744 444 315 755 193 100 476 179 178 72 41 918 82 49 941 517 334 806 244 
518 588 394 908 538 483 112 606 52 116 53 784 10 721 388 66 597 426 24 520 170 66 22 878 748 942 644 922 366 344 936 483 733 861 416 765 84 289 783 110 672 590 141 3 920 758 165 256 107 864 459 833 940 959 555 305 698 462 255 455 999 632 886 45 826 787 186 613 893 556 887 29 915 188 863 916 681 320 834 120 469 102 939 892 245 544 953 152 542 394 316 175 617 59 851 764 42 1000 459 65 
385 590 546 95 16 420 539 308 169 256 364 38 144 206 28 450 921 662 814 906 936 28 117 392 743 702 700 207 159 485 910 817 151 171 288 690 728 240 260 461 804 259 167 457 166 929 580 584 459 957 827 340 678 199 774 542 145 15 397 727 766 506 937 91 785 388 256 868 201 250 371 143 855 43 113 73 236 926 25 545 746 727 740 161 574 881 225 346 875 443 662 643 327 823 138 299 688 289 590 5 
805 854 285 713 357 117 52 586 968 543 581 645 669 194 618 573 481 383 450 622 973 464 74 668 742 136 945 574 537 812 641 864 512 231 224 822 723 302 37 678 569 203 910 967 537 789 47 993 589 514 293 907 541 21 431 843 41 270 503 458 715 594 79 688 123 742 299 577 891 784 937 69 596 331 464 542 693 162 933 817 686 564 456 348 369 837 525 596 577 855 480 513 996 536 848 412 487 512 565 686 
681 643 594 131 365 51 98 926 121 645 133 797 743 1000 755 542 105 935 694 494 141 702 889 531 946 480 261 853 721 17 584 77 915 255 986 826 465 764 254 946 170 375 514 685 283 147 676 34 993 288 444 158 502 873 391 427 364 254 247 893 159 963 144 827 806 617 393 500 37 891 878 307 981 995 674 635 799 1 558 439 283 535 542 220 199 596 974 302 524 609 32 727 54 810 608 373 787 300 296 750 
562 806 472 625 798 507 70 582 540 27 825 622 540 197 290 82 734 334 289 53 170 48 537 625 35 446 136 957 139 484 339 782 605 307 910 369 877 629 202 774 217 215 843 289 878 171 751 242 710 542 299 390 953 272 480 551 105 397 916 799 764 535 405 479 768 172 19 779 372 448 103 931 385 246 579 573 567 430 838 705 661 268 474 34 698 497 281 924 549 940 100 578 637 567 844 499 524 490 236 23 
155 182 633 126 482 858 984 816 745 764 638 781 205 725 978 689 837 513 767 612 321 429 892 210 996 930 615 298 227 651 173 10 951 814 717 737 809 842 36 191 68 710 24 570 901 227 369 185 601 189 123 756 879 775 84 846 633 928 282 546 790 950 910 652 54 825 355 925 234 264 512 980 324 450 877 899 739 531 736 19 478 321 208 230 239 729 444 302 323 736 936 631 995 63 950 478 727 717 626 277 
949 301 729 152 330 957 419 55 600 322 778 502 33 90 469 2 565 39 245 99 514 786 889 781 324 80 427 444 951 752 680 265 188 656 319 654 338 828 522 94 690 280 66 364 986 692 498 573 561 416 423 627 259 719 689 728 758 301 415 818 183 286 328 144 86 921 686 212 214 27 511 785 65 989 882 368 431 160 434 780 909 84 574 791 11 854 467 774 67 483 219 165 489 261 274 991 699 288 701 249 
818 716 9 383 460 201 554 684 522 980 210 468 633 493 707 328 942 337 6 525 164 138 906 742 943 548 342 23 935 823 640 522 1 695 354 251 675 978 320 430 280 629 355 273 784 318 206 301 256 698 329 999 1000 820 551 644 236 375 113 284 144 146 223 166 778 868 125 570 555 834 337 421 475 0 798 819 135 873 77 515 14 429 25 151 188 659 466 23 222 901 578 350 2 962 658 70 834 977 763 631 
364 720 230 99 657 631 351 185 374 150 580 502 41 562 155 965 929 22 826 373 293 361 732 499 914 535 126 120 880 445 301 938 257 2 625 710 44 30 278 64 85 669 305 166 867 65 330 371 925 857 906 148 929 930 918 348 560 279 923 158 384 452 832 305 200 926 502 755 678 742 526 512 721 561 855 852 635 308 691 683 631 239 300 749 100 181 267 181 794 40 903 420 139 750 850 705 849 594 974 924 
335 150 97 987 862 267 144 707 231 289 441 818 136 633 82 258 363 949 128 333 514 731 312 537 395 784 651 732 158 162 245 894 377 628 87 921 976 129 809 210 264 560 541 773 855 911 628 821 192 303 709 805 745 93 501 520 49 761 999 213 18 511 659 575 432 856 442 88 931 874 552 688 856 706 958 203 606 608 618 808 637 27 140 337 953 377 529 975 1000 327 303 649 963 873 367 577 625 76 878 37 
918 936 173 850 568 381 105 400 811 537 711 231 411 755 554 876 263 75 436 76 622 275 425 811 692 392 214 509 245 28 158 684 535 861 373 315 62 321 372 768 4 146 651 1000 782 513 185 47 33 52 572 585 283 515 174 756 581 642 240 162 97 984 551 304 845 905 246 141 97 187 650 842 488 773 694 246 514 864 766 589 678 249 279 636 197 135 286 674 963 212 237 637 520 644 261 60 308 151 705 68 
137 201 46 683 958 205 593 149 427 419 228 319 830 666 607 474 395 202 835 357 502 95 756 460 402 619 834 195 945 555 483 488 668 605 884 451 468 845 189 301 572 309 921 707 500 667 554 212 577 499 455 54 789 443 831 213 727 278 905 335 238 99 583 295 443 911 296 171 101 167 841 38 373 887 800 752 339 647 336 118 786 892 119 231 918 816 575 57 763 855 306 250 569 323 268 647 583 813 108 725 
978 185 318 916 708 545 242 737 766 11 73 419 558 660 55 470 228 620 444 486 622 397 364 219 704 786 193 212 268 327 547 802 462 724 916 549 357 53 847 258 475 972 446 718 540 399 168 602 656 173 904 420 801 190 169 1 781 1 314 815 492 969 822 456 622 772 896 725 634 258 238 439 9 680 890 874 158 582 397 279 746 371 769 160 178 71 90 751 514 990 888 134 396 518 124 5 596 975 625 702 
108 266 651 68 714 350 628 343 863 297 528 614 485 129 221 790 100 821 111 796 635 845 901 324 404 386 737 64 785 975 973 320 564 767 115 496 390 870 381 262 744 826 839 722 403 38 897 620 666 898 669 358 921 771 175 920 760 837 416 676 443 577 328 860 869 965 901 849 749 879 737 809 955 9 753 5 47 290 375 561 394 199 194 301 320 316 21 394 247 826 908 669 678 421 52 653 47 764 28 320 
451 187 425 854 613 564 255 735 721 965 14 330 980 659 913 256 281 993 981 474 273 962 114 842 54 253 908 121 156 186 990 265 275 474 295 905 484 695 946 799 67 938 534 614 624 358 577 573 960 458 60 758 48 919 126 417 969 658 468 503 137 73 294 390 825 231 384 806 873 709 853 592 581 519 212 328 520 190 169 104 638 646 928 82 747 776 547 207 484 226 7 337 219 846 775 610 292 217 285 632 
535 569 747 24 323 153 975 494 756 298 672 382 104 638 206 258 678 695 743 853 148 55 382 245 989 716 605 404 696 222 158 804 772 871 230 938 958 26 391 801 164 973 271 582 206 432 716 30 144 100 885 214 899 687 379 347 937 278 278 535 680 285 256 230 533 370 893 565 232 203 82 118 320 648 333 933 335 214 29 730 736 705 36 278 97 781 272 737 784 948 459 575 363 246 880 934 967 320 737 789 
809 489 381 552 844 578 485 667 275 571 161 465 538 106 302 40 551 693 972 291 268 117 590 694 989 898 729 759 919 809 699 299 128 486 51 950 819 34 375 321 455 553 859 272 94 647 184 868 209 658 863 343 698 16 788 790 814 111 856 103 117 46 683 442 868 111 78 568 379 678 18 723 945 811 619 201 553 396 423 103 761 0 736 134 657 880 447 125 877 87 516 1 813 126 500 632 372 403 947 501 
672 780 108 758 348 90 391 804 140 486 475 598 208 12 743 321 568 238 558 845 759 215 39 575 328 283 395 763 407 872 343 677 18 343 973 655 773 374 232 754 456 562 513 923 771 261 405 969 9 286 704 166 468 927 910 392 810 817 591 41 614 138 630 869 196 789 261 236 832 927 89 651 568 306 220 145 536 627 972 239 564 10 780 152 846 21 427 33 265 257 287 923 642 885 30 363 432 900 883 939 
612 772 928 419 366 646 626 195 850 468 379 752 211 628 18 61 882 966 590 47 450 45 731 222 183 106 605 578 159 259 807 219 779 913 768 198 73 782 81 440 993 772 959 988 234 901 927 693 215 679 490 224 382 305 93 61 961 353 776 830 850 296 75 986 219 794 452 272 848 365 353 868 445 49 209 42 674 172 941 232 157 437 96 59 146 429 373 651 288 370 538 55 567 645 569 279 0 205 794 759 
147 258 719 863 772 507 11 767 395 938 608 480 830 229 898 462 179 925 817 426 824 450 691 275 674 409 321 954 494 785 169 276 815 360 815 906 347 132 350 701 147 863 277 508 251 885 981 923 81 379 81 727 957 779 223 804 357 956 54 422 299 98 773 818 959 110 308 193 967 691 10 77 75 20 384 327 377 88 121 943 621 165 285 920 409 354 606 734 112 753 655 546 774 310 511 694 6 193 985 489 
657 652 410 75 369 937 9 556 409 6 996 341 898 182 986 52 617 368 833 752 779 546 605 485 375 940 382 344 782 626 201 415 66 750 595 512 534 720 448 116 696 684 855 225 274 81 730 178 994 976 604 917 737 483 169 550 397 591 949 126 785 716 510 227 42 444 980 313 663 417 654 937 474 805 273 628 951 834 837 495 632 735 969 356 850 405 225 969 359 87 135 597 691 73 122 167 978 843 729 493 
563 227 616 758 943 39 740 805 334 355 997 691 589 498 269 879 884 972 786 743 939 759 199 692 167 164 170 770 697 540 287 981 36 520 253 422 595 683 188 5 78 594 128 813 528 115 927 368 691 262 788 630 573 415 411 792 487 652 248 204 5 306 352 354 236 882 327 980 364 99 946 415 709 172 384 486 396 155 529 736 719 804 904 128 198 217 280 264 159 118 597 785 70 15 273 938 55 137 353 888 
75 211 169 622 861 152 184 856 300 157 171 474 172 332 499 599 487 571 766 136 868 508 686 617 492 719 581 577 733 613 844 149 702 56 388 659 578 713 73 996 566 802 28 48 971 6 493 540 886 923 690 648 878 246 204 177 816 305 79 981 43 845 155 784 702 371 16 613 635 814 741 563 180 219 653 603 304 790 137 424 105 540 83 929 148 790 115 46 377 803 993 231 33 687 127 275 36 782 904 938 
278 220 892 716 484 538 756 141 681 905 800 256 908 292 270 665 509 9 88 905 561 840 578 194 244 207 73 283 231 934 612 951 947 539 843 324 574 271 840 295 641 458 310 948 181 113 821 968 839 243 430 303 608 153 594 827 221 680 466 550 331 120 817 931 881 740 882 531 622 218 451 433 20 25 969 33 839 293 806 16 481 632 882 801 278 613 457 875 249 227 14 525 85 694 997 941 782 96 661 981 
878 981 481 151 683 677 347 412 287 264 809 47 482 581 570 419 226 125 943 722 502 439 239 532 405 950 310 577 75 351 422 64 115 23 763 276 854 896 767 482 174 660 748 90 438 673 692 933 910 825 163 907 448 674 190 198 603 565 116 969 413 444 233 341 28 466 315 946 888 651 418 880 602 135 338 725 503 247 219 751 478 443 764 128 368 311 462 335 449 503 650 749 490 269 98 506 715 477 600 439 
538 511 421 457 944 55 374 544 608 664 550 68 868 687 324 686 193 24 739 844 477 103 947 14 64 323 168 567 285 977 384 922 502 225 952 917 642 879 362 415 102 724 144 620 783 345 229 491 94 914 423 607 409 423 815 353 886 62 276 595 122 126 350 165 760 17 1 849 271 591 72 384 377 495 248 459 126 813 620 603 149 393 544 778 728 810 294 263 652 83 388 474 449 653 435 198 783 903 169 465 
639 192 214 627 889 68 499 377 823 595 35 964 750 551 635 714 621 697 19 198 826 462 814 656 697 216 202 597 946 186 653 161 174 217 362 890 690 87 193 313 483 492 155 155 299 735 573 434 127 955 59 275 810 641 129 946 805 928 821 950 88 101 60 19 559 540 755 759 987 809 626 878 415 585 508 549 953 625 225 71 58 586 598 778 154 169 708 961 485 735 586 656 801 210 531 33 196 2 676 724 
87 282 92 728 538 956 377 288 742 165 557 82 259 351 859 153 799 269 148 181 261 571 481 474 377 178 83 854 504 825 87 978 245 995 770 142 133 347 294 297 623 503 576 226 133 890 139 302 332 39 818 597 169 748 286 763 596 167 427 665 78 734 877 695 904 923 14 119 256 402 50 294 80 698 591 556 629 730 863 865 170 566 335 921 74 685 163 411 610 549 0 639 568 644 917 200 529 653 786 967 
344 978 195 177 952 258 964 365 739 283 682 494 606 456 261 254 878 930 843 550 831 971 748 9 981 6 503 309 480 5 992 236 948 792 290 856 199 264 884 324 778 997 663 588 888 837 40 980 872 852 283 744 768 139 347 304 697 130 71 618 554 981 486 861 351 656 877 444 858 897 825 186 844 293 790 206 707 984 241 421 408 550 271 352 450 249 220 82 891 199 324 47 952 815 937 986 982 722 105 408 
471 571 288 86 871 568 722 398 751 514 776 298 345 240 206 654 1 421 865 378 248 739 445 344 510 504 625 451 642 718 238 263 119 643 981 547 598 282 241 314 111 12 983 211 286 376 429 579 377 81 764 485 734 472 138 312 884 445 270 621 577 376 899 468 553 400 564 56 838 138 719 505 267 222 621 457 937 931 607 339 179 993 299 750 629 481 571 107 922 346 685 607 63 905 889 437 442 803 962 389 
805 731 654 408 827 632 285 212 44 730 378 669 840 647 46 212 893 886 750 781 222 840 298 500 530 691 936 955 901 481 833 883 156 256 663 203 360 184 618 546 133 703 237 205 878 871 999 663 58 382 499 284 310 88 370 154 703 339 591 479 80 420 210 233 856 170 22 948 820 808 667 501 697 509 479 235 689 467 120 946 149 407 543 419 108 38 809 992 582 835 450 958 150 632 272 977 914 967 510 776 
905 659 157 977 851 84 772 147 287 563 210 319 644 334 936 764 164 185 453 911 637 3 418 709 359 483 884 591 897 514 525 637 175 804 464 549 268 200 702 406 192 66 937 540 451 523 22 220 77 184 13 414 434 242 600 436 565 31 449 706 596 504 736 589 622 660 335 673 456 699 949 150 23 138 894 939 945 612 943 211 962 985 936 811 265 932 571 468 359 948 795 158 181 915 472 996 838 234 967 965 
519 852 524 505 661 632 461 903 461 557 182 914 465 60 172 172 812 791 593 369 482 962 716 85 866 25 544 776 980 291 149 713 825 814 841 673 981 723 878 819 929 252 469 321 188 299 775 394 399 438 344 778 9 929 815 390 714 403 624 674 278 648 741 851 390 721 748 255 671 990 905 508 827 174 884 294 565 227 898 7 678 860 865 496 681 550 484 452 485 661 702 822 790 237 610 176 117 940 766 236 
585 787 807 596 646 899 650 311 851 204 545 403 594 499 692 174 149 463 252 765 100 494 834 508 312 854 96 623 794 310 443 524 913 985 574 670 850 595 192 589 123 829 433 427 582 181 109 53 994 225 374 326 456 168 219 907 344 234 786 615 428 63 975 277 83 997 910 249 409 489 66 130 426 499 198 62 616 36 770 431 141 375 72 146 506 675 38 372 884 709 11 479 740 141 943 781 244 349 183 475 
280 104 565 615 619 167 861 298 301 871 814 590 172 384 506 450 821 177 431 455 954 429 284 291 507 954 769 67 271 515 583 668 452 768 241 834 274 37 896 792 820 563 547 44 508 184 400 905 606 768 909 773 435 301 489 170 571 250 615 949 908 179 228 258 52 390 834 258 25 523 158 538 129 547 137 992 386 970 35 776 722 802 813 56 421 363 41 951 849 256 505 962 693 82 273 168 748 729 271 432 
358 666 675 841 740 434 890 807 752 408 491 26 340 258 67 500 915 714 104 976 621 823 329 593 909 577 822 227 83 593 256 725 984 314 8 848 734 887 316 33 388 723 495 248 664 327 497 830 504 113 999 889 182 495 911 905 705 966 371 766 736 385 314 246 584 781 60 340 168 832 229 329 614 839 980 896 394 766 646 65 481 827 153 461 817 625 825 859 357 124 54 921 951 791 804 849 513 598 940 329 
179 260 372 726 10 481 271 309 695 491 704 734 826 33 402 496 902 783 308 86 457 325 679 79 24 380 397 136 340 794 218 414 661 701 991 240 9 701 624 333 409 854 705 562 935 42 521 321 478 586 35 321 473 378 272 100 473 792 655 376 161 980 241 602 844 596 3 621 762 13 1000 373 990 479 77 393 325 843 152 434 614 261 838 610 156 522 733 909 105 856 795 470 340 798 639 878 846 125 620 337 
922 391 386 107 493 933 718 983 75 631 193 569 423 390 399 43 443 716 703 450 539 182 934 604 835 883 905 780 518 991 536 300 253 200 963 502 636 600 245 97 801 117 623 418 736 977 506 988 327 909 523 913 41 732 800 368 664 817 445 906 225 557 23 232 920 692 311 334 353 311 583 972 407 151 635 531 35 624 928 293 580 193 679 134 510 368 586 250 411 9 276 681 462 687 626 374 864 930 745 794 
627 32 605 506 516 126 465 882 667 601 347 326 254 299 292 642 983 440 556 509 43 639 401 991 395 227 259 804 565 117 502 45 974 123 480 278 38 903 755 401 830 194 525 505 434 56 561 549 177 788 870 236 430 846 974 123 800 244 822 638 228 486 342 294 113 859 789 72 990 555 754 77 311 146 962 501 333 362 168 668 644 718 668 440 27 192 857 35 242 694 4 935 439 573 506 272 667 526 357 533 
401 802 84 724 650 32 878 740 99 439 158 14 108 438 344 760 381 578 764 84 67 349 614 651 36 421 143 224 305 14 525 62 745 970 6 597 509 466 995 971 663 26 385 388 341 498 823 991 676 704 681 455 290 260 655 575 412 684 661 450 702 207 355 105 933 391 907 731 377 15 65 430 186 998 700 837 597 800 451 879 997 334 987 404 317 184 306 871 124 435 22 280 93 436 233 722 51 139 695 896 
794 678 139 764 765 994 919 116 255 215 13 165 717 130 883 242 700 387 552 60 210 793 441 825 643 160 685 400 794 850 260 113 914 126 830 770 369 371 444 229 976 713 957 521 506 251 320 504 349 309 841 82 907 49 278 357 816 784 479 169 507 469 209 358 580 595 89 485 136 19 233 316 36 755 388 637 23 338 553 50 484 765 74 634 731 799 114 602 375 398 420 309 833 580 161 787 764 482 365 583 
680 882 997 393 713 657 632 238 890 84 492 300 243 461 749 426 16 365 554 148 523 799 45 737 856 119 456 454 272 256 881 531 978 515 154 523 293 366 499 396 195 355 330 497 287 961 225 419 519 911 634 223 657 249 207 596 982 143 350 128 890 368 740 164 550 747 135 915 21 184 388 897 47 987 664 84 358 665 367 344 660 456 323 922 633 275 213 770 692 771 179 587 713 374 429 783 615 679 61 24 
125 369 649 349 768 323 420 480 438 757 692 277 702 984 308 743 744 799 369 633 815 652 472 512 520 609 608 64 271 134 408 72 413 309 944 554 388 549 850 939 319 283 295 943 306 675 271 718 519 761 802 465 264 509 305 682 440 755 580 41 635 406 861 746 184 523 964 270 727 8 448 953 487 270 393 726 912 118 434 799 185 917 836 766 631 617 911 648 775 753 349 609 417 670 251 812 841 407 452 319 
325 439 383 396 90 413 285 694 346 195 479 210 881 854 868 137 334 904 565 238 544 149 436 856 143 780 136 444 231 537 580 773 596 715 31 185 824 597 390 359 973 86 930 985 117 840 149 226 40 841 331 316 529 337 76 725 131 293 961 807 338 792 414 714 285 857 309 817 608 714 417 536 282 797 485 724 509 327 968 353 105 887 516 854 637 784 169 441 353 600 132 990 825 478 301 438 676 754 985 828 
125 53 26 883 955 466 458 126 387 471 416 522 595 864 115 805 675 732 59 946 771 93 515 505 465 749 79 810 973 858 131 791 677 808 258 588 3 721 338 590 511 75 770 830 117 138 696 104 157 387 309 153 533 898 866 89 792 996 578 943 26 961 969 545 654 238 406 838 884 950 4 763 550 461 920 507 76 691 978 744 404 400 767 819 939 734 15 642 509 523 867 342 782 872 504 650 82 192 369 226 
191 979 1 65 660 910 187 793 675 590 630 946 260 952 226 554 992 649 571 706 125 890 430 841 238 411 415 288 456 362 557 860 574 625 37 761 107 449 825 947 841 358 287 734 262 638 394 65 886 302 285 734 559 53 740 977 791 52 792 127 477 649 986 260 183 852 960 80 387 742 778 887 924 666 126 838 948 341 232 1000 694 493 950 667 519 681 3 1000 280 950 102 214 849 931 750 187 720 424 605 492 
541 31 77 951 915 510 678 593 913 782 214 686 942 539 909 81 463 548 8 362 20 867 909 63 988 534 183 450 464 160 858 834 12 916 449 144 280 306 576 355 917 423 33 457 430 167 561 335 984 926 277 324 89 112 848 263 496 900 606 755 203 543 244 747 207 450 586 98 131 831 443 632 848 41 891 340 482 102 307 487 594 92 799 374 44 459 823 320 446 630 775 33 643 998 839 613 562 593 372 911 
732 522 112 928 570 308 95 150 855 292 362 131 177 829 974 130 154 644 974 229 994 87 111 211 46 682 320 462 525 855 437 899 938 763 938 829 680 468 737 753 875 451 94 280 661 344 528 532 544 579 895 556 238 840 21 610 896 41 279 32 518 85 753 741 852 940 71 40 89 147 2 319 175 677 55 446 928 834 305 85 86 453 167 152 883 418 94 52 741 287 644 447 794 477 668 806 177 902 873 568 
757 120 608 317 898 342 711 804 267 388 778 156 290 668 22 870 120 201 688 10 532 833 393 918 800 992 806 455 587 431 952 314 107 1 207 916 813 975 669 528 113 110 232 785 933 212 431 781 834 895 872 524 703 932 675 209 922 11 391 846 965 210 62 475 601 163 694 395 293 732 611 817 94 45 225 249 391 273 644 854 122 320 471 800 804 40 484 78 480 770 534 581 247 237 520 203 56 537 556 321 
776 125 522 730 274 275 892 970 572 481 13 661 526 802 711 295 207 784 305 12 792 523 969 600 718 325 479 251 118 217 389 435 669 124 22 66 311 897 709 278 815 253 755 49 189 455 165 841 281 224 758 382 781 86 927 63 665 112 49 179 801 922 768 251 365 330 161 534 571 223 495 30 886 929 130 330 210 394 358 195 103 331 962 143 147 168 435 223 818 698 741 241 695 833 441 574 644 467 603 724 
71 614 202 911 728 747 375 908 554 348 211 146 426 312 766 973 836 678 962 167 105 828 825 964 179 75 390 294 730 338 982 477 194 120 312 924 245 87 238 645 647 562 105 241 859 924 181 356 22 557 563 891 872 662 695 185 100 916 481 519 451 464 862 60 934 713 622 169 59 306 739 333 215 294 295 484 280 347 11 300 136 352 320 494 870 678 127 394 882 690 615 993 828 930 103 157 734 669 113 972 
268 621 35 437 66 282 769 207 566 455 912 218 948 779 885 159 505 98 781 839 557 222 950 438 136 992 717 38 186 643 491 305 85 352 7 199 709 636 158 619 591 966 618 150 375 766 254 580 806 645 834 543 899 887 773 459 212 948 496 680 521 343 418 577 909 969 914 274 511 534 192 36 332 815 749 634 856 318 992 213 989 402 292 427 504 946 161 95 476 386 930 32 526 401 862 525 490 508 909 628 
682 967 427 766 5 908 762 659 577 532 425 402 492 270 179 651 884 0 135 28 734 708 115 445 901 897 340 223 511 490 972 403 280 116 561 978 770 291 425 449 50 259 550 246 730 10 988 892 335 806 541 922 813 269 313 142 938 654 900 2 921 63 10 193 944 56 737 191 943 356 633 237 368 29 188 443 309 908 135 567 126 868 995 190 318 925 897 582 939 702 474 860 49 288 126 801 720 620 452 552 
250 168 876 743 155 446 325 472 895 9 750 569 487 895 147 363 680 782 884 338 799 387 285 675 634 348 980 253 473 672 414 885 13 816 333 650 319 120 557 399 328 616 174 513 892 462 733 779 872 67 209 814 359 569 182 482 295 766 941 744 143 570 73 497 81 821 521 242 571 254 951 514 769 160 197 280 82 546 294 687 40 386 606 339 135 243 208 180 1000 843 972 108 79 610 168 981 646 693 142 216 
673 724 253 30 424 796 722 615 955 882 958 603 229 852 653 648 776 156 890 633 603 731 386 756 406 703 538 366 335 295 409 347 826 92 348 567 661 517 347 954 565 153 939 872 68 781 389 297 169 365 155 888 437 900 742 973 782 953 622 577 433 54 56 86 963 713 761 483 16 941 510 296 314 839 2 507 769 278 901 784 282 10 190 171 707 22 454 343 998 448 902 49 293 145 466 469 845 174 745 668 
502 902 549 412 642 914 729 20 474 169 476 153 866 262 314 327 459 433 106 591 621 632 856 752 47 847 771 54 645 153 550 203 76 103 235 185 571 11 104 702 918 517 73 434 99 51 191 550 827 644 602 914 984 500 470 1 759 976 860 536 107 218 989 450 233 988 155 791 38 486 326 38 196 927 238 78 721 1000 664 841 357 624 793 502 363 504 866 32 338 525 334 251 872 107 611 440 90 141 951 141 
471 256 762 423 715 289 289 166 989 603 438 513 650 272 91 261 850 873 325 81 967 538 864 39 940 883 681 781 254 322 781 615 986 324 594 668 779 297 439 869 201 505 621 94 713 636 514 898 616 844 770 322 802 379 81 819 321 369 321 485 395 688 208 48 512 793 470 98 827 706 457 604 537 282 603 4 177 866 169 118 421 733 763 311 672 438 88 808 167 258 567 540 465 563 320 59 545 401 779 784 
905 485 675 804 821 621 438 82 801 326 84 362 538 384 709 962 529 336 477 951 244 244 524 972 168 522 401 582 642 419 758 451 206 141 601 748 46 652 667 419 495 709 232 359 363 811 499 867 556 715 377 709 190 936 76 520 609 176 870 376 178 623 223 526 975 197 910 644 743 877 81 25 304 139 471 780 516 755 44 192 36 929 891 50 415 872 87 670 153 865 238 874 726 653 471 168 365 3 391 309 
733 362 715 551 594 401 13 565 826 820 432 497 734 728 695 672 135 866 370 887 829 212 674 209 506 451 182 608 889 150 887 502 246 298 87 367 833 135 321 184 518 954 20 172 78 811 608 548 897 581 145 729 279 309 343 675 145 569 935 785 802 559 469 545 606 954 124 340 27 175 363 997 697 481 732 9 390 727 721 753 125 180 537 259 599 750 468 24 658 648 300 452 370 816 365 874 733 363 689 362 
983 279 861 130 383 104 705 744 87 962 209 788 2 439 893 538 480 854 553 900 449 982 524 456 473 456 288 251 924 340 297 563 163 92 475 25 479 642 712 439 784 502 657 570 641 614 59 656 864 744 609 397 897 575 5 701 91 441 888 283 62 230 653 12 877 727 281 56 197 106 329 985 879 494 879 634 44 754 640 335 982 920 75 106 323 592 657 528 411 242 972 696 288 537 443 584 13 208 341 320 
289 155 162 798 723 735 644 749 377 197 764 134 979 369 778 154 404 195 74 113 969 768 758 904 84 35 725 428 466 234 426 353 642 349 160 549 107 761 418 893 166 593 243 482 751 38 632 366 258 67 698 569 76 599 787 176 388 20 11 141 722 924 595 290 678 441 221 504 215 372 370 745 470 90 196 737 618 788 405 435 330 451 73 138 844 951 176 505 120 658 71 302 449 25 23 723 801 234 455 943 
413 748 689 219 689 308 55 921 767 10 67 226 877 29 894 146 350 536 292 510 512 430 63 799 754 454 444 892 662 667 573 674 91 440 908 760 744 467 531 568 274 528 895 922 192 684 28 979 782 920 830 693 978 233 232 147 624 960 275 346 446 647 538 902 93 173 99 717 873 661 408 718 596 474 55 529 853 673 943 167 746 169 520 270 459 150 110 101 156 972 336 119 205 891 687 943 81 664 30 208 
735 76 455 287 759 995 819 487 835 939 526 760 843 981 597 819 923 376 408 53 47 310 733 906 261 718 191 112 792 556 595 37 532 312 339 697 230 512 669 47 603 566 157 61 816 141 850 774 2 610 866 224 947 238 189 389 268 715 258 840 559 253 396 83 202 711 949 704 431 542 213 355 582 192 35 892 140 316 536 740 603 184 357 198 111 695 121 820 284 422 707 216 913 712 975 755 647 490 924 621 
935 981 322 175 799 405 193 354 454 349 794 758 621 365 747 338 420 88 509 740 405 113 440 572 586 551 738 785 799 776 140 840 785 21 556 105 27 921 358 878 416 318 54 215 545 509 988 587 465 293 585 311 105 125 86 219 121 631 715 924 804 469 494 387 34 710 69 805 298 95 39 463 401 73 553 199 768 43 613 68 868 519 556 13 361 785 558 457 603 951 422 689 885 692 656 172 846 456 99 567 
18 857 147 164 880 494 402 341 727 890 416 987 710 312 785 222 950 830 368 255 250 52 785 128 10 571 880 452 676 889 287 317 287 480 124 383 545 475 585 783 801 21 53 550 660 204 70 905 366 997 505 312 601 256 635 79 127 373 270 151 448 205 930 240 215 305 24 117 617 931 394 163 222 321 821 641 163 877 707 160 683 574 353 309 27 150 256 359 884 275 393 196 129 717 214 354 441 309 711 40 
833 44 579 126 250 66 782 558 81 999 171 664 541 40 459 988 361 293 534 803 793 354 253 117 883 445 785 417 204 857 696 561 195 202 81 851 964 780 220 838 1 951 804 765 197 32 1000 982 978 22 456 873 346 422 494 905 164 697 957 678 955 452 860 415 942 942 829 696 226 682 448 446 40 684 153 743 522 589 169 707 689 305 836 145 261 22 479 166 784 97 573 748 305 898 175 391 411 302 891 742 
47 603 502 945 971 855 406 322 541 755 481 657 462 750 683 737 451 886 560 369 830 549 161 272 31 933 195 596 75 232 778 374 224 863 996 672 794 193 190 71 651 524 74 246 738 174 862 378 218 488 839 389 458 438 692 799 438 841 377 720 309 957 513 190 178 648 836 754 971 387 871 859 560 796 341 740 856 181 305 594 982 974 701 281 242 292 175 892 316 948 998 210 640 856 445 835 158 855 461 960 
204 806 612 989 519 541 225 392 70 174 257 130 711 257 608 159 143 50 782 702 190 145 683 820 883 718 19 586 809 183 75 996 431 656 530 106 447 588 64 403 8 839 673 596 659 246 932 835 766 278 12 996 693 469 412 299 769 394 676 270 367 422 32 182 535 593 545 607 883 973 939 799 456 76 857 364 806 419 966 222 215 622 295 9 728 123 639 835 862 603 55 285 490 384 311 53 853 230 344 991 
704 484 833 311 347 484 474 559 665 231 302 180 159 992 911 757 863 160 943 319 285 158 998 438 249 974 113 637 691 704 357 533 435 485 86 444 68 579 243 144 322 48 258 205 865 325 498 976 654 640 80 822 437 946 326 323 661 0 355 938 179 824 547 430 20 396 851 486 641 923 31 334 227 68 925 1000 818 978 590 482 69 465 305 1000 904 707 386 549 947 15 809 502 705 728 806 562 704 826 416 445 
180 887 249 998 235 455 380 659 770 584 991 905 346 889 114 431 754 138 935 623 606 5 215 713 700 6 382 540 773 537 113 253 695 470 536 652 532 542 835 514 63 188 405 95 185 216 290 374 839 756 360 808 353 676 120 922 185 193 510 881 608 862 252 981 774 587 699 190 50 939 278 922 216 693 299 267 975 207 145 13 538 128 336 566 379 157 258 960 676 293 74 201 872 394 66 241 431 746 356 4 
779 535 989 566 19 109 882 216 483 334 391 384 259 660 637 818 175 561 655 558 514 840 572 398 728 384 893 342 135 126 916 66 478 132 330 205 937 740 175 246 221 353 885 116 2 470 335 946 943 827 949 438 206 123 323 154 234 227 225 313 375 832 780 600 94 278 666 0 993 244 817 840 665 447 284 544 227 224 86 135 339 371 806 236 627 531 905 539 391 503 762 468 19 278 58 824 675 125 763 159 
837 876 522 435 188 107 785 530 424 879 413 984 189 540 508 927 50 999 928 32 830 596 936 78 118 290 707 511 124 340 693 644 673 357 575 975 330 844 21 682 983 499 778 649 912 796 930 629 59 219 988 642 242 337 248 500 972 135 469 356 164 351 32 76 507 93 671 791 197 172 673 694 109 795 929 429 162 244 445 53 471 721 308 55 265 458 12 672 164 739 712 129 760 129 546 66 244 109 718 282 
1000 218 461 293 473 654 311 327 292 119 228 189 379 622 38 593 263 593 995 432 506 521 912 301 568 396 455 381 458 878 51 479 188 118 568 573 705 500 248 336 734 428 945 287 41 568 424 907 523 258 138 657 387 833 201 613 696 674 694 309 16 911 498 483 808 362 274 690 168 251 70 84 17 484 209 387 994 703 681 177 281 11 363 51 797 937 264 201 823 546 286 118 342 172 736 975 824 913 870 588 
784 10 467 841 691 303 397 854 341 910 598 704 847 500 915 128 945 992 441 457 262 386 5 23 28 276 185 76 409 893 462 837 761 940 880 68 779 227 237 360 555 31 619 783 44 209 337 780 779 946 55 250 755 621 832 806 433 243 635 472 258 199 561 504 924 534 516 463 326 148 776 924 882 938 576 702 601 834 146 892 816 76 396 500 137 83 476 929 522 761 278 601 564 894 456 963 811 600 398 148 
792 318 629 150 526 29 380 229 490 27 981 544 475 755 283 155 612 462 107 662 858 834 274 5 670 614 725 614 142 672 306 702 319 889 248 46 50 991 390 228 708 2 286 575 730 713 468 593 152 457 262 461 84 673 425 650 70 32 927 311 292 225 236 113 13 530 55 921 353 159 758 462 103 156 279 212 800 882 305 33 514 514 885 383 235 912 765 961 835 414 143 701 235 313 503 348 628 294 170 884 
807 199 993 567 645 235 716 392 94 746 198 282 247 415 416 50 960 582 475 990 567 657 260 99 781 170 267 466 409 718 397 691 628 828 849 262 605 603 720 982 591 241 236 144 292 326 661 718 481 333 991 234 429 787 725 847 661 707 299 804 200 29 496 790 402 462 153 80 677 464 590 312 784 928 821 954 311 953 635 633 976 603 689 279 820 555 962 175 588 768 145 155 54 741 792 457 851 816 513 43 
439 44 542 836 134 496 575 430 126 268 935 56 626 862 141 245 105 661 873 879 342 685 619 375 425 337 725 660 837 581 421 958 929 97 723 980 493 308 299 310 389 776 845 362 296 297 577 226 945 865 362 12 851 418 408 74 934 27 453 559 98 565 111 54 362 779 916 706 538 400 46 738 216 761 828 350 218 254 826 773 452 959 947 847 441 737 542 203 28 108 939 860 996 226 492 815 776 162 212 316 
621 615 88 752 312 65 616 137 692 1 205 345 687 543 829 553 172 82 920 138 583 171 258 337 316 595 476 87 386 670 202 663 474 280 949 235 241 326 380 345 316 884 91 107 984 649 728 70 723 979 389 41 464 647 812 45 385 886 767 75 606 703 205 331 371 605 318 335 441 166 19 457 546 167 973 344 943 932 526 725 142 865 477 473 900 608 818 708 949 625 979 991 942 993 570 926 910 281 919 782 
371 478 366 649 158 255 476 544 925 628 239 332 990 742 462 393 782 438 344 625 206 992 732 852 471 262 79 717 338 710 44 140 28 311 719 712 503 892 995 476 932 450 960 713 983 961 672 469 675 979 547 998 339 850 989 751 558 733 504 739 505 616 821 612 926 977 477 151 172 461 672 648 629 567 499 963 84 660 58 415 820 377 139 360 494 590 786 556 476 606 140 573 556 736 724 640 59 228 795 932 
864 494 447 267 62 939 664 891 593 666 158 263 841 118 783 555 446 991 927 299 763 962 76 89 47 16 535 269 592 174 124 852 162 520 516 125 68 388 155 269 333 686 369 643 477 217 411 906 724 51 949 399 62 401 704 506 142 844 408 705 741 995 790 578 370 266 138 804 60 265 857 498 359 297 518 708 305 892 59 517 970 865 338 694 493 776 455 289 157 800 282 746 41 263 279 494 778 706 355 208 
747 379 532 933 970 445 931 220 792 891 320 267 477 284 749 386 755 822 398 270 485 221 363 88 55 591 647 156 4 380 338 630 653 893 5 984 750 491 949 677 286 66 302 738 651 861 53 668 3 66 418 129 484 538 237 434 982 559 784 48 933 292 47 458 282 974 199 917 520 217 854 520 164 177 830 67 49 457 266 870 459 293 475 24 150 387 532 522 715 126 762 836 552 867 162 690 868 951 70 997 
742 390 161 477 661 674 377 414 545 807 98 267 314 832 10 2 830 657 894 501 547 329 949 151 924 891 553 458 997 845 23 537 985 342 800 203 14 422 886 738 798 77 804 706 663 526 500 601 30 471 788 68 301 151 75 110 585 814 670 637 162 381 684 485 856 30 665 869 228 303 585 468 604 645 556 12 271 150 73 445 763 235 79 446 391 818 251 392 193 790 945 208 182 308 912 240 926 876 819 813 
866 389 680 370 420 15 153 321 616 529 416 730 353 721 964 475 536 465 430 243 202 174 616 248 852 975 487 885 731 627 596 199 11 100 549 863 551 847 77 871 576 849 925 817 724 235 882 548 350 163 392 783 712 326 618 384 896 855 37 327 191 133 373 705 709 405 307 719 701 970 604 346 253 67 499 616 126 513 712 532 621 606 14 624 308 105 613 570 695 535 935 463 73 37 154 160 409 699 807 575 
193 354 326 770 580 468 910 254 522 332 806 719 121 440 718 375 283 493 457 181 732 448 792 93 372 948 95 721 959 623 29 299 740 968 239 148 284 624 788 137 450 829 150 944 79 655 880 53 434 298 558 108 172 303 837 519 230 676 563 826 827 52 887 208 666 205 290 61 452 582 73 1 591 313 533 882 597 265 519 726 868 543 34 397 793 125 33 169 908 33 614 172 916 36 857 937 874 581 493 840 
510 457 161 916 674 213 457 17 896 688 16 451 179 505 95 332 513 923 995 483 827 170 580 20 127 365 423 377 76 909 385 564 750 437 270 293 731 498 0 882 1 935 465 499 317 747 287 635 688 737 77 345 429 419 622 117 742 459 336 120 732 51 58 811 125 782 123 608 328 410 6 171 883 733 723 156 465 595 506 11 226 588 643 184 711 480 65 809 730 340 220 549 819 510 861 48 2 477 110 195 
1 906 438 509 88 13 233 870 372 81 277 359 869 362 652 287 346 648 88 327 374 417 561 484 83 174 468 8 529 553 190 780 252 431 652 37 476 168 264 929 157 735 620 397 600 728 808 886 226 444 373 509 579 476 622 635 81 184 82 192 881 886 984 804 161 345 863 357 225 713 96 230 279 250 181 433 160 144 596 35 313 892 701 82 339 171 60 906 560 274 912 362 970 835 423 6 778 552 261 204 
265 69 464 651 452 531 398 325 567 69 286 781 744 122 393 800 451 293 893 139 607 984 468 704 17 641 220 795 674 469 688 32 866 564 950 65 835 384 305 870 471 561 146 47 857 966 884 59 474 296 247 172 201 953 691 968 301 264 585 388 737 854 855 114 740 773 883 428 78 627 694 185 859 443 886 225 250 572 71 100 669 846 415 7 730 851 66 252 82 719 510 364 428 740 871 638 571 219 541 666 
