24955799 25543335 25992770 26865178 24521309 24683773 21036066 26835491 27077375 27783221 27445961 25009790 28750507 25587450 26455508 28625664 27276387 25158884 26916025 26258408 25061397 26685452 26034170 23633434 26234962 25491961 27926307 26847406 27008713 28245224 25942737 30647240 27639176 26093413 26337311 24620322 28121786 26965782 25128213 26751867 29330051 25964484 26125357 23431301 26929898 27062431 25747390 24960080 26163779 25291160 24777109 29628180 24583689 26024927 28210654 26529677 24817118 24901914 26573000 25080192 25594214 24141985 28546249 25137008 28753916 26538226 25139257 24551130 25199063 29523635 25028784 26799551 28768669 27811462 27313445 26947776 27360709 27499896 26217792 28190168 26550442 25573779 28846238 28312106 24511863 29503390 27414379 27798797 30283493 24831481 24843717 28813886 26968870 25391549 25446692 25789089 26213052 26763908 27564564 28129450 
24891469 24756271 25039901 26050601 24738579 24840713 20867823 27271353 25552821 28073998 28342778 25552634 29041391 24443201 25780871 28263495 26830349 26447122 25614785 25765313 26072502 27508419 25725366 22952768 26160350 26891173 29324967 23791975 27507323 25595305 25030030 29791306 27639084 25853339 27477355 24794136 28151024 25579337 24999139 24816803 28978289 26533452 27044617 24386790 28393605 25263076 25170545 25173677 24892509 23436347 24380998 28738145 24534444 25076995 27570411 24274565 24378678 24901098 27381613 24396614 26265559 27061353 29734524 23323747 27833612 24685198 25894174 22637000 23003541 29189413 26981429 27648595 27780128 27668109 28049085 25672793 28265869 26415707 27136782 28188633 25928561 25818258 28381007 27771833 25151912 29593368 27971222 26832454 28466452 24613593 25504972 28661243 27884335 24443587 25518696 25749934 25014932 28296897 28658183 28284789 
21666994 22173217 23866716 24378597 22630457 22895439 20708318 24717867 23620103 27533331 25449667 21404584 26487752 24331303 25346398 26776401 24438113 22650042 21936373 24233948 24720838 23747614 22575065 20819219 24582294 23435927 25890170 24042205 24564418 24790385 22512641 28209608 23815601 23492512 24934437 22183256 25138208 24818858 23066343 23077134 25068957 25670358 23059836 22008702 23048042 23414588 22645279 22495045 23597052 22401492 23007972 24474694 21926472 22326138 25447712 23055229 23873137 23049176 23735738 21841473 21787351 21210553 25244222 22981716 24576048 23951909 23144583 20988482 21111857 26552060 22501700 25625973 25969308 24933795 24515441 23801610 25619324 22053889 22921021 23758616 24243307 21757349 24561224 24081527 22260167 26696500 25066045 23563265 25413665 20692175 24237862 26048758 24704324 22463772 22091548 22096821 24268434 23924345 25612312 25771412 
22812642 25098736 25822985 25106772 24133816 24178636 21350291 25769309 23417567 26920309 25714807 24050153 26693497 25994783 26447276 27391033 25032545 23652523 25144335 23929179 25662350 24921889 25228752 22115760 24717436 24989860 26300762 25643233 26380768 24618264 23017525 30542359 26128532 24590882 25482446 25178706 27877684 26053062 24087287 23323082 27552595 26642592 24488145 23273084 25350903 24813622 24413081 23898852 23574848 24209017 22947525 28492547 23477485 25171602 25945790 25278459 23004611 24223665 27258464 23680149 24327661 23439837 28601858 23243583 27227233 26715953 24398283 24427292 23842358 28060395 25566003 25065027 27969649 26075597 27270406 24640137 25627584 24399648 25031574 27691292 25131516 22914428 25744668 25643403 24378726 27177445 26173599 26417555 27799028 22958473 23699861 28750304 25668823 23764557 26519212 25461295 24725774 26385353 25047010 25768952 
22431588 22242495 22952363 24849084 21521904 22980539 18656190 23761569 25312745 25331749 25804056 22892816 25770046 25286799 24917641 27060366 24362332 23891953 21919353 23818263 23861712 25128002 22901109 21394314 24152058 25009594 26240821 24940017 24979068 24582207 22841502 27430026 24988869 24124126 24273490 22440637 26182381 26141364 23206723 23073029 25653804 25419808 23570202 22195006 25658703 23764199 23687064 22878303 22117747 22164244 22449908 27039831 22430018 24749512 23763239 23800724 20849479 24186224 25771405 21648241 22379424 22557545 26175910 22313021 25899951 25878799 22376161 22833648 21837531 26698244 24568852 25654508 25470534 26159267 24382436 23536356 24362476 24438832 23403154 26286917 23763139 22687916 23556475 24327647 22511752 25653408 24678727 23494995 27662517 23726735 24368136 28700244 22847407 23237805 24957533 24477278 24747505 25240463 25522856 23795861 
23151993 21892038 23164571 24134629 22417918 23317983 20001455 24946514 24076029 25781612 23356000 23826384 25579431 22561986 25613097 25364231 23143136 24938133 21396299 24148169 25135947 24296387 23901071 22062028 22144464 23453536 26272015 23942922 25245921 25989315 22449221 26811834 25302856 22351693 25692324 21491806 23509223 25530441 22145589 23981057 25075509 26580060 23757375 20967810 25339519 25444210 22945293 23107761 23253675 21897351 22280370 26413515 20565707 22895162 23492776 23475328 23008890 23337511 24679359 22532943 23146470 22720090 25825548 23400531 24619262 25887044 23247103 21259687 23372800 26078896 24803011 24582245 25348394 23569169 24196594 23118706 23570928 25874657 23812736 24488122 22634807 24092050 27448996 23554067 23216642 24859852 24920376 24484911 26653126 21738012 22138151 26101382 22963676 23758585 23989351 24179002 23878497 24516000 24206634 24239649 
22154374 22550159 21006066 23125831 21364519 21585527 19208821 23836508 23783897 26714833 22557963 23621709 23798989 23948150 25434026 24155658 22446222 24224680 22270206 23070124 23069489 23814676 22042497 19409518 23139204 25201888 26304627 23520966 23463105 22939738 21324528 25610501 23990816 21472441 24166292 20171146 24059628 24082144 22389555 23226301 24805181 24970161 22518778 20805922 25271364 23395863 22035241 22230995 21656897 21951142 22179220 24041826 22675899 23036916 25545146 24322982 21716930 21591509 23856007 20389493 24094670 23005777 25800718 21546990 25232088 23791631 22280129 20367773 21401379 25025514 23362689 24519666 23839743 24874083 23269885 22429417 23391270 22809336 23601805 24633296 20741214 22367871 23848971 24063895 22406466 24185640 24444698 23454023 26130458 21688734 21938662 25986720 23161265 19888072 23656007 24053762 23605806 24422407 24470935 24095619 
21774197 20779075 21919569 23065945 21864188 21349382 18893688 21516640 21498695 24365801 21200207 19649023 23271503 22193947 22925374 23544661 21601266 20729504 20869245 22251821 21651674 21851203 20618433 20059310 21732461 20907439 24017117 21750970 22665036 23728626 21170286 26357340 22498434 20644075 21960770 19671278 22506074 23171665 21821192 20234079 23927364 22872318 21007129 19446309 23112676 21844193 19868335 20316480 22404171 21369436 20878190 25931590 19385480 22392928 22658811 20881581 20170921 21092255 24529194 20013267 20014625 19935193 22330939 20750354 23373502 22427777 21426352 20614916 20432220 23244720 21323229 23319380 24740425 22173716 23058084 22046030 24375641 21929423 22339592 22590535 21195387 22394065 24658487 22206983 20016824 23468847 21752161 22501300 24639799 20260023 21042879 24942459 22965767 20134203 22735228 22211699 20420942 23012318 21644511 22625851 
23868075 25058654 24737956 25872669 23112075 24138208 20616763 26023254 26159670 28481315 25607734 23626199 27275381 25521031 26537841 27632337 25230592 25246746 23731152 25906447 24174137 24548361 24750909 22220611 24708293 26337915 27525692 24900646 25830088 26361981 22753764 30146186 26554730 24671564 25587218 22964410 26975366 26758708 25162296 23847930 26390939 27878482 23773420 23897139 24966913 24626546 25132583 23791116 24915760 22987759 23496684 26408986 23986382 24711245 26167049 25839396 23789496 24488817 25324571 22789136 24415830 23090234 27205721 23447981 26612356 26339705 22711339 21683787 23187213 29518139 26091724 27315380 27052648 25715642 26633772 26358265 26323019 25262328 24068810 27588787 25458421 24275788 25235001 25555764 23518802 27771069 24761614 25273173 28458149 21912144 23976965 28656014 25278532 23864633 24862281 26639397 25249879 26467862 25435103 26064468 
24441972 23595519 23653412 26126247 23083283 25668255 20599810 25142769 25592116 28643246 24066986 22715593 27867334 24438677 24944331 27064660 26426396 24536829 24089005 23236450 25475971 24472923 24598635 23939897 25455651 25983135 26996852 26439814 27168597 27579188 24255115 27897353 26274748 25461968 26470802 23896386 27909726 27339779 25941555 23817119 27395509 27120985 22827475 23267903 26444539 26250915 24542092 23339431 25339440 22514385 25290354 26413129 25083595 25815102 26524021 26586313 22913281 25054513 25498710 22998235 23996807 22331011 26069874 25755150 27335941 24751511 25217699 22323904 24072974 27702166 24212106 25557367 27911721 27343119 26204786 26687135 26664057 24409557 24390342 26280965 25659533 23650561 26563028 25536210 22583152 26869519 25654151 26326010 27933902 23227798 24132842 26868726 24654902 23850080 22463776 25642161 25752383 27687318 26463669 24872640 
26587141 27148123 25976003 29265654 27224605 26877372 22194246 27630604 28960069 30044183 28675695 26079743 30640277 27960104 28812570 29338283 29100180 26486303 25806936 27204408 27512043 27855646 27616496 25305291 26854038 26118993 29413567 27649019 28258121 29134340 26491366 31696485 28630770 27222468 28826976 25654175 26913229 30309523 26346117 26069826 29812961 28212296 26254637 24487376 28819016 29486964 26517919 25685460 28036457 25262811 27077955 29873311 27726252 27747937 29029081 27976762 26974556 27438084 28798478 26540115 26073300 25131797 29679726 25762381 30188090 29698479 26113680 22756933 26364071 32046114 28810664 29301964 31479616 31601186 27806717 28124446 28198167 28219409 27661877 27929809 27162067 26224876 30027188 28907209 26320142 30520675 27149533 29745822 31377947 25022153 27217071 30667252 27424131 27520562 27723069 26657973 27949580 28210470 29096947 28175148 
25850420 26023155 25719768 28462221 25179377 27420176 20870011 27784130 25528450 30058875 28180005 24502297 30385404 26773137 28461574 28649147 27211829 26188357 25753666 27458687 27040454 27493918 25985773 23607899 26964991 25801208 28907820 26414483 28199292 27373645 25735386 31381377 27451323 25366628 29423464 24071475 28420695 27159573 27146112 26590343 29154484 26783689 26908687 24169269 28485967 25881173 26353238 25643571 26267693 25267991 25793516 30885750 25194184 27588994 27329030 26890195 23835086 27004166 27043766 25308770 24029653 25298573 29573805 26981892 29545974 28190238 25945656 23467083 25278370 29138927 25811968 27410571 29107078 27302756 27046477 27106943 29028527 27065521 27766627 27820165 27681011 25296738 29076268 26860532 23811903 29477186 27969768 27424281 28966229 23639470 25122151 28858700 28230777 25899497 25478909 26172982 26771985 29279743 27482243 26802261 
25852513 27351170 26983149 29159899 25748049 29329809 22247442 29430890 28713115 31528586 28812594 26699894 31032541 29129995 29815848 29853656 28400903 26921030 27598970 26196207 27879853 28299884 27958904 25021492 29085239 27380886 28290459 28652015 29975744 31099388 27123420 32689332 30236203 28082343 29599385 26055920 31239127 29725776 27576049 26050767 30921020 28496641 27778488 26313627 28728575 27703563 27378144 27344248 29751647 25356044 26890096 30899526 26744323 27109466 29644408 27002454 26452130 28327957 28851228 25037663 26866106 25713586 29863145 27992491 30977904 30021235 27615573 26119284 26938701 32235352 27816134 29471984 32241999 30018463 29089345 28467241 30125815 27813871 28910904 27930271 27488575 28077590 31993002 28251438 25528717 30126211 29503966 29749211 30039306 26569140 26035819 30959028 29188538 24857575 28096460 27645685 28211200 28882642 28921054 29847825 
23764815 24754434 25667338 24366311 24667175 22924120 19379749 25578286 25115548 27452257 26192256 23577531 26800059 25063578 25567565 27095277 25282889 22684071 23196807 25516784 24345649 25838411 24186091 21970411 24768228 26323103 27377653 25063353 26263193 26586466 23143368 29976949 26574425 25084965 26987479 22543609 26568342 27312696 25337983 24305871 27572004 25298551 24009941 23153767 26833574 24533044 25692577 24570907 23757119 23407665 22395720 26118871 23658582 24002401 25790706 24600443 23875981 24449238 24840181 23107857 23055072 22679407 28593466 23220313 27022730 27001028 23930164 22965301 22631978 27485751 25604840 26373890 28695554 26553999 26165531 24586771 25750201 23352756 25213151 27889027 26119900 24079149 26566858 25229888 24602664 25108953 25405185 25888692 27470436 24012600 25755163 29155218 26349853 25157514 25547939 23800425 25222221 25322880 26342604 26423698 
24726316 26157981 25300152 26470696 25310619 24434639 21943150 26756753 26171329 29213225 26286871 25864982 28197574 27723711 28257457 28361068 25108736 25657453 24425261 25804211 25900073 27438032 26878998 23301039 25715066 27700050 29409530 26821451 26670488 27520897 25900069 30911739 27016071 24312426 27641532 23523070 24918634 29071930 26443697 25900948 27074229 27721095 25591528 24353158 28920822 27732487 25621245 25172950 26092703 26017953 25156125 28920169 23189395 24922809 28210775 27064123 24143441 24438483 26924720 23263432 26029203 23784646 28936649 24942134 28266004 27612815 25219634 23121430 25156602 28959411 27654370 28316475 27636587 27733144 26294076 27342155 27992718 25977637 25574322 27608031 24293184 25619534 28723609 26402842 25316972 28685752 27345953 26488019 29245378 24482204 26175261 27671576 26133305 25221756 26429419 26721901 25822528 28297136 27976504 27648624 
20923428 22493382 22521353 23970616 19817005 22732970 20026693 23512455 22660161 25384078 22125829 22384933 24818876 23776087 24374492 24445038 21481104 21988479 22941405 21368628 22644306 24253770 23071959 19697327 23394750 22402688 24913969 23498588 23700419 23462811 22452344 25634556 23361141 22159839 24141984 21028318 23773341 23066896 23484068 21881234 24177836 22821050 21835699 21079166 24563809 22357195 21371487 21681926 24344149 21111418 21839811 26006361 21260569 23438430 23384626 22884356 20443054 21863519 23287853 21137990 22756168 21647488 24629032 21113878 25635446 24478346 21339335 20991850 22142713 25435979 23953103 24301393 24709265 24045713 21963612 24168753 23867043 23773277 21280244 24041279 21940426 22469702 24882152 24690889 21715885 24815350 24244146 23954913 24695766 20658669 21041243 24517179 22216178 21966948 23619459 22434053 23522338 25291260 24208376 23961029 
20903742 23383170 23829628 22883791 21753861 21496564 18792001 24102430 25125249 24935475 25054237 22660268 25813900 23474850 25086040 25786486 21888135 23690455 23336139 21955603 22852144 23368320 25007043 18718556 21383467 23161714 26839796 22881367 23527831 24830774 21927007 27006153 24811242 23206032 25136407 22603292 22697741 24783580 21838883 22241151 25795203 23148866 22910238 20711066 25375743 23383659 22956222 22667854 21723785 22541398 21667108 26430142 22197159 23084739 23043892 24002174 21408627 22712252 23631344 21110162 22321781 22613300 25581715 22556228 24870895 25509792 21943295 21340691 23483099 25592774 24669154 24527371 25539676 23886064 23789773 23100529 23218395 22685851 20872254 26156114 22313214 23267089 25646223 22111226 21408222 25362322 23573937 25944464 25785116 23618503 22446221 25736512 23798099 22378901 24316224 22561191 23656050 24717592 25394171 24259013 
24035993 22745554 24330856 24614651 22107343 22979414 19865208 24560317 25066282 26663085 24650227 22045123 28328296 24091920 24003774 26997106 24489038 24635682 23992043 23656681 23536657 25021063 25785938 20516984 25411258 24534834 25413625 24331013 25247305 25093443 22075582 27624543 25476337 22863763 26028265 22849522 25569064 25028497 23669601 23122270 26589858 23601642 22774262 22423092 25457231 25428993 23212260 22604121 24651642 23360571 22255119 27065232 23735022 22987990 23290568 23744818 22540584 22709816 24696898 23666695 21508692 22349718 27253546 22620709 25466561 26338435 23139348 23105675 23553786 25962500 25801351 26326901 26397693 25364167 26049556 23472064 25574406 25773305 24670544 27755082 23947409 24445355 26834528 25199197 22370301 27326462 26174111 25735829 25752973 22916437 23657708 27281362 23317053 22571061 23270133 22815359 23620754 25919101 25356749 26357634 
22793432 23909970 23065796 26680744 24248547 24884525 20125384 26774746 24155034 28288884 26374957 23656174 27506697 25073436 27565476 26516358 26138139 25238838 23896129 24238426 26563245 26213962 24558356 22778016 25512406 24257067 27417506 24884254 26899964 25354273 25763409 29925976 27446492 22620663 27703606 25830192 25735150 26623652 25496562 25297002 26092417 26745614 24761570 23668794 25694182 26840318 24374788 24086136 25360143 23648120 23669113 27756429 21806231 23923307 25911828 26095887 24699212 23927723 25847452 24330008 25508607 24120509 27835852 23510786 27300042 27360570 23245605 23859329 25253887 27472072 25783878 27696941 28641919 28405501 27540028 24980685 26529785 25033374 23766206 26985770 24048091 24981258 27601647 27065114 24455200 28497422 24558584 25958498 25902226 24160133 23946679 28395993 25227562 21489820 26744249 24961430 26588687 26967126 27783470 25555429 
23689861 23162354 23221712 23690886 24137806 24569509 20892545 24615220 24383433 26904995 24217235 24116831 27845019 24255327 26202808 26474641 23945169 25255057 22290792 24593978 23961604 25809114 24177187 21643356 24336190 23674194 26554513 24047383 24844698 25293078 22233409 28076882 24792348 23747092 26331680 22528675 23572579 25091476 22418878 24688994 25947833 25809327 22391441 23544410 25827366 25436703 22698979 23970616 23612257 22776657 23991132 27162051 23325133 24091486 26299136 24888383 24228254 24688876 24908050 22884350 23595195 23726303 27167771 23243462 27059670 25564521 23608083 21217816 22491004 25641901 25695575 24284961 25646670 26543906 24199940 23399225 25264246 25909573 24905336 26821925 25621154 23560229 26341345 25540519 22359189 27477333 26094125 26516982 25997526 23102207 24133498 27379479 24136710 24886100 23847187 22813053 23572414 25293455 25507288 25665618 
19783726 20785610 20483827 20704212 20535520 19940866 18449828 22826879 22583622 23315164 22435553 20549499 24085437 22890538 21581034 22841747 21087370 21017789 20603523 21333418 21224463 21768853 21404995 18724637 22055833 21149338 21347023 22898652 21255634 23171499 19946306 25692271 21702794 20872581 22435393 20858136 23560754 24014489 21747752 19978606 22109796 23069806 20436539 19109041 22460088 21044367 20693758 20565366 19383425 19638284 21205612 22687663 19599972 21191486 23375856 22567534 21044378 19731817 22458895 17997875 21311322 20194742 24606579 19880088 23597094 21936617 21891908 18979209 21399369 22726804 21777200 22765187 23588658 22928310 20782459 21230096 21466540 22426764 22066653 23014584 21260788 20992848 22438310 21938733 19872154 22747669 22230870 23024293 24182002 19115562 21308828 23732647 21647582 21007205 22212491 20462515 20394598 20680279 23189524 23376973 
24391574 25603777 25354809 26641369 24407450 25127823 19792530 25965735 27743437 28860594 26995248 25428525 27403268 26786667 27552869 27513949 26274448 25765421 26058701 27542049 27032683 27305285 24882475 22504280 25498909 26581605 27425967 26915716 26049757 27130787 23468467 29355329 26509568 25515602 26357431 22852099 28848542 26576906 25750604 25952475 27353206 27772771 26820825 23464205 26948660 26290053 24852213 25810210 24107577 24853437 24693830 27478640 24859269 25431832 28580943 26005508 23012405 26165675 27379021 24207722 26034695 23951435 28442369 24976852 27661669 26559413 25710990 24323103 24588634 29601315 24487924 28632981 27372532 26779504 27212355 25086619 26479003 25762678 26275221 27633907 23388969 24432288 26745586 25366770 25036410 28924835 26225686 26822986 30772591 24530167 25200584 28088914 25762649 25041094 28110593 24211383 26229327 26469939 25672101 26417445 
24993695 23716082 24458022 27819656 25568207 26024245 21790291 26021731 25431994 26762972 25917524 23569153 28355208 23779113 26359509 27732272 25189584 26889375 23689902 24902023 27914411 26364921 24591880 21877353 24553001 22583401 26004702 24067297 25529329 26975837 24263685 30740202 26136256 23985687 27531874 24462324 25478650 26698044 24360484 25549627 27377999 26298042 25032164 22823279 25268588 26175809 24891284 22894197 22601403 23976831 24942407 29307928 23948508 25759647 25360503 26169562 24123830 24657506 25577515 23908071 23649454 23250369 27948183 25087463 26798262 28642433 25150101 23542568 24939847 29006466 25037159 26405513 26710169 27433912 27564977 26850417 25917332 27356274 24432605 28451399 25166520 23361632 27243983 26341373 23486633 28452194 24785527 26476098 28610000 24127763 24391793 29002476 25033325 24818875 25121077 23645514 24885595 27874365 27402354 25290454 
20266697 22352208 22272021 23920356 20679428 22638084 19137822 26356141 23828656 23529450 22424437 21948161 25578402 22168256 24949220 24798779 22332512 23119759 22515384 22446928 23874708 23333521 24048586 20556907 23197107 24490388 24011529 23599247 24404506 26288645 22489423 26672241 23914588 20855857 23436496 20473703 24576812 24771952 22902663 24962153 24435736 24801110 23235516 20561690 25556609 22367073 22616384 22288325 22486114 21701633 21325650 26234407 21611591 22817821 22554293 23135291 19906402 23898047 23513065 20925763 21759954 21449888 24470959 22263333 24883942 26180795 20986198 21389056 22744311 24950545 24406591 23055549 24249153 24243584 23115374 24465218 23982809 23553199 23335030 25442293 23571864 21868504 25543607 23251864 22133436 24706247 23530073 24286200 24921688 23355981 21149214 23226791 22875489 22448887 22801385 23210287 23739400 24230132 23056952 22189378 
25679884 26755355 26802207 29717780 24400121 26476755 22491551 26777517 28071500 30896611 28921186 25522487 29206884 26863336 28468353 29636182 27785463 25460837 25490448 26283273 26994541 28374857 26318176 24803463 26961030 26706331 29408323 28687000 28696983 27090511 25741678 31724495 28485966 27716076 26890097 25781672 28246958 27446515 25609130 27286117 29624920 28492841 26842665 24724997 29265362 28297870 24725494 26198829 26415110 24648860 25835827 28434738 26051082 26184543 29230484 28374252 27313082 27144428 28552867 25469900 26731427 25546675 30040486 26429038 29190286 28388311 27123089 24397702 25094655 29396335 26145965 28705708 28700889 29112409 27798380 26317803 27151710 28453838 26576161 27997022 26479415 26535166 28120216 29705374 26699673 29672900 28234549 26579984 31072238 24210041 26540063 31140397 27129173 26087150 28333002 27555980 27591953 27418412 28840418 28275621 
24661669 25483892 25691637 27167029 24058118 24269853 22146796 26637951 24540684 28632180 25169957 25552484 29975178 25854700 26788294 27250250 27156072 25207803 25616789 25775247 27482766 27389604 25693727 22517886 26822659 26596681 28251290 26126148 25775259 25661691 24664969 30811915 26157741 25500846 26728853 25087155 28261191 27098591 26001875 25749977 28505910 26935061 25176451 23913858 26945148 26896640 25057700 23450683 26355335 22924073 23763045 28954791 24911800 24498465 27166742 25736833 24212634 25635482 26378469 23838289 25189643 24612655 27915405 24089153 27429953 27783007 24984414 24399072 25502519 29622224 25220929 27676347 27665779 27240075 27287598 25907100 27798882 25960498 26523853 28391740 26224235 25848356 28453272 25674570 24921796 27425086 27576190 25551920 28091412 23415283 26718213 28754109 25788594 23536054 24786076 24338795 26091008 27049377 27881394 26931668 
22782852 23807202 25224101 23393751 23581976 24542508 20536297 24953595 24897307 24292053 25604192 22496380 26289257 23908498 24683826 26774879 24867312 23016844 23024944 22942082 25649467 23955805 24392475 20993828 22988591 23947123 26685838 23230632 26181762 26590121 22568884 29133351 25887852 25067877 24198996 22200888 25015604 24933138 23581558 23055695 27577914 25684800 23915108 21508476 25475660 24933625 23669315 22290150 21503195 22484037 23297604 26767979 21794431 24653669 25371975 24591291 21584365 23079141 24687226 22659734 22200068 22993114 26215871 25335349 26130560 25033746 23923597 21022346 23558345 26598805 25763997 25037654 26082919 26405490 25871642 24900045 25862222 22902412 23603712 24977217 24088687 23841067 25302329 25101519 22890150 25828285 24169944 25459279 27720863 22953477 22436355 26617030 24869026 24175071 24112452 24236239 24887960 24020320 24711159 25607963 
22773100 22622250 23615426 25018506 24388084 24514876 20249888 24612105 24716392 27915984 24603678 24123018 24800174 25057376 25974832 26017473 22596385 24943383 22922411 23848044 24283610 25303842 23133434 20693234 24289543 24244394 27793255 23634322 24656506 25445752 22618360 27984043 25892319 22685530 26507788 21385768 24759335 25857892 23814037 22156931 26680236 25837886 24868657 22565557 25964375 25273928 23053199 23784389 24102466 23261945 24549603 27354300 22525334 24769967 27122264 25280605 22965196 22525095 25765178 22043828 23928406 24084705 27637294 22846958 28252686 24524681 23815110 21353466 22981959 26803618 24908553 25442913 26627435 25942131 24498156 24214287 25977043 24394872 24346021 26708412 22492847 23844547 27062937 25847454 23721719 26303466 25981920 26041034 26711976 23434107 23796674 27792375 25879220 23348797 24074224 23399420 24708208 25463551 26274078 25877275 
21953210 22188915 21857860 25174149 21617962 22247219 18502587 24092623 24067961 28064502 25189033 21944643 25666959 22537734 23852204 25964030 24242353 23219859 22590720 22634021 23522907 22954506 23287555 20977464 23372397 24153103 25282490 24239357 25918621 25185992 22470206 27114418 24184693 22810982 24321142 21838801 25528842 25407765 22906147 21727644 24389417 23982859 24341803 21770334 25384309 24518198 23201354 22933653 22451070 22505430 22611249 24916993 22332390 22279072 24885194 24954748 21963881 24184177 24412621 21817462 24370698 21753138 26011289 22597542 25438822 24387373 24649823 21063802 22504266 26568352 22874184 25139414 26201965 24375802 24926761 22329152 24517551 24089049 24362802 23886699 24184600 21885717 25397034 22924393 23213546 26177752 24824344 24384100 27550536 22181601 23399646 26218042 22941225 24076017 24601641 22269435 23091525 24505949 24286055 25409452 
24483957 24728687 24523837 26755830 23607847 24575188 21219863 27582010 25237401 29433091 26344493 23408798 28204242 25283194 26829614 28463268 25046513 23470681 23439472 26006657 25265704 27085083 25398667 22535666 25092337 25482698 27652669 24906975 26956246 25835010 23177389 27859632 25794805 24181417 26315103 22110165 25859305 26917967 26356092 23773244 27094432 26529041 25777972 23757320 26267097 24350783 23773609 23260572 25406599 24549561 23189590 26467977 24002030 24531475 27292829 24074055 23725459 25088363 25045422 22591246 23703508 23640530 27361850 23788319 27149142 26983928 23382379 22587407 22967334 25966272 25936743 27541179 27532487 27050171 25722924 25497344 26393749 25829226 24697957 27429707 25143611 24947806 28168554 26365525 23740634 28245099 25777946 25885721 28047639 25003719 24928113 28697620 25492322 23543914 24591114 25060303 25382047 26537356 25394083 26772739 
21375663 23784712 22247127 24795904 22506127 24128776 20717380 24583086 22719251 24924323 25335206 22157436 25418076 23516215 25639442 25735363 24630331 23586316 23326730 23832823 23783175 24247371 23586479 20706691 23635420 22785560 26321751 23203316 26377278 24328625 22933932 28702541 24693200 22145526 25463018 22506796 23865703 24048900 23330800 22940284 25585886 24944687 23455369 23119089 26420037 24966161 23808910 22724534 22120589 24223554 22544010 26362729 22423202 24381679 25088258 24892788 22858194 22679922 24578328 22517002 22226447 21710836 26379678 23274598 26548803 25843009 23013350 20218647 22781595 25492313 23842012 23624448 25499555 26146719 23598488 25411759 25299838 24728177 24392805 26459573 25153104 22157817 25997913 25429590 23213344 26285889 25266808 25943300 27573962 22545211 22962812 25799610 23064780 23757465 24861232 23548511 24226210 23712262 25322364 24255803 
24396607 23951865 25419947 27822380 25122616 25440743 21355440 28028388 26197343 28859189 26478950 24466439 27127563 24869811 26138364 27383317 24909837 26311586 24403668 24860470 26365025 26506184 27258535 22265129 24378462 25116294 28759297 26835331 26257091 27474150 25173132 30661992 28365103 25779933 25944583 24882013 26379063 27327821 23698014 24835869 28585263 28202079 25475870 23383133 27811251 26685575 24296672 24876214 25836329 24077026 25464661 29380571 24225870 25154310 27640217 26634469 23358436 24662464 27024260 23864042 26361505 24218632 27875070 24715001 27526942 27359437 23705595 23800843 26322661 29982099 26452459 28062916 27397171 26428781 25386587 26930592 26059531 26885886 26506851 29247438 25466661 25977269 27979894 25867302 24599177 28727297 26260138 26706989 29739587 24489629 25817017 28998310 26518555 23762477 25543063 25910943 25595583 26883955 26840519 26821182 
23021248 22261968 22519227 24429670 21020241 23480793 19163646 22127148 22740141 25527238 23189253 22192439 24168208 23045882 24494348 23726404 21493249 24467094 22590216 24105977 22507487 23724545 22146318 21452032 23671585 24369131 26987423 23224903 24030995 22436873 22406345 27109389 25380552 22954605 25130196 20813317 24686408 22738489 22361507 22330884 26358518 24215874 21802408 21613759 24293020 23459156 23662897 21804235 23510152 20853707 23507766 25198872 23538833 23846345 24826910 24924887 22589345 21911187 23432331 21981562 24229617 21363208 26144531 21163819 24787044 22122040 22031974 22059870 20999384 25486992 23405280 24946368 24836718 24754055 23694998 22839384 22649548 25100120 22796963 24965262 22632498 22837166 24977588 25779783 23912881 25680590 24758285 23971787 25230930 22058267 21916994 26789333 23328875 20439391 23062279 23491235 23431764 25876428 24489267 22809925 
20270340 22199172 21351102 22041673 22668124 22579642 17890091 24510584 22572710 22748771 24516810 22597156 25138920 22531939 23034775 24688506 23070705 23276471 21571748 22556857 23531620 24618379 23102366 20721597 22834599 23559015 24950806 23418317 24172966 24195031 21552857 26964742 23886533 24262711 23937780 21586667 25262474 23395576 22698225 23336369 24183018 23297564 22669008 20139300 25496306 24153829 22329719 20909029 20808460 20761201 22382434 25166710 20851577 21750420 23772919 22911228 20843493 22518819 23357037 21631977 23434995 22349238 25385311 23185874 23678194 22639931 22768913 20756938 22444516 25404795 22563144 24026758 23965645 25117919 24435820 24458089 23611377 24453429 23430412 24151347 23624440 22536695 23549971 23567769 21354465 25214861 24776365 23824970 26400960 21282738 21605754 23463639 21995239 22715295 22300421 22331926 23838130 22814492 24567480 22585528 
22791990 23402780 23867783 26400223 22652886 24360271 17582745 24944116 25207392 27707957 24988429 24611121 26175403 24935970 25733951 26740498 23675354 24429957 24586637 24982492 26612674 25961595 24699117 21563870 23441268 24923315 26453636 24845150 24544624 26123840 23874375 28985372 24775097 23439865 25192248 23348761 27251628 25925967 23761154 24756224 26863171 25743422 24636191 21350415 26375852 25669732 24019918 23971188 22432378 23102979 23513884 27065083 23097286 25200982 26364444 25821676 23397343 24968929 26006346 24249981 25407862 23269020 27378387 22551192 27403318 27116257 23630892 22778925 24383535 27209194 24656366 25547237 27288292 26402919 24796765 24405174 24587182 25318610 23355347 26109263 23799032 23628459 25437900 23743538 23186361 26582486 25597542 26265795 28700358 23556844 24926502 27882184 25924663 23548017 25331357 22865589 25481297 24940128 25689421 25209515 
21416659 21318515 21939886 23676757 21282792 22266827 18241597 25017192 22813194 25958074 22572697 22377429 25588938 22670443 23004951 24962560 22561160 23312065 22682403 23039066 25832642 23768344 20714714 21188195 22273447 21902629 24750512 23434962 22927382 24609370 22736825 25178513 23140821 20956971 23145224 21641231 24847220 24132805 22012951 22708330 24251332 24276186 23185413 20318821 23693374 24404539 21714643 24887258 22685349 20321414 23044497 25100049 20766732 24641941 25133834 23874942 21554181 22395622 25147109 21711434 23329845 22916576 25417181 22226728 26242530 24738547 22842944 21648770 22637326 24960172 23869814 24491424 25248922 24966710 24087630 22703325 23725976 21271039 23661484 24816758 22746346 20787753 25796035 23802178 21914025 24676979 25258717 23560862 24737138 21715740 21803641 24940959 24879379 21059535 23872581 21008736 22915354 24570596 24132291 23998843 
22806912 23108269 25427859 25365774 21790742 24167737 18948769 24533472 22771709 25455576 25009010 20946414 26412482 23688617 25189617 26864463 24455648 24281110 22760354 24258063 25456044 24321012 24628296 21713030 22990994 24011058 25021708 23640036 25193940 26369263 22536067 28174031 25330655 22585382 24644681 22772497 24179983 25159796 22870580 25214511 25331378 24870976 23424067 21511173 24114818 25064077 23994932 21770034 24389295 22601999 23945956 27926499 22055052 24536642 24866687 24551064 23149730 23160674 24577568 22180318 22183126 23460154 24611001 24633328 26356111 24806107 22675159 20566053 24078976 25435562 24225767 22805824 26228536 25376038 24432294 25338370 25015591 24582724 23469999 25686010 25522015 23935727 24896208 22969269 21734918 26057414 24471873 23343021 26691477 20937836 23215667 26729940 25728180 23714099 23800871 25463760 24439345 23210950 25981816 23289298 
23821168 23386522 24959799 26666434 21462077 24841247 21470319 25426924 25934539 26975811 26014389 21025347 27422205 25992019 26452485 26818528 24432994 24185143 24892485 23844824 25569107 25852921 25686774 20390186 25553242 24490524 26350129 25041286 25676860 24853015 24402886 29562676 26858342 24028422 25142065 23119480 25498379 25167893 23734732 25002138 27796358 26093623 25193422 22258959 26861254 24386452 24028713 24621140 25737669 23914575 24586418 27144270 23715105 25788672 26655872 26432833 22868571 23151063 25269910 22508581 23358152 22477398 26495194 24710099 27486305 26587134 24036779 22050257 25148983 26239281 25470178 26321225 28045307 26001014 25168898 24699192 26648476 25367286 24322743 25331602 23223710 24626132 25806924 25045670 23246425 26968955 25801645 25750914 28842008 23326519 25307471 26065348 25458438 24063976 26029324 23893895 25379893 25705034 27376848 26540979 
20289964 18749483 21108770 22874143 19317564 19965146 18053766 22413438 20211958 23843198 22327697 20230313 21950596 19408225 21696640 22765562 20282095 20907018 21142724 21464918 22007287 21717896 21615940 18076842 21651723 21064032 22455131 20762544 20798882 21407776 19784565 24505231 22252183 18909817 21729392 19711954 22640360 22076618 20467810 20257873 22297119 22586328 22047773 18280726 20539516 21602917 19507247 20939366 20194483 21254548 19211033 22914906 20038936 21327979 21431957 22384487 20141360 18515858 22673966 19863966 20853672 20522742 24059737 19947269 23520732 22772724 21451699 19631111 20670954 22195886 22246538 22673582 22398393 21162898 22455667 20769998 22774664 22468732 21981529 22343510 19848643 20311330 22090678 21412341 19559936 23700735 23006275 22478649 23333488 19921398 22095537 24224175 21404834 19981591 21497478 20366019 20924027 21512066 21821373 23004620 
23419078 23209567 23631296 25144093 21842522 23186175 19749860 24140300 24034413 26097197 24036491 22162430 26147670 22018665 25152582 25109530 24366401 23936589 24033466 25286041 24509916 24260216 24629432 21255914 23078195 23822890 25971045 23254330 25411413 25195853 22757204 26911736 23972615 22699496 24253031 21259178 23655801 23839892 22813563 23495474 25637689 23917892 24532643 21559983 23495931 24283695 22542469 21890891 23092298 22554415 23554247 24255020 22450480 24372101 23433203 25583902 21478574 22961247 25280658 22895215 22743647 22795009 24994869 22991139 25259366 24517606 22248367 21017521 22813403 26451132 24483295 25083877 26740224 25108159 24408300 22930284 25195941 24436390 24113660 23409301 24848203 20765844 25889045 24717542 23373214 27352120 23572256 24535047 25746599 22616259 21229424 26699435 25022602 22800772 24028837 23735052 24007662 23806316 23431264 24414602 
25090942 25207383 25023004 29273375 23970533 26220523 20362017 26804365 26592015 27409611 26649957 23653447 26607923 24868768 27779419 27678233 24606225 23624299 24478287 27833233 24430559 26759726 26379272 23971191 24896200 25012656 26957360 26659876 27006127 27396899 25208254 28994978 27123351 24674155 26576680 23799513 24846401 27533676 24267980 26212710 27320901 25757083 26859883 23617957 27007862 26768692 24857027 25318056 25256922 24532157 24262423 28216056 24277407 26342990 25122930 25834972 24296611 24902990 26396306 25412239 24233149 24085000 27974656 22711402 27489505 28765038 22896006 22259926 24659347 27810763 26906062 26266438 29788302 27540080 25961117 25050441 25360735 27832717 25886488 27428605 24372843 24546935 27850997 28415719 24401098 29238975 25834264 26727361 29560102 24289841 23407591 28823530 24999768 24614154 28196311 27076175 26521473 26384415 25352885 25457920 
21360106 23382130 22891836 23972562 22724619 22685281 19196581 24661999 22837090 24037325 23405599 22559487 25185551 22016766 23615147 25852231 23222536 22533546 22185929 23816401 24128185 24512226 24239844 20987662 22992042 22745628 24418939 24169705 23786118 23877821 23494048 27303143 23794233 22084275 23924422 21827136 22857494 25042817 23028456 23146603 25527100 23439171 23922915 21335586 24813755 24394600 21266194 21166160 22187708 23035504 22349777 25669976 20799022 23499397 23293980 22991230 21487002 22524704 24284374 21850464 22961005 21685245 25626297 21029108 25405549 24275287 20526996 20632934 23357299 26972076 23852095 23813085 25796408 24213977 23810523 24360586 23723872 24033055 23335949 25371339 22898532 20651661 25423022 24038206 22059673 24299818 24523061 22810606 24973298 22124793 21331465 25894850 23668576 21961586 22574205 23463505 23184930 24016729 24026299 23180077 
25552212 24937114 25764593 27942493 25509473 26548153 21640727 27122473 26777217 30208207 26894625 25951344 29315331 26181330 29314996 28746405 27076699 26191820 25850733 26484229 27064668 27080779 25118268 24663190 27228790 27202224 29690479 26457575 28687028 27689778 25602170 31686897 28531047 26093734 27839705 24500507 27616161 28488571 25664650 26796050 29763068 28730220 27872144 25773708 29500988 28138873 25955150 25756698 24398350 24974162 26786572 30381064 25749926 27747632 29379334 27739615 24054568 23995307 28110238 24791327 26427079 26113569 31369236 25449967 28703785 26691765 26251279 23814257 25945537 30065395 27695175 27948488 29736232 29162641 28805467 26285628 29063831 27410029 28178214 30182588 27081718 24556242 28339316 29304165 25846866 29045494 28692639 27310783 29044201 25922843 24415498 30174073 28584996 25345380 25655209 26872314 26701730 29211338 28277682 28953371 
25104010 24813850 26165962 27914368 25435995 25224406 22249134 27038817 26859382 27321068 26274583 24498587 27989335 26495704 26119064 29417542 27452117 26221995 25303790 26307788 27499586 26893725 24510483 23418031 26565434 26432761 28676306 27113984 26205638 27207559 24295551 30816311 27913578 25515321 27433040 24647458 28674573 27822287 25925878 25305088 28080847 29400321 26234986 23893837 27170016 27119405 24103405 24324750 23490810 25027959 26108169 29680026 25358549 26873757 26370304 26440548 21930642 25168457 28376538 22895298 24511492 24370695 28086537 25915704 27587555 26666427 25359630 23681224 25115447 28777638 25990173 28458948 28110489 28254008 27386719 26223959 27872606 26137775 27084786 29094379 26131665 25738902 26908117 26230728 25707372 28231262 26069867 26083717 29224811 23985382 24685716 29509857 27079727 25214689 25917897 26077971 27325959 27982487 27078120 26409483 
23077033 21843507 21493420 24259859 22290883 22193885 18276241 24274345 24086310 23552733 24400686 23482533 25139549 23693185 23381010 24090277 22666244 23145184 21584848 21146764 22650803 22387508 22466798 20890234 21529189 22151218 23717226 22786784 24348373 25499446 23248954 26834071 23294927 23603229 24150963 21293778 23962327 25152158 23080242 22860578 25657802 24401624 23982023 19834115 26077736 23475903 21920431 22876576 21529818 20841721 22894364 25559198 22155779 21994755 24505108 21995650 21417661 23044889 23825045 21491580 24223332 21644319 24348607 22469897 24863901 23923190 22965162 19472321 21383639 27929237 23936413 23265179 25173329 24438540 23934426 24482319 23997997 23403100 23022163 24276499 21474942 22685401 25046527 23413800 22116184 25672938 23395366 23330384 25510648 21681241 21427088 25345799 22919261 22209046 23369980 25687084 23585997 25424788 23972610 23209587 
23617452 23915420 23956508 25128020 23714505 23552371 20202710 25622902 25227521 27268582 24936514 23326158 26784004 24580365 25193159 27243724 24947122 23634621 22272542 22685472 25452407 24473481 24009491 21117971 23508798 25372788 27571258 25069055 27147705 26449917 23511973 28617187 26360654 23906472 25206462 22672342 25601956 25433788 24883675 24126564 27645603 25935678 23707713 22717915 26925812 25535378 24726216 24782145 23370368 23882247 22441680 27357986 23326131 23809054 25680417 25353305 23216077 23269554 24786773 24074020 23123797 21564259 27332210 24687187 27008670 27084380 25778336 22271813 22566339 27327062 25227646 26567073 26005929 26544069 25666267 25996713 25425344 21998297 24756689 26577134 24385200 24580129 27789588 24652951 24676004 26020662 24067361 26058188 26685275 23356878 22761468 28097660 25389053 24041468 24484016 24950794 25423439 25178915 25232942 25574213 
23827722 24909445 23703048 24048152 23543667 23610553 19197901 25415355 23917409 25727837 24220956 23156144 26246936 23527307 25995882 25715401 22906768 23991850 21984957 24841933 24108389 25184543 26116933 20745339 23768773 25328246 24974244 26098240 23193930 25011153 23368559 27384622 24514420 23913295 23603350 20628469 25112149 25736928 22944074 23636078 27038092 24594748 23400741 21525974 25165543 25503798 22717427 22579067 24435019 22965168 22416480 26067532 22910758 23905070 26744236 23853485 22594791 22158504 25502195 21612666 23629014 21655792 25709768 22456704 25425536 24285879 22126310 22243982 21922922 26644777 24504088 24794475 24817249 24896200 24676458 24683457 24312544 24521281 24736772 25539747 22807377 23546497 25410994 23656208 22788350 25367065 23882725 23573551 26830767 23275376 23924683 27317679 25201940 22855600 23287915 22831962 23662960 23830086 23653181 26012626 
19921772 21516706 22506739 24107121 20999123 23314024 17267923 23244858 23337523 26142478 24483936 22745500 25154475 23622696 25933349 23680729 23294874 24117564 21290828 21452028 21856789 23615715 23758925 21826366 24700561 23844616 25116302 22710905 23456086 23819283 23087771 27779693 23957688 22449624 24001819 22888884 24420591 24821573 22546807 22319377 24813553 23732590 22737452 21909073 25320241 24732477 22528574 22168323 21877405 21258019 23478796 24208369 22385114 23005570 24238229 24530332 22642255 20797412 23428643 22952455 24752381 22955270 27687661 22850732 25377624 22760700 23311506 20234571 22991355 25718770 23544546 25407305 25967982 25887815 24044882 23156931 23408789 23830809 23590130 24681733 22653737 22221040 22941000 23571226 21999484 26010975 23962146 23832960 26073964 21755923 23320480 26234119 24212904 21717722 23253832 22517742 23541581 23367674 25152741 24158151 
24313941 25511002 25700370 26626725 24766688 26045515 21887145 26999305 24878367 29545857 26308626 22949223 28269099 25583851 27452259 27866174 26821309 26179045 24001345 24551506 24559465 24620503 26877433 24010331 26777503 25067425 26902492 25991887 26990344 27850137 25021487 31510692 27609759 24107236 26408219 24414743 27153137 27990682 24971714 23994248 27767354 27234086 25242365 24747211 25609721 25734261 25444833 25037165 26503006 24666422 25628367 28586404 25011769 25546180 26791996 26283553 25441514 24691126 27125072 24646306 24808484 25164878 28740245 25194400 28400300 26489363 25865607 22296255 24787744 27747326 27027217 26860766 30216215 27236288 27382697 25488405 27325655 25178697 26437766 27826759 26260000 25625341 28099911 26201214 24835370 29599364 25583896 27696511 28548941 23598149 25119072 29592577 27655396 24046296 25824098 26545904 24632909 27028908 26183402 27167459 
24040550 25060762 26507370 26384420 24912431 25338733 22295607 26239325 25324254 28571736 25214629 25268453 27170928 24999881 27571662 27847910 24902214 25576800 24084326 25303906 25232113 27104141 27313244 22005843 25345170 25363215 27138106 24831734 26086410 26566765 25213069 29337555 28401239 25461135 26546014 23758585 25915022 24798465 24927236 24568204 27425267 25364247 24870356 23146692 28424314 26860728 22405349 24885198 24522577 24517386 22211637 31050889 24074470 25496534 25289955 25679649 22956912 25016161 24317060 23521753 23959916 23387521 28849779 24055841 27291854 27967741 24790736 23299713 24424890 27366166 26301536 26345227 27148699 27111925 26076275 25185280 26967540 26275639 25150758 27477463 24442912 25536503 27831036 27082922 23730419 27112325 27667702 26190803 27644255 24229861 24742728 28437866 26956534 24805629 25277928 25556028 25941922 29490329 26701155 27832364 
22205588 22235255 24185655 25244454 22500370 24008554 19232691 25281333 23361827 27226218 23634237 23516824 26381622 23703698 25796373 25643271 24062371 24759991 24112754 23387847 22924987 24393483 24199370 20357510 24557572 23056037 25524092 23297187 24345518 25188049 23529123 28886810 25193963 23368452 26184312 22262746 25414234 24773992 23125659 23563495 27221874 23695416 23394338 22028404 25765573 24356133 23036224 24039722 23757631 21640786 22322371 27516355 23328421 23647092 26675736 24179300 23742493 22700441 23035715 22114787 25260506 22779773 26888335 23738708 26939188 25225911 24744261 21192787 24023031 26576853 25062307 24905016 25824342 24637409 23502093 23690169 26148148 24635449 25758630 24204789 23650452 23185314 26810378 24398639 22620469 25216006 26496227 25276104 26476435 21927531 23632094 26356920 26156824 22925091 23777631 22835939 23269882 25862288 25804667 26973855 
23467944 22924061 24614999 26118434 22066944 23476286 22029267 26302351 26536851 26796671 25002368 23617204 27561638 25658814 25535495 26185898 24382637 24849026 25620379 24253225 24931485 25434689 24245200 21365026 25821902 25971766 27484194 23884008 25439957 25607024 22880699 27670281 25267832 24987188 25414610 22653459 27461972 27085397 24600204 23322817 27781252 26596671 26414914 22945722 26005072 24756158 22601657 24150879 24522446 23019289 24575929 27330174 23506643 26466695 25773177 24388242 21648628 22932605 26144305 21508882 23644252 25914048 28255998 22723486 27394226 25157888 24739485 23106723 24416589 26878544 25499002 25337653 28077230 26136481 25914376 23823121 26608705 24850386 25812489 27126284 24425067 22785491 27964525 25009113 20913638 27509968 27331353 25119768 26420898 24063026 24218189 27280770 25532030 22321670 24050573 23361322 24605352 26852586 25457103 26878027 
23334003 24082112 24628750 25739996 23610686 23236304 20930441 24433806 24369745 28180619 24137329 24464747 27328080 23956485 25737332 26837476 22438915 21898447 22405392 23649627 24525428 26739430 24231668 21773184 23984152 24873985 25723494 25699849 24974446 25445075 23037943 27721915 24175513 24859281 25990123 21235211 23900471 26373658 24678239 22777567 27282190 25400992 23998889 22173100 26043831 24909547 22841656 23194209 24294635 22199119 23792280 25472043 23020837 24344137 25555888 25651953 23771655 22317552 24352961 21452467 23612032 21202867 27531405 24384689 26717938 24566446 24065164 22249852 23047237 25876388 24309580 27190666 27960423 25031214 23642511 25338036 25488695 24319047 24278308 25339920 23502872 22570114 27325750 26243932 23130116 26463495 26314309 26534902 25441879 23314914 23642094 25634457 25826881 24171363 23575447 22214723 24158344 25761850 24480850 24810047 
18573663 17792300 19581033 21489951 17292043 19543677 16135197 20143169 19592626 21160542 20400252 18620906 21540154 18784766 20879814 20556022 17764170 18786897 19126782 18792382 19837723 19123392 19849723 16983277 19905650 19594876 19836401 20560299 20645956 19598003 19516966 23532910 20595524 18232888 20414375 18522738 19643685 19250672 18809409 20385165 20948595 19355447 18668253 18127640 19957268 19658470 18870894 18804602 20878221 17889679 20919801 20772044 18510745 19390979 20579531 21258570 19116715 17714625 20923259 17228293 20647518 18592507 21845703 18450436 21288688 20338134 19820011 17432766 19641240 20250837 19827090 20250652 22563136 21066681 18320655 18658350 19760663 19678517 19824660 20088322 18814768 18334150 21835508 21425611 20349276 21194059 21288603 19921570 20624830 17909616 18631985 21643935 19634030 17473574 19962595 19972765 18658048 21289985 21737002 19497311 
24903983 24576022 24747862 27647831 25337164 25527369 20791382 26011215 24935690 28418065 26200323 26051348 29522678 24599840 28044587 27431525 25920807 25957768 23876439 26404381 25932680 26449266 25261694 23238959 25168392 24508429 27960946 26348752 26983893 26458886 25617535 29865956 27608631 24594644 28251398 24229643 24929542 27137416 25889486 25645888 27060499 26339225 25533310 23956722 27418244 27724628 25071757 25025574 25167535 24409273 25724576 28563630 25142940 25830285 26473043 26599055 24946715 24087671 26046344 23468894 24382713 24456991 27855736 26251293 27734301 27768429 25578253 21186287 25545966 29075866 25794281 27357532 27951713 27267302 26460707 26268984 28005489 27229788 27932037 27622447 26355160 25114351 28287301 27008698 24473147 27920148 28174580 27231045 28350370 23258300 25072847 28462694 25565624 25526762 25513832 24630120 26184522 27591781 28202936 26324083 
24450712 23010448 24971345 25921681 23963377 22469163 20952890 25709991 25515671 27659353 26676776 24562002 26551727 25063569 24435849 26801725 24700415 23419668 23393338 24141434 25735945 24589378 24299976 22251401 25156568 24803600 27682704 25279868 26019887 27890309 22812633 28272237 25821638 24432196 26307258 23233773 26037210 26442184 25827223 23179084 27842794 26612738 25928902 22094411 26868152 24929420 21885644 24385897 24695803 24622409 23807155 27708683 24014859 23617681 27133469 24426244 22898157 25076734 26031834 22908337 24749482 24030997 27680481 23411515 26231719 26756099 25677178 24184836 24019169 27775019 24480311 26985355 26349443 25304909 25562569 24241709 26691274 25084657 25595260 25482502 23841829 27168990 27985483 25095444 23380310 26706939 28049405 25187960 28456009 23855368 24533380 28227950 24974452 23549549 24770070 24775567 24211878 26013503 24777113 27778926 
24667875 23716016 24352024 27339141 22135486 23530440 20223374 25506380 25227931 28590207 26184298 24668064 27326016 25256929 26271388 27226860 25302883 24474593 24401672 27343866 25092183 25853527 23343787 23172239 26894279 26364268 27787081 25118882 26424267 25770747 23998329 29528732 26421419 23772133 26213446 23665080 25942369 25744673 24340025 25302170 25602177 25677742 25406571 23187057 24346571 27018534 25454357 24639490 25459334 23938627 24261408 26406242 24783090 24596563 26432066 26266329 25666358 23286271 25641351 24277268 24758448 23764549 27681939 23864672 26561232 25594888 24615433 23347230 23411240 28801829 24606833 28274779 26638361 26603111 26526121 25711405 25797492 25123038 26521948 26441315 24156090 23669034 26814657 25247828 23735702 27950238 27963369 24737409 27867922 22326050 25421349 29171262 25319034 24485331 24566217 23896404 25506251 27089093 25628470 25784659 
21036838 19794796 21205700 23600640 21257472 22139330 18095146 23443643 22174342 23592516 23598478 19814812 22199341 19789805 21620714 24487314 21780148 22481627 20198408 22395555 22300203 21017951 22416751 19137651 20781502 21713739 24823235 22161184 22430478 24452608 19913851 25558480 23499532 21285143 23208446 20222444 22849760 23985781 19808542 20691139 23395294 22769120 21724149 19272405 22386661 22625366 21456124 21167705 22587950 20949342 22664329 23293133 19875021 22283208 21411557 22590178 19920813 20820134 24074026 19770287 20544943 21162369 23075989 21129036 22815904 24258302 21085733 20157464 20453535 24633672 22738487 22562577 23679443 22890364 23029358 21897714 22138100 21978780 22538796 23368249 22913265 20850683 25382908 21905241 21335475 23142119 22256450 21901012 24356830 19910950 20635135 25396878 22121111 20853316 21543974 21543322 20668383 21788133 22850508 24193237 
23846052 23285850 22328835 24654354 22765687 24076332 18851565 24053042 23497380 26854334 23561014 22224718 26325262 23393173 25511449 25295990 24201154 23485828 23229565 24616289 24321440 25755553 23056194 21228316 23865126 24191271 26813938 25757139 25637050 24194744 24739522 27921772 25347583 22471571 25700868 22447039 24414285 24195227 23653206 23963405 27139349 23974091 24314666 22203325 25964799 23694609 24164176 25296685 23361288 21735350 22461581 24604856 20966447 22761534 25053890 23554393 22266264 22080668 24891833 23472152 23702997 22913117 26051775 22482485 26592013 25789913 23665869 21621598 22784995 27161349 24514993 24595270 25337502 25041431 24179080 24467972 25684736 23544226 24980261 24493745 23357128 23522487 26633766 25254540 22183239 26031012 24862651 24136059 25328923 21112089 23024077 26999185 24586948 22745553 23484215 24230384 24574453 26226737 26386899 26377807 
21937596 21482020 23134976 22977525 21167541 21844778 18524565 23199058 22998910 25529201 23568779 21652547 25456559 22888332 23057217 26080957 23273942 22769040 21031485 23434054 23904246 24557439 23929418 21112917 23426406 23111686 26436128 23126287 23718570 23784076 21811095 26683430 23533521 21991856 22781161 21521451 23279275 23910003 21834120 23067448 24267749 23955725 22763497 20634092 23146586 24765644 20992374 22731830 22849810 23115461 21370287 25147814 22213196 23693206 23240525 23980845 21943649 22657493 23332978 21261339 21941329 22739395 25093892 21431421 24791581 22927871 20572081 20697857 22042548 24233581 24091285 23699253 25236078 25540865 23783619 22708565 23385750 23121628 22821348 24761285 23880949 21945007 24278857 23543212 20818129 26329339 24558096 22982831 24794420 21747152 22898566 25940923 23128412 22316968 22508303 22742790 24658941 24916049 23134955 22883736 
22797303 24487968 22737355 25192302 23315373 23305527 18837527 23361602 24573187 26890276 25017674 24138290 26385461 23812303 24995952 25239805 24172987 24939167 20847197 23870282 24875386 25329211 24124847 20762854 22191729 23849287 26555053 24384931 23668918 24283129 22968540 28091060 25187990 24177642 25551966 22797933 25097737 26430648 23718023 23259101 26258774 25840018 23727494 21110035 26477589 25010267 22446978 23177927 22433009 21226924 22234421 26320497 23526691 23522725 24979933 24812400 21907590 24186414 25217732 23978538 23806822 23412890 26494006 23256833 26361455 26637449 23345758 20948707 22688029 27126976 23939603 25696184 25554245 23933675 25110736 24011363 24382348 25947212 23688609 25563161 23573515 24404718 25066959 23505170 22015452 25889254 23617747 24788787 27560438 22350830 24326547 28620217 23360775 23657883 23970352 22571909 24834776 23905595 25844678 24778716 
18688404 19942101 21652901 20662802 18195255 20443769 18392049 22778454 22201467 23607776 21851971 19859162 23249502 21056070 21857543 24230694 20369143 20898078 21579897 21402072 22426776 20435505 22772834 18307056 20866869 22062852 22591384 20685120 23347007 21840219 18970125 24127303 21885242 21080046 20988603 20424147 22743187 22845982 20761040 21146442 21514570 22269811 19577285 18522961 23089759 22328197 19460806 19725561 20106146 20327997 21178905 25091307 19414880 21466330 21587763 20563475 19432054 19639271 22716101 18522487 20769029 20667804 23395135 19627183 23277003 21938992 20953783 18117617 20834067 21479068 22301312 21699236 23104248 23653627 22114815 20471465 21322747 22549596 21090664 23964940 20561940 19874161 23477203 21611872 20273332 23272411 22071840 21350347 23640038 19666968 19586985 23433103 21040967 20716326 21980307 20671014 20850138 21940384 21945077 22436199 
23034453 24427194 23611733 25889341 23445424 24060727 21227189 25403086 26179053 27647741 25971555 23642776 28061487 24264572 27547468 26450372 26423207 25926830 24863099 25699980 24837200 24152152 24504728 22151820 26236057 26370119 27264351 25980248 26644628 26319555 23495948 30452807 26957833 24800833 25327046 23133342 27631272 26351245 23825142 23667115 27260091 25405823 24990949 23367328 26209416 25605419 25429540 24870518 26202291 22837160 24138171 28770138 24647975 24383973 26339464 25832534 23507686 24273899 26867204 23864313 24942601 23294585 28970996 23075364 27441465 26948325 25792658 22806066 24216924 29098914 26214975 25886946 29090390 26436923 27468540 26078992 27799351 25510460 25712180 27206431 25403648 24438483 27780552 27608865 25670479 28961875 26057038 26915423 26590665 22333670 23979272 26949755 24231333 23767016 24414545 25978479 25687287 26274699 26012147 25345205 
24783272 26677167 25258100 28534023 23555388 27238801 20822009 28187670 26568071 29294117 28280416 25390142 29100008 25851518 28161818 26810801 25029565 27052188 25272380 26307329 25420586 27525658 26166009 23409592 27188005 25544939 27829628 24978423 26212782 25804030 26409217 29593016 27841066 25227887 27426470 25832778 26974506 26328895 24840974 25602703 27721247 27374878 26220932 26131045 27653922 26264668 24917476 25323489 25878238 23189435 26190026 28267480 25117324 24365117 27953324 26176636 25622175 25563056 26135389 24606725 24975990 27146515 27712600 23589197 27422548 28573532 25130287 22411505 24660363 29262455 27919623 27719883 26898004 29074825 25627335 25467665 26095643 27703939 26143576 28533453 25441058 25260620 27277093 27126734 23996736 31146518 26315684 27927263 29345903 24762571 26572308 29154837 26837358 23586872 26107818 23891930 25683065 27479447 28790488 27580224 
22607738 23370244 23683367 25663922 23609195 25385886 19775591 25200482 24037021 26640455 23900250 23548964 27018315 21523986 24936461 26914715 25909326 25002971 20447295 22983021 25625870 24646836 23825153 21473385 23859038 25348444 27313295 24811270 24471094 25573971 23396973 27360539 24884844 24312495 24813441 22344726 26185175 26636139 23769637 24469045 26858207 26167662 23161122 21865012 24807202 25630061 24117404 22271091 24286585 20924432 24512118 25661404 23897947 25521928 25715977 24878495 23025745 24394720 26066988 22722817 24313048 22865907 25098504 24077529 25859992 25199473 23335526 21884792 21407247 27562986 24861882 25112471 25493361 27190276 25314747 25721595 25331200 22469015 22506587 26875772 25509680 23204358 26429581 24732725 25053812 25112545 23786162 24938351 26779401 22822740 24147986 28488123 24825491 24764391 22857919 23954342 25432060 25568700 25339360 24685523 
25252309 23341514 24071731 25280309 23611280 24731982 20376746 25293489 25118186 27403862 25358169 22197876 26322396 24522433 26203445 27026998 25064312 24723409 25143733 24305570 25390455 25469592 25128752 20849763 25325619 25964416 27184675 25435529 25349937 26306305 23523193 29296719 26715855 24005333 26202603 23265538 25844680 27441896 23688858 24191946 26864667 26654043 23135708 21876409 26045224 25008420 24124177 24848317 24482162 22526333 23810603 26191902 24604757 25180973 25959178 26319937 23351710 23271634 26493597 23444946 24814320 22648347 28070156 23642265 27776237 26704661 23742711 21951028 23270111 27396509 26761638 25732129 27220581 26530989 25272585 24806479 26933962 25421781 24234685 25876691 24499655 24170630 24590645 26378419 23704506 27504716 25319310 25665328 27441373 23023341 25720362 28191514 25168192 25280049 24608212 26023321 25920483 25677796 27458852 26054484 
22209584 24513556 23910776 25025018 22495227 23146438 19359241 24210864 25528505 27337934 24301934 22518706 26653645 23124921 26455357 26400705 25697338 25599777 24186433 24994665 23636564 25352277 25700343 20711114 24862054 26161028 25846087 25285961 25049055 25476411 22268871 29242385 25745134 23812505 24796829 23594272 24472890 26825017 24058642 24727560 26201024 25207175 24097759 23137305 25593928 25365417 23976748 23122443 22795484 23460888 23646909 27025601 23279232 24826127 26555075 25445128 23978671 23207063 25318001 23964521 24361213 24053408 29209646 21825685 26526551 25918261 23254147 20834642 23930334 27112466 25907107 24755346 26610467 26466588 25311149 24564717 25434631 25262714 24704832 28108795 23753009 23284275 25812732 24983935 22085995 27043044 24895291 25407608 26340878 21841795 23809404 26855960 24170244 23232226 25903590 24924719 24746877 23851518 26304298 24400490 
22137948 22065485 21362686 23855043 23165850 22964443 18021046 25229051 24789160 26915442 24389010 22587711 26508437 23915138 24596877 27377342 24589741 23982495 22402666 22735551 24422715 25328181 23750955 21592957 25025644 24854999 25786617 25808737 25349850 26097576 21227085 27629166 25192695 24155557 24939564 20936983 25978453 26747763 21834773 23060323 25197989 25390739 23474508 23276569 26618183 26107030 23264940 24892082 24420537 22088741 21820617 27255258 22273154 22661494 26725575 23353615 21636600 24883733 25483842 21705139 23180838 22638692 26756279 23497558 26189663 24157262 23495666 22780809 22450432 25889698 24448382 25856742 24165034 26946022 25681267 24850689 24210464 24636753 24522770 26975079 23453472 23482543 26675455 23711071 22835485 26161241 25180709 24714095 26322663 22779270 23091562 26249863 22982174 23639988 23934221 23223603 24463527 25686960 24206725 25216301 
22762976 23445482 22964960 23426646 22771287 22273801 20061821 24027021 23293098 26739766 22087248 22642759 26569674 23939368 25155115 24810821 23678605 23626985 23939503 24306744 23530293 23040938 24332267 19838327 23781454 23842747 25650756 23770223 24028814 25519027 21788960 28577065 23541191 22719044 25161584 20912666 25921209 24990955 22518597 22720048 26254908 24464396 21810002 20770987 26826160 24402861 22355352 21675832 23572566 22271085 22563269 26478430 22367816 23996108 24550742 22938631 22539370 23902137 23953145 22271421 22170992 21362101 25025874 21997084 24808387 24888408 22526112 21730634 22361584 28036406 24161451 24395054 24965411 24217682 24817518 24405737 24933307 24969960 23336928 24973668 23903718 22181982 26198857 22911729 22687310 25195700 23713595 24566402 27756208 21208462 22095682 25904890 23256358 23500030 23360511 22452475 22436185 24414412 24604500 25512373 
21861701 21596258 23839674 23414974 23440887 21849705 18133541 24658718 23625790 25042284 23018809 23385507 25914915 22361346 24229062 26071100 23391533 22856916 21485975 23243083 24245588 24069015 23647369 19742258 24289676 23652236 25972300 25019938 24391640 25466388 21584018 26261976 23386764 22222653 23380787 21182550 25033105 25027997 23605339 22981244 24961212 24726803 23110198 21285194 24694905 25131435 21360028 23216995 22922534 21843504 22107416 25094461 20649757 23922436 24862984 24223878 21304466 21403761 23589772 21303008 22648096 21803312 25103862 21660851 26364124 23216821 23099988 21481740 22268112 26089507 23531554 22708765 24218839 25441810 23477842 23644099 24460835 22494126 22475579 25116393 23695205 21854774 25180645 23937538 21808319 24556210 24539309 24595186 25394958 22516626 22153797 27234521 23871803 24287076 20321337 22803918 24393442 24476455 24147230 24903867 
22638571 25510853 24833478 25834248 23089419 25796890 20281120 25866682 25758688 27123368 27889064 23952956 26864570 25675628 25497401 28094889 25229554 25690071 23154083 25629696 25924832 26423958 26671043 22813111 24832885 25709378 25986444 25282618 25312816 25830405 24396719 29774153 28220350 26254065 27981413 23018008 27716253 27482695 23309133 25353199 25893738 26098006 25538202 23444179 26796946 25333666 24203714 24647837 25781192 23100202 24758029 27286984 24916745 24983138 26615260 23330848 22019749 23525099 27201007 23289655 22666145 24093327 28887187 24239021 26707511 25675167 23957426 23015800 23202487 28924130 25807649 27913816 27708836 27038982 26523645 26075587 25275048 25330844 25495241 28152646 24507842 24353522 27794529 25120542 24780603 26970614 26448944 24500770 28732563 23378627 24211235 28376740 27292942 22221201 25517881 25387820 24430285 27348317 27604775 26573785 
19837134 20022824 22485466 23941884 19387499 21052611 18093494 23378829 21350020 24851310 22983704 21322927 23624031 21078854 24489123 22834396 21261178 21202149 21424711 20980718 22685873 23770119 21766787 20299936 24001649 23291045 24803431 22498092 23082177 23184068 19872527 25746843 21982645 20263674 21798975 20540603 24156948 22555158 23071627 23094326 22956020 24046732 21268731 19475670 24113851 22349167 19895584 21157532 20772250 21939412 20422175 24940354 20295508 22006991 23780877 22882542 19661826 21330577 21263893 19895172 21621671 20733573 24866373 20506898 24732607 23822911 21214250 18513998 20642815 23912942 22314844 22977087 22544047 24187834 22437851 23102068 24082460 23212100 21921619 22387465 22822231 20723027 22334745 23048610 20757097 23379964 22461856 21684486 24738731 20188895 21188242 23693121 22504278 21089151 20912580 21874396 22941536 23192513 22561086 24798460 
25543337 26214201 25258606 28244598 24098018 26043707 23495285 29133035 27222704 27829606 26512319 25541571 29483790 27041773 27892247 29401921 26117482 26593979 24823417 28034516 26946668 28519180 26489931 25045280 27997758 26983658 27238330 28771530 28736008 28102916 25589957 30657800 28877702 25963850 27325502 24353524 27882503 28818040 25706626 26983123 26929947 29413751 27153536 25287472 28789684 27846665 25411406 25277095 27176391 25268106 25956945 30234525 24259196 27555627 27795473 27184275 25385328 24665796 28434168 23482163 24729614 25542705 28856235 25623559 29479170 28868465 24868579 24249280 25738239 29018201 27917681 28366734 29480335 28626898 26939415 28062706 26843897 28590384 27627916 29319638 26614314 24951944 30288982 28028148 26095341 29361702 27406361 25921652 30551836 25241676 25276909 30006884 26743174 26501528 27055088 26530634 25938068 26943961 26948056 26433183 
20417478 21346983 23155586 24766603 20979504 22338381 19935407 22515459 22590881 24234704 21075426 21321420 25281932 22517885 24501969 24093260 22180434 23677876 20133192 21110854 23945754 24095952 22443275 18806160 22377173 21490130 24061572 22437398 24694712 22392423 20184291 26159046 24364833 20713557 23270387 19949756 23947053 23289075 23425506 21726913 23923428 24455067 23019195 21046955 24723604 21809223 18997159 21785271 22735884 20010695 20880754 25232732 20831208 22900478 24513441 22848470 21161849 20844174 22932888 20942987 21587274 21218226 25534287 20672117 24774981 24091657 23558556 19470323 20714256 23573800 21490107 23414558 24773316 23518074 23039416 21892818 24740138 23465485 23816529 24490934 22058173 23212740 25091932 24625001 22286740 25069616 23590212 22705385 25208648 20758025 21223332 25435677 23067946 21101983 21567594 21569603 23205758 24304530 22549224 23034443 
23685766 23951068 25105899 26188571 24201556 24249372 20718149 26961570 25769589 27218487 25707393 24246644 26006963 24441681 24893682 26411695 24109221 24216638 24421972 25422943 26407752 26368828 23407145 22241974 25833727 25287740 26307806 23349227 23364628 26267422 22075975 28639995 24720681 24345562 24963816 22706622 26823047 27271390 25519433 23972798 26335510 25610039 24819576 21723902 24888592 24799958 23233810 23669583 24159486 22112941 24530040 27663693 23167515 25560190 24890666 25055522 22327592 23961347 25531788 21424339 23621625 24269018 28205200 22441877 27246256 27212608 25130231 22818908 22967667 26584546 25173800 26567786 26974187 27981929 25942103 25609802 26041550 24828142 24452286 26673004 23639380 22805201 27334371 25243498 22169602 26951252 25926218 26769124 29134304 23075135 24045803 26527849 26742111 24541831 24605476 23928729 23816049 26147418 24908951 25329321 
24296181 25176323 25367560 27079453 24781197 25118961 20732346 26797953 25250240 27598981 26825562 23682033 29038400 25710047 26302918 26892827 26156725 24806996 23524382 25122372 27513375 26961700 25558077 22434298 25177426 25245756 25964326 26168478 26099456 25368128 24651915 31237594 27614490 24608765 28253757 23836934 26946119 26885397 25444006 24991471 27597626 26660488 25310223 22342518 27289188 26078176 24922622 22808899 24601185 24588339 24368550 28853588 24005716 26483788 26055559 24276255 22121642 26348397 26800462 22503812 23034573 23470647 27834645 25798187 27838901 27960181 22778637 23252238 24093928 29198645 24965097 26966119 27786303 26782610 26947452 26356997 27565292 26510324 24516792 27359190 25231324 24613260 27977620 25931365 24023035 27087388 26467311 25144847 29608335 25173046 24653664 28677655 25597667 24450821 25539492 24987858 24892205 27697189 27699833 26035449 
23043377 23389842 23394733 25820169 22373937 22996064 19768060 24263308 23578337 25851156 23949728 22868032 25550510 23865789 25685587 26488067 23650859 23757300 23039009 23440666 23502703 23817845 24132459 20756535 25638583 24776875 24019343 25508645 23910506 25846909 22874788 28682591 26261075 23182582 24151051 21639626 26794551 26634355 22302308 22821239 25219837 26072683 23991784 21301055 23329450 23929733 21586502 23240095 24118387 22066826 22977324 26542972 23438826 24318877 24184673 25764551 21981514 22974003 25074167 22015684 23272628 21529786 26172569 22970724 26190725 25458105 22886084 22670028 22616075 27016195 25233911 25406483 27199867 24838449 24923322 24180025 25623880 24622330 23259163 24368211 23683119 22224028 24439352 23382644 21882416 27456054 24845426 26210797 26532998 22156576 24403022 26417813 24279938 24191636 22829490 22680165 24188791 24039433 24343455 23556120 
23133614 24605366 23954317 26264399 23242828 24109792 20062702 25978038 23595968 28394295 25421902 23273546 27124590 24451015 26297474 26096469 23313560 23784795 24732672 23953584 24580048 26191410 24724961 22675885 24931926 24297937 28514841 23538066 26504787 25821075 24137736 29451878 26986626 22872519 25633048 22677300 25080535 24899889 24586935 24742726 26289570 24305853 24541373 23138780 27582073 25860190 23519083 24073632 26180792 22537533 23121401 27954034 23621217 24480424 26220298 24470380 23659773 26119551 25208731 24358015 23648254 24741188 28359451 23995203 27164672 26975852 23242288 23633403 25166770 27300337 25496575 26459097 28218915 26363341 26705309 25060126 25759602 24662305 23463111 27292075 25871284 24245849 26914372 27187196 23555997 26989307 26543685 24560042 27378127 24037938 23872196 27223527 25774518 22714092 25252664 24672868 25266485 27260249 27149152 25419228 
20060621 20155297 21753357 22957343 21103745 23129071 18425222 24840338 23418301 25494600 24981053 22798309 23928624 24048459 24258578 24362022 23050468 22670627 20449528 24055029 22746734 24558031 21820731 21282243 23740938 23176199 25685943 21934168 24591653 24570223 22379151 25961450 23613662 22085878 23462861 19975326 23917118 23472410 23283841 22276992 24160965 23577721 24355435 20638688 25627535 22352725 22644700 23318666 22865573 20610040 22298797 25653045 20580125 22728512 24155095 22038928 20353643 23032542 23767029 19680850 23256652 21619150 25367133 22814691 27995486 23038580 22358151 20424961 21599724 24813602 23916325 24315828 25479651 25466626 22877611 23867681 24754558 22561303 24502442 23236098 23835234 22295909 25583693 24261440 22930514 25909903 23563703 22337306 25342895 22736036 22140211 26173480 23539502 21745852 23840352 24512569 24263546 23901434 24512847 24097087 
23874469 22440837 24258136 25583594 23407797 24809540 19712098 25507285 24794167 28285967 24887225 21700938 26039081 23446664 25633403 27351002 25757971 24504855 23582741 24549600 25267859 24426904 22808712 21743089 25324904 25096249 26306411 24766121 25346935 27398105 23306107 28677428 25836139 24340821 26105650 22582443 26774281 26029466 24930002 24928825 26892586 27243320 23584589 23785951 25863717 24146995 23849382 23566391 25669394 22321115 24161802 26668921 23628375 24168588 27287218 23908226 24176242 24409535 25463258 23399087 21899932 22648902 27192702 24342851 26910580 26189848 23275483 22647587 21188580 29197434 24300195 27201849 25717405 26753043 25550405 25445421 26411327 23840926 24748557 26483290 25242227 23371276 26474196 25874944 23656081 26588108 25395365 24578519 27958645 22909602 23184187 27624623 24944499 23449282 24176759 24327391 24422995 25354910 26751171 25612846 
23179809 23515731 23672831 26614670 21727284 23664714 21124444 26488147 24965867 26728832 25124346 24457736 26731167 24507941 25163367 26604250 24417337 25784216 23908326 25730299 26321887 27459030 25377755 23193607 26636978 25108190 26926248 23941315 26983096 24571537 24381698 28938596 25438693 21900080 25587014 24736085 25557552 24785461 25819967 24819291 25024234 25804611 26096765 22151609 26157448 25716318 22937703 24010203 25164974 24848622 24242620 28415239 22309852 25916986 24798639 25192075 22513830 22548054 26568471 22500927 24862874 25124288 27957898 22499027 28487758 27585532 24526986 22514915 25073015 25791056 25080381 27316833 27175106 27360642 25379766 26838632 25553369 27158518 26336753 26511117 24403784 24007045 27915722 26206178 23199943 28501969 25437033 24561357 27553410 23339093 23900805 27766091 25831670 24025114 24796715 23645504 25377414 27353346 26065501 24938976 
22997828 23913680 24601187 26608536 23287333 25275544 19697933 25321279 25212011 29586931 25464302 24453641 26974454 25643292 28156421 26314424 24030389 24422935 23923711 24158306 25637379 27168750 25546960 21442596 25355910 24871375 26381838 25165925 24692246 24151781 22768622 30315323 25392578 24498902 25658799 23464383 25537060 25319461 23786774 24024665 26518717 26341163 23775506 22094978 26164198 24169606 23883242 22897868 23093268 23268461 23383150 28383810 23535657 23287029 24344966 25038870 22923328 24254188 25958855 23567352 24349188 21820632 28692275 24095660 26578578 27209343 23635803 23195312 24928158 27345183 25402498 26640000 27816791 25467304 25747903 24127193 26356263 24875576 23530348 27140892 22987940 23948726 25649925 24527195 23937640 27648057 24233737 26139793 26373080 22071133 26080867 27718232 25908321 22760367 25279464 24092293 25278223 27251291 26036218 25600246 
21363737 22426971 22372501 24829796 22737163 21370241 20792955 24557592 25819524 25609339 23987929 22495099 24526976 23126855 23840119 25050698 22745074 22736109 22677088 23202827 24164279 24395418 22626897 20523900 24673159 24491506 25409564 24014467 24344208 24693378 21290215 27545070 25225024 23561217 23087352 22612003 23783215 23883890 22990209 21262607 24576603 25659065 23513758 21550295 23908740 24026652 21698612 21597061 21821156 22885961 22376060 26498929 22980177 23323232 24146589 25926822 21603900 22717486 23960596 20475778 22640740 21990241 26962569 20584356 24364895 24946462 21639733 21379011 23000791 24975812 24368283 24653624 25605982 26409504 24209112 23349231 24361065 23492039 23423444 25588481 21746985 21568915 25569235 25342317 21491048 26966997 24450123 25139690 25242839 22498546 23107564 25302825 23159870 21355495 23243896 22530527 23577336 24577978 22506039 24033041 
23133320 22059801 20387437 21749845 21574610 22569722 20964647 24617864 23133462 25265002 24920152 21803441 24558609 23911450 23304532 26369277 23282617 23429888 20845165 22941753 23497165 23610657 23306983 21426608 22666373 24167234 26528661 22365349 25481610 25231118 22406801 26569889 24988489 22700096 24483336 21337415 23795732 27766447 22306504 22902525 23970065 25564310 23547084 21279523 24357201 24051775 22886046 23131677 23098484 23456277 21831431 25159009 21947245 24270514 23451711 23273225 22235351 22683636 24440719 21116291 21459936 22653828 26228243 22666922 24952385 23469463 21762444 21596972 21071223 24558784 25126619 26277578 26844030 25043658 24569133 23592791 23574418 22282251 24146138 24630719 24604705 21646320 24687625 22964594 21595784 26027851 24527832 22536780 26389455 23462820 23352512 26475014 21410269 22080136 25795646 24327896 23730139 22550015 23982011 22747974 
22876017 23123239 22686021 24131333 22770613 23419964 18990034 23456573 24366086 26526561 24541543 23509785 26252492 25406658 25341879 26619448 24849820 23288933 23831211 24374450 22353539 23313248 23700936 22700182 24422005 23291111 26286089 24590349 25252676 25405346 23474591 27993407 25036396 22612422 25657591 22266744 24501736 24641331 23185938 23034055 25853716 25007162 23614952 22600116 26256652 24089923 22676566 23858220 23052299 23284117 22976399 26784854 23324668 25844109 26803573 23969358 22125247 23490936 24740310 23407498 24684161 23764190 26855229 23759421 26617812 24185914 24752525 21267188 24162824 26817751 25958715 23940257 26059942 26295447 24035553 22998248 24934364 23306095 23432857 23182674 21587424 23015278 25382416 25477893 22471864 25931785 25289094 24798669 27566815 20887877 23247224 26879495 24875416 24480855 24348407 25423674 23510664 27010830 25037558 25771896 
23196996 22765946 23143435 26381976 22783416 24804846 20261527 27367834 25055562 28299915 25920239 23242111 26251536 24756184 27086067 26354921 24366396 25875383 24248241 25115201 24840053 26145412 25020968 21808729 25555309 23581365 26240452 23845853 24870993 27393838 23544212 29181950 26124071 23417614 25437914 22078965 26157558 26668664 22729647 24658189 24991351 25502329 24323624 21887830 25956022 24534560 24294594 24234979 24230918 21770466 23497911 28701534 23465485 24890638 26047862 23955809 22525303 25556018 25379850 22299523 24302780 22849119 27925529 23972070 27625848 26908247 23394971 22734257 22523876 28255750 25128251 26848806 27733576 26213060 25140400 24756241 25604173 25883390 24893712 26659367 24596331 23321836 26145039 24835893 23293841 27014485 25723300 23766791 27965951 23005749 24810342 28936534 25962320 23495836 24212465 24900798 24279401 26817855 26812639 26642956 
22891081 25024637 24818578 25261912 23499047 23200676 20738686 25765706 25183048 26554365 25660166 23745053 28920576 23986487 25891933 27193840 26130096 23528263 23848523 23897933 24864874 25517962 25131627 22601861 24052304 24166654 26191103 25254821 26287344 25826298 23944690 28640505 25178805 24644073 25773642 23597456 24469499 27308816 24132296 24764433 26810453 25887118 24762595 22672109 26808334 24658746 22822699 23413158 23516404 22167077 23317731 27269992 23345261 23612008 26896825 24296303 22613008 25666301 26026236 23440791 25372385 22983409 27346915 23945812 27117879 24776402 23901370 21532238 23479121 27327725 26004391 26160476 26671171 26812518 25594842 23706911 26006550 25568416 25966148 25474553 24994159 23732005 26796588 26102698 24090323 27951257 25624204 25819820 25703989 23502979 24147771 27942509 25271623 24196649 24536161 24389679 25109482 26267714 25835612 25289190 
24241262 24758648 23888819 25992846 23660217 24733081 20664733 24934647 25186587 26859549 23598681 24627509 27117098 23288240 25067026 25885594 24047008 24561162 23147039 24895695 25292353 25614698 25019124 19471962 26393913 24176471 24699715 24568371 25282264 26178113 22610936 28161959 24378184 23292042 25728019 22144423 25185079 24892590 24098286 24981176 25658632 25861121 25319242 22790640 26536962 24425193 22417631 23274302 21973481 21525088 23670454 26163225 22969497 24352393 24338433 26225907 21813581 23730570 24762692 22823404 24048829 23491386 26790273 23091769 25834443 25502501 23364610 23299888 24195508 26957159 24392035 24664317 24785733 26618795 24786580 24841158 24582979 25691978 24937335 26166448 22919154 22730500 27266349 25312263 21204414 27508149 25938639 26323123 26878060 22263191 22494358 27107501 24303957 24521162 24438732 23406927 24447870 26378049 25889462 24819482 
23622608 24282369 23157798 26377425 22635957 24269126 19726010 25110777 24946178 27147401 25732791 24764671 26131267 24558057 24979652 25305076 24153295 23289086 23388583 24020302 23396263 26504638 23840046 23452490 25534887 26523871 27789224 23903031 25867442 26284077 24318050 28764330 24340430 23478916 26986683 23398354 24512709 26765026 25813103 22696913 26763325 25234103 24343244 22855189 25445229 27468104 24194627 22331410 22723857 23204478 24460678 25823066 23782265 24424077 25339590 24728169 23175228 24410123 24782358 21822361 24290279 23595720 27244910 24096424 26502038 24589883 23216142 20998578 23428814 28760999 24082453 26228036 26276244 26823526 25045176 24911254 25576345 25300937 26536382 26326986 24783310 23812679 26953751 25110202 21852953 25978075 26719902 24480772 27009689 22480693 23819344 26544589 24902740 22791927 24070319 24363471 25194231 26380724 26401604 25163978 
25981274 27266636 25478548 28167450 25408826 25988320 22298780 26676955 25971262 29321905 26023472 26537618 29893715 27090784 28462137 28611789 24918163 25118152 25601742 26041701 26735289 28840893 26367088 22236623 27144304 26779615 29035959 27082300 27474068 28058788 26562475 30539040 26685637 24861746 27980588 22818142 28171492 28501702 27930581 25405300 28919139 26951016 26617476 24655050 29011171 26186706 24435419 27181339 25489582 24544914 24318721 29783093 25351846 25339300 28046341 26105955 24980080 25978175 27131237 24226182 26181837 24245043 28711392 24696593 29237169 27810808 26453317 23587291 24335409 28121516 26854573 28046731 29530476 26840899 26900813 26852159 28691760 27474534 27444726 28243630 26888607 26778281 28970332 28224514 25365421 30206343 27726021 27931851 28688919 25939116 26767424 29111866 27113906 24672544 25082834 25681183 25678520 28521057 27725179 28216043 
23564170 23018808 24876240 25144663 24412390 25286868 21768286 25493876 24949929 27148517 25964700 24753352 26887342 25255664 25331589 27230677 25573037 26066443 23206141 26737173 25526064 25210441 26236625 22243115 26281117 25641623 28355033 24525399 26325470 28306534 23308100 29438516 26774014 24308971 26772589 23719902 27194644 26233849 25492796 24527752 26948083 26139682 26140697 22370264 28586947 26680731 23814929 22079806 24958220 24407289 25716707 29555820 22777536 27119235 25736293 26129145 22293027 23827876 25490096 22699358 23050369 23449252 28684441 23765775 27505704 26831987 24383066 22107793 25486174 28721961 26593839 25058539 27952113 27051603 26595045 27836144 27846561 26632266 24314053 27214785 25833750 24301293 28059329 26039538 23065554 27142935 26369205 25883641 29651352 22677778 22972722 27460035 24415806 25739369 24468122 25381868 25904528 24867670 27026864 28683034 
21814727 21779981 23312886 23157815 21665530 22313503 19319681 23090779 23132760 24234280 23795337 23033549 25093869 23217894 22889918 24111080 22781452 21721681 21667685 22569757 22938060 23791182 22497159 19628566 24166071 23001940 24311762 21791986 23434747 24870332 22218281 27372467 23819455 22229767 23951743 21438740 25139407 22954703 23369778 21734932 25225714 23470982 22490795 20449364 23245556 23840443 21449692 20563505 23077784 21248128 23306347 25455588 20489593 22270197 24629594 21925257 20951532 21980796 23775769 20147283 21618465 20899007 24034886 21836058 24583727 22968873 23347879 21108213 22118532 27219008 22669983 24019135 25708609 23082944 24593503 23422751 25161176 22825611 22511340 24233819 22587630 23000200 25892960 23383374 21341839 24656909 24065844 24176715 26242369 21046462 21586888 24325349 23825072 21059459 22212661 20855944 21497551 23599574 25413617 24637072 
22463928 21417210 23618800 25514150 21997958 22953318 19665930 24280601 24446301 25832408 24909999 22119503 27362407 23613225 23961677 27545646 24728088 25270583 22819412 24432149 25218587 24925333 23618846 21755950 24245111 23623271 26126727 24719299 26722545 24322079 22230259 29381093 27311296 24573045 25221739 22999770 25690730 24886144 22386721 23900164 24593453 25404598 23690897 22761293 26517422 24160421 22897485 24800735 23768976 22359340 23516033 27477302 21319646 23644003 24330163 24391080 21915046 23138219 25556594 23580833 23729292 23026994 26068257 22581376 26256387 24829235 24602534 21814231 24067681 25373975 25185582 26263532 27707976 25763423 24959002 23675091 26107745 24225853 24676093 25551781 24133379 24439421 25988914 23673306 23654613 26351007 25703873 23959654 26456372 21728223 25417333 27576999 24504374 24171210 24534824 23517790 24370414 25021779 25782684 24312471 
23228194 24040524 22464749 23654957 21477664 23328098 20180793 23555827 24192159 26910267 22187927 22797761 25783478 24392091 24073155 24098587 24448219 24163357 23683385 23088538 23078096 22486900 23679698 20208435 24783926 24462106 25275684 23219949 24767792 24076728 22577860 27881299 24875244 22921574 25736441 22312205 26212138 26224865 23520080 22991555 25191422 25896977 23475149 21246126 25382834 23538424 23105271 23061012 23802124 21264724 22559639 26410077 25085289 25613095 26251418 24501311 20728346 22007601 25848607 20632258 24252300 22856168 26376280 22218015 25869448 23474078 23524478 21558461 22725392 25923414 23882685 24464625 25265589 25243726 23813025 23812818 24412289 24530917 24682017 26609303 23102850 23440966 26119000 24035319 22970782 25492065 24294748 24904043 27075485 22154094 22608416 27361081 24072848 22868458 24481285 24850139 23328273 27198306 24772498 24939543 
22735092 25849864 23982299 26644140 23594246 24669908 20629981 25112812 25044983 28229276 25311312 22555704 27698032 24785427 26408385 25439707 25831842 23288981 24874792 24760718 24650321 25639729 24213117 21634184 25221613 24392983 26082109 25807571 26388200 25126660 22745748 28841843 25467195 25273304 26659194 22759581 26138806 26414978 24062472 22876209 26374312 24251771 23868752 24066262 25393482 24448771 24734483 24639424 24684398 21132474 22512886 26083764 24250985 24231637 25478862 25011382 23619972 24993849 25448616 24282238 24412783 24396661 29124005 22521197 27319715 27081044 23307619 22155073 24126338 28248841 24849515 26558125 26901141 27516472 24800683 24028290 25832195 24547272 26339338 25326715 25826928 23510880 27235581 25835988 24005365 27055521 26226613 26031556 26665309 22506140 23820957 27917159 25146535 23278869 25299106 23771476 24318245 25742262 26232995 26623586 
24230722 23524828 24930822 25692708 24442530 24742154 21423531 27225367 25383458 27415155 26481156 24190182 26406200 24357749 26920358 26528572 24646887 24624561 24199601 25555739 26430363 25407585 24793713 21606551 24867388 25601075 26383761 24919634 25073578 26317991 23011304 29871197 25160459 24426538 26620122 23759543 26051921 27268362 22982225 26439197 27165447 26347540 23883675 23246333 26106715 25245255 25487829 25082326 24074458 24307510 24441840 27802779 25433400 24759996 26772014 26725524 23847693 23868040 26816622 21586184 25717532 23843921 28666301 22805496 27777000 27641049 23694781 22511513 23743784 27676790 24867242 24859892 26803627 26593258 25737816 26054864 26150487 25790354 25801666 28774242 25403362 23643111 26870782 25766982 25031035 27276277 26444991 26661215 28352824 25197540 24088237 27903457 26696477 24432500 25072061 24954218 24317439 26133044 26627542 26603956 
23073516 24104388 23200187 25110824 21638733 23681983 19134388 25689543 24759277 25985200 26048643 22253805 27134551 24687086 26155715 27799028 24751833 23232850 23572126 25115393 24315216 25310306 25848121 22116303 24977608 25951609 26641675 24721432 28229224 26921169 23509013 27887036 25806053 23895484 25289902 23019828 25737373 26481695 25111125 24007069 25768166 25379792 23884154 23839268 28057321 25115036 23406779 23493083 23070455 23591648 23594283 26934397 21896873 23886671 24444601 24831093 22272614 23287705 26940014 24309378 23792638 23948397 27598160 22246260 26429832 26624728 23616457 21749561 23526766 26446920 26652342 25516316 26366873 26956147 25298873 24338881 26283873 26174094 25049793 26051561 25453494 23565127 25310532 25114358 22111552 27194161 25874127 24793131 26709086 24267751 22908357 28020334 24084058 23932895 23313507 25434043 24114372 26265609 24430799 25692763 
24129182 23989575 24945172 25577484 24783313 22405939 21929519 27075730 26267435 26888216 26362144 23883549 28581380 26088910 25679157 27049049 26296662 26433465 25453616 26280975 26133191 25105516 25374762 21231115 26359563 25486382 27724574 24679463 26054723 27177746 24776026 29349728 26668025 23072604 27788767 24196297 25655889 27550098 25605268 24628962 27219576 25269038 25794511 22006654 25810250 25737160 26115103 25010333 25182584 25755034 23774727 28235989 23523305 24937330 26499771 24834499 22893556 24315356 26082392 22697683 23673829 24522074 26946608 24271035 28543571 27288417 25081308 24084875 25664933 27605821 26321793 26051328 27677265 26023648 27232353 26652135 28422997 24376567 26652663 26993407 24621539 25497539 29070960 24142335 22541329 28189623 27251213 26878723 27790097 25618257 25277513 28387265 25741788 23968120 25062876 24292041 24349073 26641865 26469085 28135044 
24491220 26401694 26876926 27697862 25073424 26844675 21073526 26614862 26810951 30565645 27090561 25710688 28865469 26006864 27410428 29751474 25250077 26418209 25499091 25949408 27396024 29317227 25850605 21063381 27116131 28253545 29546841 26350111 27893657 28493507 24224651 30435853 28030899 26912032 29205249 24279254 29446481 28478977 27338063 26427050 30189630 28058166 27406052 24460063 29803474 25461264 26455542 25781800 25116022 23705675 26037466 30471800 26074050 26837256 27253374 26470501 24597613 25653046 27324641 26347328 25985445 26592598 31573480 24708705 30312475 28812796 25004614 24203824 26139010 29170830 28708140 28916951 29175573 26711050 28136018 26894492 28794315 27863245 26139515 29177431 27280086 26626104 27596984 27886214 25168192 28226451 27643927 28738037 29225577 26847431 26108066 30267787 27389535 25378515 26750204 25914940 27148766 27464560 29764490 28103943 
24506343 23654920 23195414 24376944 24875902 22356179 19408150 26234641 24042352 27019612 26014807 24304775 27217311 25119864 26733714 26042916 24487498 24531870 23821666 24592840 25794098 25549704 23596243 22777082 23672414 24231085 28159272 24838753 25145397 25553118 23437402 28128260 25844134 22296450 26615160 23613982 24203859 27620185 24015167 24616940 26833000 25695431 25584893 21937736 26426303 25027020 23081942 24726232 24076502 23662948 22521663 27203095 23124718 23678768 26969802 25095650 22535045 23913783 26022000 22218518 23961722 23225864 26637001 22998699 27368969 26587585 23858449 23411402 23121125 28326419 25592807 26591289 27427763 26536966 27273021 25284286 26000421 24718941 25203624 26481974 23802569 24755752 26428496 25321999 24062901 27421024 24738499 25609993 28145355 24285077 23584367 28404827 25803675 24028513 25717670 24444345 25483389 25476467 26593250 25479216 
