3844281 2486250 2571409 2310086 2047869 2281490 2708353 3019103 2645178 2355010 
3078823 2431095 1628297 2089308 1982813 2102924 2640116 2419192 2755829 2177478 
2886410 2672307 2233439 2461297 2139741 2115872 2405249 2460166 2753377 2347307 
2417640 1685927 1369504 1463587 1209709 1194622 1896842 2051281 2101228 1337781 
3266135 2740176 2264672 2096454 2008907 2484321 3314439 2712337 2842751 2550224 
3513240 2070341 2411751 1670180 1672391 2262361 2827485 2572392 2571753 2333004 
3894664 2549712 2511208 2686122 2009554 2170902 2718793 3274845 3002354 2355416 
2047697 2303592 1441126 1829482 1623384 1598592 2274385 1974099 2390626 1735523 
4188995 2512569 3190619 2882872 2300870 2968399 3117763 3301857 3794287 3419026 
4236141 3495683 2913530 3337014 2663414 3081965 3286920 3385539 3482458 3139597 
