845 650 116 422 45 393 999 37 173 495 50 750 677 900 921 165 526 569 236 959 884 867 124 290 672 179 420 605 788 715 303 668 109 929 350 775 88 180 644 751 623 218 574 932 481 733 449 125 980 478 688 579 777 398 430 936 432 806 610 312 664 100 477 782 414 250 303 884 79 179 594 157 910 167 720 922 934 167 316 139 373 913 369 588 143 620 308 395 938 376 769 912 599 648 510 871 410 935 836 950 
119 886 706 642 286 76 942 90 729 239 672 207 671 819 122 174 676 340 599 140 394 162 910 848 896 423 542 474 918 717 35 438 267 113 940 174 687 113 303 25 762 930 864 75 852 10 140 440 672 645 661 477 90 322 695 457 677 954 821 393 638 508 804 480 752 960 729 962 138 550 726 24 598 871 713 299 835 195 598 402 344 795 974 256 260 808 549 920 199 982 416 440 882 222 2 333 881 970 808 702 
104 944 81 133 38 656 480 736 147 108 772 478 4 957 319 654 262 366 236 851 543 723 713 179 467 470 334 431 906 560 771 229 311 379 228 874 716 41 96 767 491 793 224 742 420 240 297 525 649 166 337 691 142 431 696 454 201 311 536 710 255 396 997 67 414 59 891 585 342 536 690 972 614 78 658 323 754 627 186 995 907 367 194 759 635 206 452 856 551 801 14 757 245 948 40 494 118 818 274 541 
459 370 311 688 282 831 409 109 755 268 43 508 414 430 276 180 221 175 86 700 845 977 104 615 651 851 726 782 729 856 834 108 537 177 745 511 151 918 153 779 937 889 148 97 587 245 744 440 166 930 307 689 517 998 744 926 480 112 782 612 773 519 3 773 869 124 257 967 500 860 206 800 983 680 145 427 693 53 644 54 716 271 23 680 625 369 586 334 237 195 924 469 335 453 943 542 494 541 734 29 
328 969 84 287 475 532 598 174 516 224 964 679 821 783 645 587 546 849 805 296 16 528 313 360 163 147 748 708 301 727 792 750 387 435 509 92 613 492 404 869 108 156 819 839 602 413 502 509 446 888 380 520 288 625 689 246 74 815 488 373 503 340 41 693 700 991 433 611 943 364 377 292 414 414 363 369 746 249 42 2 490 13 112 618 817 99 310 156 3 479 530 895 794 830 713 689 987 728 6 167 
597 386 280 522 853 170 992 58 956 874 533 916 304 65 670 630 710 829 643 881 224 740 416 439 723 841 352 87 628 424 495 101 233 57 362 909 96 864 205 50 600 391 664 657 342 65 693 73 85 814 961 70 396 963 269 72 150 529 936 504 329 968 299 66 972 796 848 36 847 120 396 700 118 40 680 264 348 565 177 526 295 469 987 192 302 442 597 779 394 103 601 153 597 667 367 419 268 267 993 896 
449 693 21 541 771 440 172 99 493 490 959 404 492 215 166 787 16 620 865 475 454 860 213 926 892 441 674 105 466 663 274 204 534 175 739 28 588 586 532 146 737 401 86 143 142 457 977 888 732 297 600 372 563 120 26 107 678 658 60 120 974 450 802 280 318 930 561 730 687 247 284 473 29 397 612 190 653 399 833 365 703 625 992 262 803 185 52 379 793 715 797 24 138 476 394 942 895 70 13 830 
99 177 348 92 889 207 463 566 872 116 299 638 459 809 116 436 536 394 820 60 44 1000 872 38 961 378 122 533 908 399 655 600 130 539 443 407 469 693 262 627 222 328 392 853 947 444 556 443 161 614 359 126 488 903 687 965 652 216 152 571 441 420 409 105 297 328 843 110 653 405 505 393 729 357 92 10 668 552 340 453 199 498 116 30 222 46 408 249 916 663 425 381 785 799 360 176 88 306 98 593 
858 447 525 236 0 790 866 701 595 176 187 935 83 982 584 966 102 480 564 873 887 226 834 39 651 184 939 288 920 194 292 574 936 14 164 33 492 411 983 954 416 808 156 295 79 324 599 676 579 528 246 548 162 828 407 416 606 345 750 816 325 262 264 720 831 133 173 559 410 556 44 911 718 433 196 423 967 203 82 696 717 504 867 586 671 514 588 967 866 65 811 781 491 199 643 548 597 246 223 636 
522 919 478 462 210 480 669 784 218 252 485 568 495 189 685 880 332 230 675 154 970 517 86 262 927 934 590 266 278 823 165 668 864 719 603 861 36 154 691 995 961 86 572 779 313 30 319 595 537 417 204 641 741 838 48 963 321 837 92 765 83 223 643 996 604 325 239 345 926 615 60 163 982 476 925 421 469 921 581 465 375 847 727 999 689 850 46 750 340 69 148 787 828 254 27 778 134 83 151 627 
103 814 677 827 724 397 718 810 818 872 182 742 492 776 992 953 453 849 780 828 767 652 810 233 332 256 127 534 147 378 222 766 427 950 41 951 805 800 695 269 868 528 127 945 334 618 916 388 253 107 251 123 939 693 149 114 750 819 780 971 521 259 834 454 217 887 825 468 741 431 837 331 556 663 435 197 831 579 199 795 468 867 191 741 596 774 398 508 98 954 306 938 614 82 735 432 400 388 642 279 
437 333 806 722 768 934 97 562 422 181 913 333 599 849 166 317 310 718 908 456 455 471 238 733 241 413 786 917 756 734 890 754 786 495 350 885 234 757 824 397 353 812 842 745 498 132 74 284 99 662 398 152 472 725 411 130 761 928 580 835 397 93 602 248 417 514 818 293 451 862 678 823 615 608 340 905 155 823 815 979 337 374 112 177 394 883 664 620 868 856 816 736 176 565 136 589 69 392 499 507 
926 368 617 360 182 81 639 271 602 966 630 233 161 891 277 1 28 970 591 885 636 344 132 722 937 960 826 798 847 483 394 907 802 938 49 885 570 111 602 617 840 756 469 520 870 112 801 787 397 117 108 495 911 835 654 699 839 526 95 706 420 672 3 648 580 52 597 170 959 735 253 981 532 992 884 77 650 940 936 670 511 755 140 312 789 880 651 743 111 596 816 451 798 864 343 725 31 393 890 668 
318 3 942 64 366 994 177 697 514 184 378 992 135 960 275 591 368 693 670 813 914 887 615 662 428 824 912 265 950 540 239 724 142 551 498 47 331 228 430 783 901 116 313 935 524 750 770 969 18 551 723 223 47 269 454 865 234 97 609 136 63 397 702 111 404 328 251 385 282 898 795 319 729 435 695 790 899 78 336 781 979 156 27 911 926 637 612 360 49 60 291 727 362 828 444 684 931 520 719 57 
403 43 350 426 770 890 520 758 580 714 721 378 60 472 986 157 677 136 194 144 301 962 937 663 919 300 613 55 896 874 995 24 523 430 284 282 602 280 739 836 400 606 174 852 789 962 848 186 246 230 988 106 408 794 621 408 529 81 490 178 740 248 680 691 895 907 765 305 793 127 314 566 317 34 869 404 518 680 81 889 792 522 533 971 938 374 881 522 719 676 750 247 43 484 513 688 440 439 241 773 
777 178 771 697 410 223 111 710 88 971 744 2 302 302 387 604 242 76 450 552 779 138 492 431 784 209 588 44 692 178 573 313 254 616 943 641 385 390 714 94 283 852 882 809 191 749 173 583 233 61 265 735 943 601 574 760 268 331 333 421 837 765 31 761 325 715 361 739 270 219 249 471 426 786 277 579 72 942 211 908 274 299 308 765 588 492 577 622 287 776 911 373 96 214 639 469 275 185 6 370 
550 711 171 2 36 129 254 101 606 627 200 228 671 551 643 31 939 853 994 829 402 931 172 668 383 412 212 492 896 631 174 15 161 704 73 108 736 400 992 266 83 182 792 933 550 913 783 965 667 350 645 411 248 373 58 33 30 352 468 41 303 685 237 107 236 917 2 587 76 79 465 895 245 510 507 944 181 855 180 128 764 893 364 758 984 299 759 749 434 468 689 695 863 246 635 325 686 803 729 157 
479 228 364 951 47 728 922 247 574 96 438 533 723 979 970 430 893 189 363 360 967 696 576 818 487 185 723 982 309 389 164 354 226 985 277 567 324 56 734 62 406 356 388 596 440 784 29 412 32 153 95 177 942 580 731 344 308 827 257 83 830 951 907 675 993 328 118 574 2 300 326 377 802 656 546 490 897 384 263 287 332 24 991 260 272 557 904 87 575 201 338 974 870 951 332 185 363 441 533 752 
825 278 376 674 777 209 621 891 42 954 505 131 682 9 640 544 737 390 235 986 851 193 633 899 48 31 397 221 844 202 841 32 2 782 18 939 63 192 73 367 951 592 442 362 734 588 907 891 672 245 224 498 236 838 767 597 789 110 444 978 130 300 413 140 879 274 420 870 884 494 429 666 602 497 928 926 645 477 882 378 601 562 361 769 850 465 782 415 883 789 560 387 121 502 691 142 241 114 0 950 
362 597 441 710 690 615 427 822 771 14 651 110 258 377 799 502 269 245 130 911 406 771 857 350 586 685 757 852 613 331 313 639 46 212 63 853 470 458 106 142 851 143 768 589 625 115 326 103 548 468 990 202 610 255 653 190 61 504 705 113 906 765 923 251 519 973 833 864 331 996 972 381 938 213 228 6 133 873 971 574 263 14 794 58 246 545 810 280 649 857 51 469 173 171 735 914 378 272 825 24 
611 27 375 130 102 769 127 931 527 545 358 921 86 417 141 436 140 579 538 560 89 535 910 155 187 380 668 136 412 578 597 468 250 849 182 341 563 148 134 494 617 328 360 435 46 18 663 874 99 568 998 422 365 783 470 396 131 430 291 171 911 311 406 812 139 119 14 994 479 232 804 726 11 384 634 626 603 204 706 553 685 847 638 263 217 236 506 605 343 353 68 793 213 436 638 734 68 672 610 23 
372 821 732 38 581 603 722 329 888 479 381 560 790 573 254 826 63 69 283 845 186 982 188 499 889 285 447 486 963 730 633 669 943 773 176 412 391 697 13 926 969 955 978 22 510 917 422 228 467 717 946 524 930 251 150 52 928 103 191 409 509 257 2 609 670 501 300 140 192 275 702 738 675 914 597 952 929 387 44 597 539 813 427 818 762 675 874 130 249 357 465 229 138 760 444 778 740 331 319 705 
800 381 250 945 838 546 297 904 678 568 312 455 763 878 737 932 875 571 710 847 399 631 6 116 13 786 431 882 456 634 618 401 358 955 601 621 126 839 46 879 513 81 936 354 114 724 266 508 904 627 597 172 275 827 827 362 154 835 874 577 72 26 814 212 229 25 313 835 982 399 561 705 397 84 273 149 683 753 265 516 93 715 346 457 671 640 618 96 739 641 134 925 661 84 981 471 191 139 800 217 
746 31 312 387 121 6 705 950 267 760 630 512 697 136 886 183 71 868 990 467 100 60 152 903 420 208 962 902 776 670 517 642 749 956 201 809 114 925 407 719 88 741 773 968 177 333 879 194 152 739 244 324 150 262 95 429 91 100 313 269 314 512 512 849 892 660 117 244 161 395 167 752 17 340 303 570 169 933 82 972 71 632 387 752 597 479 252 340 202 307 239 6 523 484 688 485 707 858 888 968 
278 945 385 222 451 632 658 948 227 937 336 269 979 456 194 913 677 628 340 963 202 892 702 182 759 252 322 6 578 68 156 115 397 460 937 512 839 810 449 575 428 618 715 912 331 237 931 657 955 700 647 774 973 546 895 874 975 883 677 899 615 345 280 176 976 185 491 456 196 388 424 43 844 990 839 243 504 476 637 93 543 317 425 703 661 312 308 880 533 175 703 560 179 977 377 932 260 935 703 365 
668 55 127 214 256 303 682 43 546 128 659 871 757 140 848 241 288 247 793 742 882 147 796 849 550 409 740 405 742 70 879 237 429 945 988 761 686 488 7 847 12 774 601 589 464 881 396 474 113 773 409 874 894 259 311 151 373 405 411 561 496 639 895 572 999 278 947 355 391 486 932 467 587 962 675 115 857 590 737 122 557 911 140 442 511 913 486 818 670 523 415 768 492 758 531 466 132 134 117 655 
932 629 45 465 17 145 518 488 752 714 184 547 52 414 744 744 45 625 720 333 627 700 223 1 233 634 190 169 891 1000 92 633 455 153 498 617 575 734 810 752 712 19 764 276 566 162 999 378 744 306 652 283 365 46 493 487 800 166 646 334 227 470 869 176 561 480 193 401 507 966 882 908 341 936 296 879 787 177 50 414 597 654 112 813 774 391 602 725 184 207 843 170 840 338 693 107 26 723 936 458 
930 748 771 466 721 569 426 749 693 540 822 160 404 788 12 20 254 158 624 490 569 933 506 320 693 159 323 244 156 584 367 520 580 266 829 196 540 515 360 40 963 830 165 440 567 918 162 687 956 300 978 436 605 233 302 33 517 215 360 117 474 646 996 474 125 752 882 884 693 212 856 201 712 21 779 849 481 917 292 575 466 714 264 285 585 26 837 623 272 964 594 324 538 234 147 518 350 244 283 734 
77 975 997 761 281 972 205 419 435 759 409 610 398 368 43 881 604 166 62 96 46 426 823 990 52 933 181 129 93 457 145 710 639 520 651 228 89 442 790 903 325 859 761 535 266 282 819 676 404 744 555 563 719 851 108 556 108 705 596 889 351 514 99 551 846 623 296 369 510 30 209 267 703 544 825 248 624 443 131 870 426 654 61 277 960 669 456 229 339 888 160 150 109 287 210 856 216 776 898 266 
947 74 714 187 2 903 507 639 230 717 330 146 713 756 245 899 634 783 863 720 936 651 738 615 754 502 357 692 826 749 620 658 365 327 106 325 550 77 653 815 719 944 122 626 211 926 301 908 674 50 335 495 68 464 311 391 587 747 385 515 125 147 491 876 737 6 848 497 245 722 635 126 524 374 216 155 948 594 126 503 578 150 616 418 387 88 618 420 787 957 556 700 440 496 546 659 8 344 554 990 
99 15 615 827 241 808 845 743 957 711 466 722 628 306 871 114 559 67 556 678 350 949 326 166 210 434 391 527 340 184 760 738 262 164 340 778 412 658 116 250 961 981 332 683 649 623 528 600 694 785 289 714 170 74 657 483 842 980 653 709 463 215 554 512 59 536 404 440 314 961 806 931 348 165 85 95 198 761 284 48 421 26 60 906 93 537 703 24 976 840 256 241 261 191 269 990 74 827 402 529 
801 722 237 471 149 369 368 673 664 876 827 821 324 182 305 70 832 17 666 950 270 111 144 595 906 521 97 549 171 197 177 869 918 146 952 572 388 831 297 769 832 69 301 279 772 909 150 234 248 522 522 436 823 268 57 656 530 982 309 824 55 992 41 256 624 543 716 617 921 94 662 493 823 792 479 701 830 473 982 455 572 489 930 559 960 179 341 232 848 858 777 843 470 96 861 149 265 685 954 737 
223 86 468 396 695 806 166 372 829 378 528 461 760 87 127 299 291 136 425 745 684 897 208 142 494 38 980 81 779 596 242 949 372 560 911 908 836 810 431 25 694 55 385 124 45 511 695 873 761 99 513 127 426 675 631 905 72 920 538 365 153 75 137 501 90 817 508 846 282 520 116 462 866 128 953 325 945 120 940 125 773 179 902 6 727 692 922 420 501 541 943 654 82 90 28 602 840 215 9 921 
733 871 544 428 339 620 266 16 449 372 239 426 274 206 543 338 272 738 224 235 121 22 75 247 536 262 395 513 850 817 404 369 453 739 306 848 773 220 382 70 853 51 998 256 92 578 497 55 374 945 916 5 83 97 890 775 353 842 323 659 875 314 659 945 69 227 373 360 672 774 770 225 31 748 332 965 439 85 847 588 855 334 411 644 844 970 662 861 547 488 430 208 19 83 44 733 262 588 386 830 
697 406 228 70 724 594 102 623 721 727 635 566 555 331 227 417 220 881 860 865 793 68 419 940 383 164 92 414 723 77 640 432 767 703 374 731 262 416 748 811 489 305 585 301 10 818 745 482 858 945 821 468 651 644 135 287 717 413 567 564 1 355 308 895 344 870 194 691 723 149 715 593 900 467 25 754 759 320 406 483 736 800 95 199 878 276 696 180 628 299 24 237 543 509 356 410 713 708 991 74 
107 160 883 167 849 309 221 644 782 841 152 7 9 67 496 274 283 111 867 5 651 406 113 571 195 605 923 67 404 417 318 589 69 826 327 780 70 720 260 838 710 668 53 45 349 507 193 81 434 891 273 871 984 298 407 17 557 185 141 397 765 324 576 487 707 617 941 990 816 275 726 572 900 470 579 689 114 896 898 913 199 936 760 197 443 411 807 70 146 12 56 679 412 902 582 105 538 668 782 366 
662 370 622 36 329 24 179 709 128 322 403 802 40 953 535 129 300 980 500 943 825 757 74 265 137 80 68 812 298 982 345 331 706 42 335 851 217 752 974 461 152 607 752 445 743 495 748 132 193 605 263 932 129 872 697 413 769 924 939 97 423 849 820 489 894 975 1 296 937 783 771 289 350 429 16 38 410 406 684 784 625 832 322 662 83 559 213 459 817 167 450 673 557 612 77 253 168 20 820 267 
791 216 196 288 940 118 701 941 678 962 161 513 423 320 471 281 536 35 677 783 0 731 61 556 190 548 578 131 71 181 859 811 938 362 231 825 604 217 969 796 48 900 639 803 339 429 611 848 749 27 73 514 941 475 891 218 833 829 354 85 776 603 574 100 405 583 871 227 277 184 902 798 86 872 300 541 827 829 414 664 792 162 301 999 459 818 756 429 655 585 97 40 354 709 53 19 277 856 225 745 
823 700 786 781 560 613 467 679 428 620 2 781 251 133 33 595 783 636 63 608 304 538 317 595 571 26 363 158 72 328 888 228 97 458 824 14 304 247 310 80 118 770 394 2 178 151 40 325 948 962 487 584 745 873 44 485 295 521 336 28 156 531 645 533 932 303 629 425 139 118 996 752 816 637 77 382 337 126 482 89 652 277 381 49 261 108 341 630 747 357 447 309 208 793 453 211 111 667 761 617 
241 963 498 777 914 275 612 22 143 423 53 493 836 599 750 809 197 922 515 969 847 933 605 617 347 474 127 653 832 986 257 499 440 8 321 431 827 863 166 1 60 250 679 859 112 294 558 463 939 112 9 560 427 194 503 733 649 92 461 447 402 123 636 642 954 841 95 240 413 123 414 669 301 661 729 280 437 418 63 853 17 818 677 11 136 500 798 165 784 348 780 68 676 170 158 451 556 865 418 916 
511 22 656 280 899 770 847 575 3 463 156 782 864 978 521 626 837 916 281 830 976 361 681 282 776 151 25 965 451 487 239 718 640 549 197 923 317 816 517 330 262 900 777 803 347 557 961 656 738 967 99 215 777 999 375 943 944 276 875 413 478 116 74 292 947 747 829 43 511 309 539 376 413 17 66 860 620 309 34 413 194 165 500 419 672 1 825 28 591 266 876 74 506 14 773 663 855 566 495 715 
60 297 76 918 641 5 263 461 237 894 386 735 254 421 670 225 193 808 774 392 662 108 687 548 20 522 275 917 458 491 409 353 336 60 492 960 809 654 278 812 546 669 356 449 339 991 959 431 468 831 235 56 236 587 372 494 875 256 920 174 77 339 182 597 201 221 474 636 273 85 687 237 350 424 256 562 447 647 324 301 602 497 617 783 204 414 843 481 578 257 586 540 613 438 970 510 459 811 184 597 
799 783 273 602 432 175 389 417 305 5 621 597 565 424 965 804 214 873 91 160 940 984 937 284 481 342 530 414 461 571 39 363 868 451 802 220 463 658 796 981 845 997 299 630 908 132 2 458 963 855 737 689 512 32 64 317 672 267 938 624 897 408 970 162 213 374 919 820 953 922 940 300 990 265 728 973 783 163 248 134 34 238 531 33 839 812 605 627 694 456 340 278 986 342 549 192 531 899 403 964 
271 855 509 742 692 136 268 205 265 182 902 955 897 914 951 539 584 747 982 421 26 862 419 38 251 93 113 647 731 740 934 938 805 981 973 4 401 910 310 356 984 501 869 613 163 403 417 592 50 157 824 529 190 208 754 517 838 217 461 298 831 802 701 353 692 142 220 296 808 349 795 507 718 696 192 478 583 604 651 968 192 913 726 598 751 189 41 928 432 203 444 528 571 534 622 237 388 622 41 766 
432 324 705 309 383 254 262 315 27 903 330 489 711 905 952 514 521 473 353 562 297 217 457 356 990 322 362 795 145 805 318 87 220 150 284 155 455 715 611 589 826 400 955 564 237 427 568 2 777 398 684 317 593 527 259 901 52 989 790 696 12 60 344 78 4 759 412 988 811 375 315 296 73 657 265 252 290 256 863 877 49 797 271 628 996 516 72 936 75 339 673 16 960 656 849 894 534 31 537 54 
185 266 228 184 65 434 733 311 709 799 787 275 743 485 685 474 576 378 737 719 363 820 209 860 176 483 186 470 859 718 149 324 24 445 952 108 72 302 788 320 880 29 35 557 447 325 451 778 321 223 942 665 627 482 196 858 359 41 654 586 438 225 836 271 943 411 751 368 996 964 21 705 298 981 727 98 999 769 909 941 887 39 121 446 909 294 140 424 669 25 940 99 478 271 1000 895 44 693 954 305 
452 103 336 183 108 584 272 453 260 943 699 575 97 614 320 548 48 713 931 719 560 149 197 180 993 262 511 127 113 790 460 648 531 87 661 606 1000 783 717 353 50 319 94 296 700 768 747 43 917 871 886 110 385 618 225 754 731 47 333 134 219 237 112 620 818 262 767 347 120 476 910 732 698 474 764 310 787 567 170 448 967 839 828 319 734 920 540 282 637 640 436 152 495 949 541 538 463 450 454 12 
951 582 554 401 321 438 694 78 412 773 114 400 211 289 221 929 863 393 117 838 445 682 656 837 39 117 790 49 45 164 329 177 900 67 584 674 815 407 651 513 355 13 188 58 848 225 82 273 629 191 412 394 600 745 900 405 987 43 569 699 473 585 790 884 104 933 45 501 860 759 258 263 451 72 923 749 214 49 263 602 370 497 621 472 940 667 928 443 908 468 214 556 98 740 81 309 837 897 220 47 
444 264 594 525 121 475 906 582 163 561 190 950 86 866 283 874 758 37 58 514 813 974 338 989 39 695 557 370 563 701 100 604 359 284 377 462 77 789 531 662 820 476 29 414 869 80 873 613 407 27 445 550 792 814 721 934 157 177 224 464 593 768 669 895 942 566 609 643 576 971 11 832 526 100 646 228 679 782 945 531 294 598 617 73 176 460 916 827 689 826 794 367 534 167 267 516 584 597 980 145 
380 177 431 718 467 509 291 909 990 61 968 184 509 863 310 116 969 557 162 331 405 277 164 642 786 984 507 482 312 781 125 316 423 807 823 744 260 578 693 153 174 99 704 424 749 808 474 996 224 180 567 185 231 304 815 476 706 164 450 69 904 633 43 189 985 620 868 850 240 339 131 401 893 612 667 23 17 994 85 163 925 967 647 729 153 829 748 874 733 45 939 61 564 683 996 719 661 760 617 736 
858 2 103 567 408 609 248 555 443 693 448 657 217 450 110 304 492 225 218 733 495 497 83 790 638 873 823 273 682 151 79 988 66 143 911 721 580 50 967 207 62 781 929 505 833 194 178 310 418 320 574 552 910 233 207 85 334 276 211 307 451 397 470 46 133 432 577 918 745 669 911 389 837 217 518 276 432 553 526 312 618 822 710 695 635 917 959 862 679 402 46 322 633 771 497 550 195 840 864 475 
459 831 611 7 152 70 84 4 120 279 171 244 590 188 670 771 297 830 952 70 847 729 667 913 837 655 685 841 1 926 867 816 448 549 825 219 643 53 96 986 60 732 524 985 229 95 161 46 997 639 114 488 965 505 179 318 263 387 758 302 904 700 661 44 111 946 691 791 216 743 731 765 904 788 611 887 105 452 567 273 85 840 647 328 329 98 452 629 521 281 636 760 928 540 732 152 201 194 477 957 
100 176 945 524 501 859 155 935 607 279 58 211 386 219 526 432 898 771 627 891 639 901 941 763 864 780 314 39 959 877 705 363 569 205 889 767 778 483 248 447 611 89 45 959 786 424 297 743 182 38 910 23 781 417 757 654 244 140 149 569 421 78 528 369 18 68 797 279 752 217 687 429 343 338 981 497 514 968 48 678 621 57 409 75 717 682 577 753 149 1 325 856 48 442 334 825 282 673 306 787 
952 73 236 720 217 388 54 638 31 143 154 408 696 27 502 240 280 89 494 993 785 563 39 540 98 114 465 498 95 202 567 253 265 22 866 575 517 49 112 509 36 839 556 492 503 322 907 689 506 32 441 957 837 620 84 749 167 219 485 470 483 485 634 245 166 507 171 555 701 43 419 159 409 636 752 166 81 116 674 995 106 49 903 61 308 113 757 417 328 288 856 253 57 839 122 56 858 490 33 41 
212 534 842 875 531 657 179 956 492 405 614 946 760 783 762 231 892 531 582 530 513 958 796 308 387 720 865 368 506 489 43 495 526 900 251 976 699 311 410 354 84 711 774 140 808 564 232 583 59 637 743 563 496 44 26 221 551 709 797 122 962 701 757 296 405 278 776 241 793 232 634 573 790 29 513 192 215 673 632 853 389 452 283 608 545 919 547 869 367 287 977 724 317 613 425 527 180 368 30 311 
191 215 528 224 56 190 29 308 889 674 667 676 693 748 384 454 11 481 508 333 130 610 914 701 958 730 223 544 233 241 652 596 269 828 187 174 213 829 626 931 933 429 925 170 708 861 615 381 229 73 870 653 959 627 225 585 145 909 151 673 171 863 909 25 256 395 903 516 150 117 485 92 750 912 351 802 655 332 573 367 751 519 457 11 714 77 434 685 280 617 971 662 210 859 627 943 117 413 991 822 
1 179 915 965 482 505 477 67 507 44 619 981 626 913 123 915 627 96 285 802 730 870 723 241 163 171 681 315 875 297 610 101 854 781 551 711 858 54 338 737 16 812 391 182 168 90 360 100 349 729 662 866 868 718 215 782 422 453 695 222 405 534 749 334 810 664 924 296 431 277 574 645 624 170 860 216 800 124 585 946 888 59 380 349 682 489 641 480 499 357 554 832 190 539 364 738 737 67 398 850 
159 805 641 187 292 449 154 620 721 820 379 726 258 739 526 18 131 567 982 356 118 539 295 103 352 535 131 714 79 184 127 798 217 98 942 120 26 615 53 375 349 169 510 949 504 557 624 17 686 234 92 809 569 979 88 793 411 630 407 634 445 516 654 60 966 235 767 232 61 128 387 866 611 191 302 420 277 120 595 738 361 428 683 252 844 228 858 251 650 567 731 434 568 381 86 495 297 604 826 349 
255 171 120 609 996 263 849 441 393 617 563 399 106 36 474 552 392 43 591 504 744 417 298 834 672 885 614 278 858 281 313 42 38 467 306 385 859 97 825 179 708 355 787 538 362 275 221 594 598 740 636 698 553 559 922 594 915 418 116 145 72 66 74 19 503 108 900 314 744 671 525 85 498 188 965 369 954 626 841 719 224 208 686 990 557 493 674 363 392 492 998 0 797 505 394 589 425 826 547 774 
125 625 304 827 902 459 320 381 323 103 256 301 5 935 569 736 673 641 137 365 992 159 442 263 294 185 378 397 394 325 892 626 939 531 247 148 485 746 638 74 244 50 381 477 390 814 569 223 550 688 37 737 358 146 670 246 296 431 751 289 387 893 663 839 622 515 551 544 108 412 599 137 572 405 167 697 201 997 763 696 496 223 979 126 40 634 425 587 357 205 330 210 301 715 580 620 980 562 459 464 
456 886 405 27 768 971 184 462 765 827 454 630 983 295 420 800 619 900 944 903 329 140 954 525 407 603 297 245 122 19 284 63 70 125 550 547 548 853 376 596 347 10 697 555 434 960 395 281 891 831 964 4 770 560 298 108 148 434 405 801 58 273 26 499 712 613 318 469 611 481 277 496 610 447 271 455 502 492 492 230 777 949 63 822 506 666 15 886 477 581 807 641 84 679 525 412 242 693 398 190 
624 477 419 118 35 341 36 424 562 196 550 68 647 378 284 344 758 283 612 208 895 768 226 178 331 369 99 249 42 263 94 17 48 73 869 808 757 177 239 533 587 893 297 423 394 61 873 810 104 590 31 363 36 602 616 191 91 365 648 528 865 903 381 970 239 445 251 229 4 189 969 741 331 748 162 381 709 195 181 658 476 890 995 349 310 435 337 373 732 9 664 624 971 456 575 607 163 283 825 454 
65 839 787 473 39 816 925 684 394 201 384 872 732 299 383 333 98 337 141 199 412 688 12 523 585 178 788 478 401 145 305 934 616 999 393 232 470 683 958 193 700 742 65 420 786 849 752 958 764 911 220 323 710 867 672 13 89 494 830 947 417 757 514 327 895 87 861 711 91 604 718 963 12 669 956 479 140 399 460 393 512 765 293 550 198 856 91 781 300 113 820 707 888 52 134 500 878 420 77 977 
728 168 742 252 699 430 644 755 51 648 820 116 404 680 569 308 741 323 338 637 576 131 551 738 822 219 746 118 462 424 5 924 769 300 240 845 981 362 145 141 784 664 727 20 427 118 76 716 688 849 717 862 845 789 670 175 362 937 104 605 831 109 366 217 859 468 995 580 91 981 318 927 899 475 643 106 239 588 486 792 811 940 943 937 976 2 717 273 645 854 304 940 393 153 94 119 702 495 978 134 
183 806 729 267 205 270 146 873 462 887 589 707 812 312 668 769 69 422 985 797 717 70 89 607 34 941 148 186 995 372 34 641 82 49 944 686 174 777 337 596 333 95 381 778 283 356 232 438 892 135 936 831 72 658 366 814 78 596 468 608 244 572 911 808 968 584 980 413 500 792 176 46 525 237 895 28 927 939 734 573 365 713 165 914 908 329 440 732 221 577 12 405 528 254 673 420 936 410 67 92 
694 757 339 746 380 603 973 825 269 662 812 850 117 534 523 409 673 658 718 665 530 755 67 327 520 475 124 278 71 302 956 657 284 339 395 200 983 491 748 128 791 536 977 717 304 65 792 161 805 310 281 10 601 934 779 449 841 786 119 235 29 427 600 595 791 779 774 969 615 28 768 480 402 646 896 298 670 304 367 226 482 345 479 951 695 937 104 339 212 310 10 376 422 255 281 361 477 755 374 729 
703 484 47 94 459 434 594 584 187 174 320 764 311 711 548 680 364 594 33 735 965 770 432 952 179 277 140 669 710 412 338 304 259 249 307 21 834 665 379 274 387 958 0 80 572 904 800 763 864 967 439 578 472 843 659 421 607 365 658 209 866 473 308 838 647 992 373 368 53 708 931 385 37 458 787 654 21 440 449 25 335 677 829 943 541 880 567 399 447 20 416 480 564 284 574 771 138 510 328 713 
219 568 434 763 112 637 837 420 599 883 294 181 172 466 919 912 973 151 127 432 184 483 175 149 506 132 370 935 725 480 498 362 548 311 490 102 256 113 867 455 991 705 578 969 830 960 379 196 172 384 918 402 478 321 655 318 164 346 426 476 930 180 121 877 802 250 575 661 701 788 408 22 953 404 658 702 77 408 803 681 246 516 537 176 890 652 265 91 28 855 158 234 623 801 239 856 40 25 598 969 
161 541 548 113 991 975 774 308 936 843 740 679 236 82 606 965 494 114 319 537 76 410 289 448 815 407 728 697 832 299 264 457 446 467 742 435 707 962 586 518 123 292 751 912 173 665 422 416 181 473 333 133 303 757 36 530 714 139 347 668 752 722 977 312 139 376 197 559 85 599 708 867 399 366 336 296 708 505 88 644 519 766 10 53 544 987 343 167 873 891 49 431 744 29 385 900 281 69 288 125 
348 844 775 744 18 290 65 320 304 205 712 799 163 194 975 550 248 470 842 517 550 440 388 420 392 644 36 506 220 535 631 376 471 194 622 637 699 60 945 673 367 133 417 646 564 987 203 185 574 381 816 847 82 934 88 301 728 490 809 65 715 29 909 494 834 172 554 911 419 675 21 77 605 27 818 762 444 652 466 516 646 552 30 425 94 192 461 183 515 67 210 232 768 439 950 745 814 579 575 497 
426 995 942 138 100 484 202 101 877 683 962 37 21 698 102 219 801 963 603 693 865 583 65 106 687 237 991 823 516 690 631 215 898 245 700 408 87 569 264 797 652 926 281 152 739 746 299 248 505 32 564 15 58 705 207 976 530 727 127 483 749 48 180 180 991 592 135 255 544 382 629 778 410 513 754 345 229 88 789 182 914 906 849 756 330 984 900 887 319 838 997 538 736 607 305 545 729 391 567 65 
475 753 396 84 584 185 393 575 442 245 993 441 160 180 752 931 357 328 79 851 83 310 641 453 946 165 409 249 501 270 917 250 655 43 913 734 75 111 929 698 259 784 762 539 873 33 522 263 716 279 328 411 54 384 478 236 782 588 70 621 275 65 832 894 696 246 473 594 31 722 924 482 793 273 927 301 84 186 340 365 83 463 152 926 100 224 500 85 977 25 454 190 20 634 887 224 258 453 805 474 
426 64 682 476 557 388 882 445 457 645 842 863 207 173 469 755 786 679 766 412 247 789 923 97 606 299 622 659 439 723 622 872 553 142 621 846 506 292 7 523 285 913 388 851 255 258 929 430 227 725 914 912 693 463 816 760 7 388 885 140 960 271 468 641 878 142 813 233 744 575 517 675 480 570 364 183 267 939 392 714 348 470 833 373 511 921 479 217 675 64 551 959 877 252 805 789 787 207 510 298 
491 466 833 140 114 241 354 914 532 594 908 10 863 467 60 817 4 230 491 275 611 993 844 675 964 894 429 128 331 50 931 758 842 311 777 510 323 338 275 367 250 891 332 107 177 920 356 755 642 87 251 199 296 230 698 88 484 700 485 311 910 612 543 98 357 30 635 295 913 971 25 241 257 329 587 380 534 885 677 284 196 332 359 40 148 803 364 660 737 145 781 215 383 333 998 5 360 153 683 225 
911 32 907 350 781 283 386 826 652 188 73 26 17 926 937 703 284 836 957 376 264 574 228 391 474 965 199 251 860 712 958 896 301 358 777 641 481 192 504 657 753 796 627 170 37 201 222 216 52 570 560 64 800 983 977 99 744 530 269 752 591 189 912 814 549 621 889 106 62 522 813 304 226 453 399 577 283 98 506 514 620 794 660 206 352 143 886 217 710 224 229 838 738 154 759 413 956 141 628 865 
612 706 559 610 816 941 84 741 505 626 870 292 72 262 832 444 433 876 613 198 286 422 271 201 832 622 821 738 466 715 732 4 593 409 42 854 171 645 124 998 68 968 420 687 630 752 464 845 620 296 818 168 205 813 475 230 662 945 322 983 110 524 437 438 547 123 207 223 634 907 474 259 805 948 24 636 470 434 281 425 451 545 5 583 756 908 964 666 188 868 387 947 261 633 893 156 550 249 266 192 
729 999 943 651 225 519 476 834 365 367 829 844 463 419 536 223 744 675 79 995 115 496 240 952 443 464 290 903 464 554 1000 942 480 671 257 462 519 875 870 397 312 357 63 914 222 551 701 29 786 590 388 641 829 327 468 792 16 157 151 89 290 152 252 619 223 249 375 346 222 621 317 848 796 566 308 397 647 193 170 262 819 709 207 218 595 358 145 878 234 206 65 873 511 271 40 293 903 646 332 805 
219 338 652 28 590 796 697 871 59 350 273 322 651 307 1 138 860 856 358 193 842 166 164 536 527 112 866 443 368 235 192 38 305 687 517 785 410 630 620 788 703 378 477 754 777 844 697 711 426 809 300 364 921 57 443 750 761 675 173 796 587 866 854 374 915 360 623 973 268 700 51 131 999 912 820 903 203 765 165 503 522 504 143 637 370 608 959 726 660 303 546 589 157 1 239 68 513 161 620 928 
427 772 885 6 656 756 683 552 181 475 69 359 282 142 216 438 352 594 391 44 8 417 610 41 249 100 966 751 409 474 360 861 85 171 401 416 431 41 592 397 366 240 515 114 742 342 158 775 211 4 409 740 413 66 925 22 669 97 757 486 117 367 275 907 93 945 942 611 833 876 692 72 102 787 441 128 329 828 761 951 489 421 124 709 589 177 843 345 573 668 947 272 586 989 525 742 698 620 640 713 
641 952 198 88 423 477 876 678 952 172 741 888 90 720 917 593 467 174 631 754 974 748 512 206 667 110 885 782 881 281 107 916 116 104 466 627 16 187 214 946 651 921 603 175 501 185 345 20 106 54 297 525 966 589 906 719 794 879 96 269 240 147 715 397 644 47 999 417 293 798 79 273 998 603 814 371 69 569 243 675 748 343 383 764 792 715 678 152 387 190 61 994 423 758 192 784 91 661 52 797 
7 292 755 625 877 127 765 991 97 931 979 226 932 355 41 899 453 464 977 30 516 752 627 844 162 342 344 210 216 88 920 73 699 536 880 539 316 4 189 241 307 138 817 137 706 516 850 644 350 388 236 771 486 416 999 345 160 385 555 664 367 247 404 959 191 11 425 615 279 106 775 560 768 358 315 155 156 987 413 765 642 685 983 924 55 608 542 254 759 207 998 831 791 187 930 444 930 277 820 946 
511 633 69 506 493 467 490 676 467 45 727 378 571 534 51 294 885 552 225 922 179 513 179 998 590 549 437 264 720 51 901 23 919 497 572 285 627 423 402 448 698 230 247 319 706 653 204 990 54 286 804 102 868 818 863 329 696 48 506 909 16 818 198 543 578 355 871 611 721 390 911 848 201 772 168 246 835 902 586 448 59 2 353 825 877 396 908 408 866 378 409 573 399 858 101 141 855 201 847 300 
662 193 96 989 438 331 221 640 873 70 484 57 205 846 975 816 81 468 214 319 215 413 794 391 325 428 137 473 285 636 748 987 791 925 560 163 993 218 218 563 684 675 4 153 47 628 834 913 777 254 503 561 316 326 481 669 180 308 652 897 245 549 215 516 666 462 678 503 339 85 933 633 256 603 307 729 121 996 613 312 304 635 749 148 801 277 7 53 44 367 749 370 18 166 734 411 695 526 779 740 
119 701 117 18 385 992 899 234 483 751 673 125 30 967 26 590 469 998 906 1 755 639 889 440 10 328 177 792 106 914 973 881 198 266 42 419 38 915 85 623 214 389 344 569 805 11 975 104 239 892 182 175 463 32 46 968 118 194 955 97 291 526 723 990 483 982 621 594 713 195 440 940 16 748 734 560 749 10 252 373 751 47 863 107 954 296 193 742 560 979 310 128 274 157 700 792 316 275 486 788 
105 320 153 915 997 846 650 162 716 371 338 626 546 411 137 433 439 376 161 422 50 872 42 586 443 481 700 422 639 672 166 624 124 431 255 313 619 629 992 798 953 481 597 528 586 75 753 121 259 154 678 996 759 951 381 187 649 605 438 48 908 336 791 440 391 918 918 647 477 798 169 134 601 352 23 806 398 779 107 521 320 746 869 818 58 366 692 832 71 104 510 8 589 146 112 970 820 660 160 251 
818 342 588 196 330 741 600 164 563 201 736 818 306 972 16 651 655 544 605 999 256 175 126 157 163 741 528 680 320 152 601 305 364 696 700 512 308 590 96 796 610 548 311 968 733 463 363 142 346 79 278 49 300 280 672 197 555 698 482 1 594 526 283 998 658 866 900 760 723 236 218 676 258 349 814 5 365 593 252 977 129 924 15 374 666 742 653 268 729 838 397 891 903 682 343 271 755 843 922 906 
216 785 739 658 686 468 373 246 227 539 177 421 967 492 578 36 337 626 183 726 697 492 985 275 583 684 541 323 531 614 519 665 348 677 435 778 931 983 171 569 886 859 44 1000 717 319 634 264 11 834 581 41 149 640 923 339 319 649 180 362 396 187 440 302 516 629 624 509 274 819 959 79 210 926 413 450 374 355 490 787 38 712 752 398 475 231 334 933 370 247 2 539 126 601 765 209 22 841 931 871 
965 407 570 916 713 783 494 693 964 378 538 910 934 275 987 609 410 784 11 543 22 18 698 628 59 864 172 952 916 817 761 86 882 84 883 646 978 837 235 544 197 219 910 36 345 720 202 645 193 607 253 912 893 296 769 622 785 142 295 161 668 89 498 15 228 318 179 425 147 162 96 409 364 165 94 534 421 903 609 840 37 524 672 615 308 420 525 38 338 687 192 375 284 720 471 623 840 72 653 817 
268 220 988 417 557 456 185 125 21 194 785 811 512 774 965 136 677 640 797 431 560 239 901 250 155 753 823 114 539 337 514 165 932 795 830 406 838 446 48 108 559 282 73 736 444 124 461 260 470 929 82 38 807 588 196 940 977 934 404 550 213 573 545 665 37 957 489 149 495 691 982 370 549 456 851 304 365 675 113 696 492 907 642 592 921 203 776 605 221 129 835 849 201 698 250 874 3 133 91 901 
244 95 911 90 548 775 332 505 51 316 847 715 988 297 551 281 992 264 719 146 378 340 978 492 972 909 774 673 862 293 992 913 541 628 686 84 780 380 822 303 973 290 298 981 904 781 47 689 842 907 545 32 573 327 694 669 934 601 284 102 611 498 354 769 599 120 742 480 767 400 407 903 144 426 486 136 707 888 157 655 807 585 130 96 129 825 260 751 769 238 534 465 263 753 333 482 952 379 897 185 
268 545 394 589 988 681 184 974 964 65 868 985 237 679 759 477 48 773 41 5 227 60 945 417 779 263 201 976 219 423 216 209 4 104 511 944 48 275 753 397 298 178 980 809 159 681 192 574 672 147 658 923 139 288 620 580 712 636 996 924 669 754 967 855 121 991 561 60 69 917 631 959 33 567 800 664 908 932 130 187 774 906 511 493 298 617 897 435 757 623 239 274 943 8 355 612 196 526 107 674 
693 648 992 301 467 115 287 526 501 93 848 909 496 62 499 1 429 93 636 115 34 209 431 276 572 865 664 447 858 31 401 318 447 772 783 722 156 102 240 651 339 299 242 423 945 741 65 235 701 185 489 402 916 609 14 866 678 499 471 792 745 596 612 5 533 509 105 739 63 601 693 854 463 818 652 83 925 569 7 434 795 933 146 507 161 317 901 377 339 430 393 771 543 687 206 499 163 282 236 112 
343 496 870 728 251 6 575 248 890 135 821 151 235 412 191 703 591 96 629 546 156 921 731 344 218 416 33 628 348 208 931 869 588 41 550 241 515 199 642 724 98 610 816 180 970 993 589 990 330 450 878 1000 43 569 782 507 250 671 625 547 809 738 347 218 672 658 835 214 875 236 738 305 382 383 147 404 470 93 957 655 16 260 517 540 336 758 560 984 697 208 61 113 965 393 40 177 508 514 926 70 
775 209 792 365 438 927 11 434 441 901 265 801 898 283 496 650 332 248 485 180 823 893 334 564 467 764 632 128 587 65 504 249 431 624 668 83 489 818 445 632 498 927 384 707 115 64 177 606 141 204 589 482 256 651 61 890 82 759 111 711 459 182 158 509 81 519 166 551 699 587 305 743 1000 677 628 254 760 563 894 151 521 834 868 613 367 909 38 525 98 729 230 259 618 352 654 568 905 4 183 801 
370 714 807 161 8 607 214 18 466 886 64 625 105 401 775 721 261 94 127 993 795 356 664 502 243 630 685 804 941 417 294 600 481 833 691 377 944 470 165 295 635 933 112 701 541 296 379 945 103 978 109 570 771 364 716 321 995 40 149 950 389 628 541 171 528 731 715 122 929 966 556 539 624 928 540 452 429 374 287 473 184 246 477 377 252 721 996 495 6 584 665 825 311 79 380 223 527 284 863 557 
671 409 371 412 71 332 26 754 495 422 565 826 522 745 929 194 241 364 871 931 331 978 233 191 858 483 385 862 771 24 402 68 948 350 593 416 63 287 61 634 569 946 660 889 780 274 355 526 975 906 424 503 499 313 370 152 61 167 669 690 52 559 946 329 218 880 979 929 500 129 979 727 397 361 374 46 818 387 822 126 530 360 899 138 420 572 816 73 710 815 23 597 414 265 730 948 852 710 740 219 
157 187 703 779 397 70 443 109 472 381 826 982 762 695 696 665 476 758 462 101 967 276 764 251 528 198 431 822 235 677 784 302 261 258 48 119 975 32 941 801 817 171 537 978 542 185 813 315 606 960 126 26 266 932 893 364 595 455 395 674 671 364 379 816 606 482 394 484 742 933 50 417 125 583 18 578 342 159 126 564 429 59 937 274 751 473 322 186 953 181 885 271 695 283 67 877 501 850 977 511 
481 54 131 884 605 573 628 167 140 683 124 547 373 851 703 382 136 151 901 54 353 891 668 453 735 871 672 983 555 940 975 555 185 924 131 553 198 391 462 834 197 771 476 168 951 467 6 498 786 457 890 830 2 712 68 182 116 75 65 372 686 850 980 132 970 965 448 503 347 103 673 766 80 56 549 582 531 493 629 636 705 893 121 929 422 406 770 241 427 872 423 437 911 497 759 669 186 178 795 825 
698 912 532 25 752 333 31 192 266 352 821 982 473 686 221 682 781 688 810 629 931 206 681 887 73 619 345 997 843 793 38 854 310 258 920 147 345 319 947 553 813 520 939 185 568 741 251 925 599 737 952 26 626 525 871 396 560 499 96 542 724 860 975 831 233 950 592 938 839 314 543 555 54 784 591 600 870 937 129 48 501 69 6 721 883 842 281 637 11 345 526 198 224 284 52 104 772 612 911 899 
504 734 933 592 930 377 780 192 264 517 2 185 813 132 777 417 583 896 660 661 254 971 632 394 863 560 657 50 505 414 594 319 464 804 3 128 247 980 710 74 891 943 448 441 636 850 467 124 296 919 719 326 110 322 535 294 865 659 52 349 360 192 664 445 392 389 932 596 506 471 582 280 487 491 785 786 866 241 452 633 869 390 165 417 589 503 472 242 411 486 57 748 895 268 737 425 374 421 225 535 
