117 28 505 936 222 46 235 759 743 334 769 168 399 626 387 726 260 412 746 31 734 116 455 620 676 307 637 944 416 654 995 60 273 102 60 938 502 309 70 332 739 371 788 753 543 251 172 40 112 990 366 148 626 689 633 605 839 336 889 54 940 740 814 449 487 202 578 483 886 606 511 740 363 195 879 231 823 442 329 671 717 117 54 591 707 986 763 447 693 500 969 178 588 820 191 671 298 443 737 464 
307 715 54 768 834 218 341 170 299 763 88 717 445 702 760 303 191 403 449 356 518 839 37 876 49 507 906 444 10 168 54 144 176 852 592 409 839 928 886 704 337 346 584 426 828 384 978 832 607 862 205 870 854 379 295 811 101 299 714 480 721 887 984 721 98 363 269 649 8 723 401 545 106 656 804 14 14 409 151 108 896 61 125 729 296 118 51 697 959 932 68 83 873 898 392 283 895 150 807 9 
562 606 492 887 72 593 385 145 616 9 45 638 622 938 723 436 274 152 971 647 150 748 170 702 346 54 594 291 819 871 166 900 417 748 201 834 708 137 846 91 551 234 500 492 208 530 428 451 653 389 238 123 349 971 204 594 13 380 891 997 897 793 43 515 506 435 352 246 431 768 184 335 156 366 702 561 852 221 48 611 14 640 563 855 45 628 5 691 693 987 506 511 575 849 495 293 548 341 250 299 
638 749 895 418 82 607 739 931 217 614 704 95 897 590 749 367 728 588 136 690 460 477 767 196 23 347 36 227 622 152 109 853 34 627 607 274 13 927 411 824 995 823 576 658 301 223 809 926 20 821 705 811 972 521 361 1000 708 330 709 830 103 828 945 73 279 32 473 511 281 35 375 373 939 237 526 62 392 241 961 375 780 460 246 966 564 418 889 679 232 88 863 537 561 901 374 371 833 482 233 896 
699 137 257 4 657 268 190 826 277 377 174 666 943 260 986 54 328 750 485 694 250 799 731 802 576 70 97 797 672 935 58 143 66 880 817 614 905 450 30 14 963 654 186 357 940 455 216 873 737 492 107 952 452 1 770 302 968 562 122 741 727 418 185 129 932 496 343 472 990 742 786 246 282 14 359 534 104 150 273 432 969 451 24 654 655 571 764 246 181 120 584 781 979 316 340 753 564 152 710 915 
599 558 638 782 230 403 103 205 752 780 235 269 900 59 112 472 719 563 356 938 54 959 620 543 343 63 842 269 277 348 871 131 578 329 307 110 705 232 652 712 357 308 655 212 394 679 606 873 147 391 39 547 91 831 316 131 956 896 585 491 728 478 722 717 507 266 987 112 521 525 425 103 713 498 457 887 534 822 256 474 563 752 577 858 883 433 958 878 914 750 957 765 152 395 506 99 10 984 975 249 
477 945 410 735 969 281 297 45 148 651 489 971 278 75 500 177 205 219 612 277 135 454 752 136 766 21 491 822 990 122 218 455 358 231 817 970 976 131 880 239 238 897 115 542 81 363 295 894 103 369 788 390 608 331 129 940 442 353 524 737 271 910 554 251 855 777 890 70 685 473 161 589 42 861 816 518 814 104 554 391 838 3 361 899 305 701 413 101 635 860 879 388 778 872 408 570 509 958 431 924 
409 127 407 540 885 703 389 611 48 280 338 679 155 638 484 633 530 485 154 110 310 604 446 688 924 220 536 812 277 245 267 511 829 31 623 632 649 823 340 299 154 392 172 761 850 958 3 420 573 298 402 497 451 852 194 891 839 146 438 42 449 516 81 692 322 219 515 237 292 258 231 725 724 627 873 558 766 662 30 862 113 543 870 758 234 94 196 935 945 261 514 814 996 617 730 98 717 734 860 974 
637 144 199 3 872 856 341 975 560 776 978 725 791 46 464 80 448 577 833 273 449 595 552 373 162 316 641 653 426 167 920 381 555 540 271 864 725 640 70 75 290 244 558 148 384 234 927 288 958 620 578 891 291 277 851 976 827 736 356 763 620 247 132 898 154 313 754 703 810 980 32 93 97 58 559 730 816 315 260 186 183 1 505 707 542 8 8 445 786 252 421 812 203 961 664 987 508 983 366 561 
948 12 65 712 110 3 296 10 559 643 692 312 377 139 704 752 934 656 771 990 758 693 948 678 566 811 542 800 935 678 410 404 555 493 248 133 736 624 163 597 313 293 551 777 558 70 583 34 587 438 123 634 996 685 51 698 706 413 796 370 196 311 605 336 62 81 639 572 953 176 273 521 477 777 622 709 55 731 666 870 587 64 338 62 263 898 837 375 308 650 501 129 261 642 287 264 230 985 716 159 
221 901 30 494 634 304 97 666 408 139 777 102 80 174 292 400 322 910 778 715 365 264 320 341 918 586 3 861 98 197 60 15 170 712 129 809 909 315 704 42 497 764 749 914 151 377 551 711 871 815 938 725 59 41 666 288 755 697 567 30 390 759 84 239 73 890 576 532 584 461 600 412 666 134 678 84 587 655 820 850 284 524 3 527 839 904 650 664 961 287 60 791 840 171 880 459 388 764 851 85 
624 377 358 703 826 640 112 290 197 438 621 560 14 414 585 620 118 230 213 615 177 388 172 571 979 873 902 894 846 563 453 262 709 370 811 35 794 594 590 39 35 128 172 931 588 334 149 892 931 262 698 662 494 826 442 440 571 803 309 886 707 871 13 832 664 576 862 873 144 547 235 980 8 773 826 147 812 186 916 779 723 509 199 593 4 187 803 65 639 731 861 500 652 86 32 519 156 457 904 135 
138 622 483 149 506 202 770 620 679 441 437 17 957 583 192 352 506 721 263 277 861 348 860 995 293 701 103 283 919 866 589 188 331 751 226 152 48 963 94 760 700 287 261 626 499 546 783 369 244 461 84 627 528 92 781 948 317 19 286 880 801 177 344 428 144 357 676 801 352 757 898 936 522 369 871 128 874 310 606 780 909 249 292 828 504 773 116 473 374 7 579 460 966 665 496 851 597 87 134 336 
845 394 471 282 191 709 876 953 337 89 168 762 619 553 48 554 424 506 934 59 654 144 398 838 52 587 882 65 540 532 467 441 84 217 673 74 368 574 535 44 72 304 355 898 111 208 646 900 734 856 756 942 712 687 114 981 73 536 171 664 71 580 527 722 29 679 333 639 76 199 440 674 395 194 807 343 899 953 489 496 457 23 149 231 461 378 937 470 198 328 579 701 626 470 235 300 654 352 466 134 
23 213 363 720 310 105 890 930 563 171 269 234 741 848 276 305 981 356 694 836 177 439 713 371 419 746 100 648 831 130 767 820 68 894 597 510 969 295 356 561 700 976 440 281 988 849 729 900 977 906 691 462 703 122 669 870 780 312 322 597 955 797 133 226 641 282 803 116 566 222 659 558 684 551 904 364 945 411 597 336 440 449 197 798 267 846 352 167 440 471 251 510 536 834 721 600 102 882 360 912 
608 786 321 255 867 824 995 624 854 157 727 767 501 703 730 928 611 953 877 27 692 314 949 111 156 220 267 11 289 766 723 464 838 35 856 980 286 134 770 462 421 116 801 889 748 776 393 90 518 784 392 531 514 102 450 826 125 310 316 165 334 412 795 117 559 678 786 813 59 571 360 560 827 350 569 935 565 616 381 186 764 651 417 232 728 845 112 19 279 749 330 946 56 569 820 435 784 956 442 969 
306 651 896 94 940 765 632 164 324 409 954 143 381 973 441 795 499 530 694 32 806 997 728 544 119 333 231 883 197 229 919 524 608 408 810 999 70 296 736 397 361 938 421 895 463 164 632 37 584 829 201 939 152 865 783 593 608 767 581 796 811 423 13 235 938 651 396 123 55 154 771 692 16 768 448 998 572 609 405 376 212 584 828 985 963 728 832 930 456 443 334 167 363 256 371 529 352 443 162 930 
43 239 919 291 404 544 765 999 635 913 224 984 32 593 728 28 44 821 373 410 406 825 484 28 808 270 196 538 845 633 794 310 943 86 793 38 387 427 891 929 946 683 140 865 926 872 165 223 174 338 263 180 36 365 643 109 830 692 790 361 593 110 430 556 924 139 718 124 618 637 147 144 341 304 904 298 623 386 1000 425 633 117 226 710 221 148 115 967 629 811 268 482 567 873 645 288 195 900 749 676 
458 999 254 523 108 360 110 336 993 6 965 480 146 2 553 738 750 825 568 95 917 355 813 945 542 583 56 195 20 134 483 251 102 905 815 209 234 13 646 594 190 416 701 74 469 847 74 988 934 697 520 229 984 265 972 113 49 405 385 224 763 372 981 286 229 110 301 302 849 513 159 551 17 784 334 531 577 219 706 968 676 50 654 461 23 23 442 335 343 217 899 892 515 760 606 253 516 10 963 692 
534 398 357 124 606 361 945 945 38 528 24 44 345 662 847 462 873 9 677 280 10 491 733 485 294 744 893 644 713 274 187 541 304 491 985 359 156 966 964 952 84 910 669 495 868 637 220 565 300 397 622 726 760 58 218 792 431 552 252 383 136 466 326 447 272 295 190 628 966 678 622 431 414 359 965 449 253 513 865 32 396 76 47 39 912 190 815 257 973 313 943 292 933 923 492 848 978 73 445 198 
389 500 634 10 577 141 519 867 441 219 232 59 220 174 430 518 482 297 537 261 729 421 563 467 614 798 119 985 488 62 604 23 480 724 64 59 655 66 228 858 430 657 720 449 473 1000 181 870 54 275 655 332 116 131 464 653 786 702 991 94 224 915 395 382 357 25 181 34 416 219 289 518 529 951 572 723 610 300 685 781 410 57 253 821 189 684 294 436 21 34 399 629 601 506 790 323 233 50 300 652 
205 995 937 719 226 691 725 138 369 625 337 344 937 5 425 140 115 555 124 746 938 89 926 265 546 328 65 832 951 818 699 200 456 711 648 796 962 530 648 124 89 33 510 515 267 767 712 458 557 161 895 90 344 306 135 933 270 731 106 150 451 188 767 67 105 656 499 704 980 229 493 756 680 10 502 831 317 249 577 99 924 521 105 444 272 159 603 891 112 221 811 392 341 434 920 148 734 883 253 989 
25 259 720 321 822 103 362 985 222 104 562 66 894 951 63 281 886 988 831 246 485 876 682 675 413 190 233 695 516 266 911 784 667 918 531 431 424 382 9 251 733 216 974 655 179 324 602 601 876 236 349 107 282 592 698 228 337 168 552 38 177 287 31 910 741 197 197 18 664 123 948 437 635 771 111 7 548 804 926 815 719 328 336 211 699 190 614 295 616 466 791 616 102 896 20 435 15 125 721 70 
79 560 317 198 770 37 567 797 203 240 159 743 501 624 225 139 671 340 439 422 36 603 393 100 420 619 324 78 81 305 133 75 738 584 187 432 769 689 571 634 135 392 82 334 468 801 31 979 715 681 547 742 651 62 707 618 791 90 462 657 676 791 653 805 92 305 284 30 467 925 13 729 591 761 66 941 281 670 535 283 416 813 343 998 248 879 829 60 8 12 441 865 250 266 859 251 514 360 10 565 
990 721 124 837 796 753 361 181 888 253 663 369 477 77 494 308 479 233 894 89 888 494 586 647 697 309 848 56 669 921 126 922 59 793 577 70 643 690 840 695 840 346 549 45 989 410 899 15 972 412 310 290 518 381 587 107 612 491 802 51 683 156 79 494 923 215 553 30 626 1 733 680 586 116 706 973 969 14 330 925 140 714 785 843 312 833 649 829 620 318 49 847 751 698 623 158 510 227 73 197 
51 950 510 830 113 93 849 829 304 404 925 791 960 234 454 952 32 877 925 478 308 783 410 937 94 218 96 59 179 642 215 338 770 717 617 496 798 589 53 77 715 611 640 105 760 696 307 715 474 601 647 602 240 675 117 249 37 97 53 220 399 186 970 703 921 625 12 476 650 635 163 579 947 737 634 628 132 418 608 107 757 111 721 654 533 158 160 468 451 445 736 825 419 725 160 262 781 254 741 507 
879 980 483 198 461 412 128 4 901 512 165 947 388 734 356 870 1 447 112 806 876 122 933 734 288 873 972 119 546 451 602 838 58 772 948 98 607 532 258 585 10 381 581 851 116 283 556 292 997 256 690 945 861 334 553 165 189 75 517 735 423 415 512 921 391 339 76 208 219 948 955 733 898 961 968 905 203 615 876 442 814 413 424 914 58 589 917 877 630 197 840 308 735 515 782 194 137 100 996 547 
348 842 360 399 553 140 851 280 867 99 492 263 771 80 434 906 577 186 168 232 123 422 431 166 900 575 234 670 566 969 261 709 569 133 765 497 439 706 97 588 838 714 209 856 386 212 650 540 456 348 229 275 394 336 229 922 605 158 339 872 299 159 640 743 2 517 167 922 75 980 403 712 144 888 280 477 809 648 205 205 204 207 805 232 330 227 995 404 438 77 741 422 34 604 995 910 487 297 987 957 
810 790 376 506 960 627 357 996 338 635 814 327 511 492 563 669 736 315 609 743 892 164 332 476 269 100 734 200 474 410 333 559 287 883 889 267 921 919 821 19 529 113 609 839 841 823 594 333 784 99 989 847 826 674 848 345 108 898 340 349 502 217 358 418 547 109 485 737 978 686 425 735 552 765 40 475 681 616 670 329 462 620 304 742 879 974 907 495 826 988 576 471 246 327 642 100 298 272 860 633 
523 424 355 487 17 801 132 306 283 181 35 618 201 787 414 538 367 753 953 750 685 398 518 52 491 696 164 353 178 923 791 328 363 445 514 708 847 778 767 303 837 158 118 851 881 772 313 856 719 574 832 296 386 369 767 64 920 100 321 178 964 796 842 819 739 622 476 97 916 581 576 642 560 890 590 512 171 994 837 958 258 793 743 888 350 734 510 302 493 623 35 829 934 200 563 652 756 728 601 774 
263 140 859 273 758 137 928 91 744 810 908 694 812 268 90 92 952 611 625 32 766 366 387 662 397 960 324 664 74 831 813 997 28 134 938 781 307 565 819 431 287 345 124 822 36 501 688 127 974 169 214 15 650 727 830 410 375 541 478 265 951 831 247 684 282 297 128 572 846 132 710 200 757 199 930 598 595 442 457 259 683 350 596 415 162 962 952 586 985 97 496 734 330 648 724 660 889 308 664 502 
349 711 942 242 86 568 579 199 728 830 502 210 935 787 137 701 332 836 796 379 760 133 368 960 816 28 139 792 919 372 878 736 909 798 279 327 347 746 925 710 994 949 710 433 44 482 478 395 755 787 422 745 316 225 669 625 901 198 319 290 696 120 340 698 566 250 644 534 839 164 261 851 200 83 844 809 860 966 938 829 369 960 89 887 881 109 577 450 802 219 43 869 505 489 486 270 497 91 832 836 
73 975 486 400 278 115 651 852 861 998 5 534 699 121 553 462 592 799 715 567 813 543 316 476 132 947 873 859 818 682 66 303 858 705 371 219 923 579 88 463 83 238 813 490 814 205 923 533 226 245 704 719 248 284 598 938 431 136 97 739 731 293 345 722 664 14 144 949 962 658 576 166 918 969 611 733 915 80 539 82 436 203 227 466 368 711 24 740 325 585 391 297 347 451 529 879 317 865 10 211 
592 172 672 360 48 236 20 526 210 611 847 280 710 30 919 254 423 593 680 860 596 893 302 867 110 616 921 675 845 952 603 208 462 508 704 318 689 991 188 103 40 392 412 19 754 46 484 739 307 157 905 633 154 247 576 838 622 277 334 285 30 369 915 54 190 786 771 729 272 855 728 689 740 631 185 698 108 890 787 797 732 720 805 244 876 371 647 21 596 288 968 494 180 392 94 574 469 951 821 955 
618 561 304 298 566 204 680 827 874 171 666 27 88 158 69 998 784 230 235 733 214 977 184 724 672 46 885 344 123 950 326 903 242 903 681 411 921 885 302 436 942 856 326 329 109 450 141 325 688 403 443 482 538 285 885 812 490 585 298 21 756 105 114 305 622 759 243 253 44 684 697 640 381 773 266 868 724 153 797 159 185 558 643 189 24 234 555 971 954 844 463 697 543 80 412 934 893 305 756 578 
118 100 935 377 84 651 137 975 339 569 754 141 863 126 768 699 663 31 639 140 762 216 730 614 967 406 477 758 963 545 720 717 911 805 121 105 397 742 167 550 938 964 853 844 878 341 550 798 913 316 969 199 830 31 541 530 940 486 810 448 476 607 344 582 344 999 704 21 458 918 650 543 108 987 695 578 720 236 258 777 173 712 458 503 744 707 313 440 404 605 24 591 728 599 72 868 771 410 745 347 
631 810 504 327 905 389 678 520 148 77 588 429 804 93 467 299 293 800 471 905 281 152 264 829 546 359 127 188 587 950 811 203 853 686 711 942 105 172 214 191 280 985 454 767 637 197 52 814 651 229 119 504 329 956 777 688 419 112 322 493 781 927 307 691 731 745 844 362 938 285 257 370 768 955 92 25 74 667 392 767 864 343 773 138 97 352 745 840 416 955 910 170 519 343 577 548 242 218 556 340 
746 835 857 862 136 161 887 727 197 272 208 231 257 300 128 894 718 770 806 960 148 547 415 142 596 260 891 305 342 426 308 980 48 745 130 691 808 983 47 450 378 846 362 15 585 91 768 452 737 984 188 126 112 678 854 816 577 283 73 564 730 988 112 637 581 33 167 427 985 341 582 710 444 843 219 435 614 591 427 812 688 917 50 829 37 122 733 694 911 950 980 406 303 852 434 799 18 899 760 19 
459 535 954 216 570 317 18 909 940 346 313 346 184 208 133 176 447 972 224 612 646 822 966 664 733 901 856 489 692 428 700 718 298 926 908 312 698 503 240 530 690 662 773 252 374 168 844 440 684 34 157 395 316 528 325 962 491 983 792 179 189 324 430 653 254 661 792 578 785 336 573 530 611 345 102 903 414 492 565 434 58 277 384 607 746 155 769 817 733 310 279 335 965 594 73 117 973 397 23 437 
627 371 393 529 532 191 69 100 878 643 406 7 100 507 308 932 750 250 110 30 345 757 992 224 266 691 301 458 706 144 679 617 292 587 88 360 210 409 0 443 553 416 750 253 852 520 235 352 1 589 740 712 912 953 421 198 559 182 924 658 779 502 275 170 186 224 236 200 487 37 873 501 794 364 351 411 773 859 587 783 289 369 779 400 332 293 202 290 242 922 89 272 479 440 318 160 172 851 778 513 
0 257 303 889 928 490 745 185 996 416 855 906 569 329 633 482 806 411 492 629 49 308 623 306 821 778 372 719 678 428 908 297 783 355 997 723 566 896 11 556 615 737 49 19 429 565 137 760 983 250 266 965 135 165 866 866 820 357 484 837 317 197 666 502 616 643 510 324 578 119 528 689 119 770 515 35 353 277 58 328 846 472 889 791 588 807 382 847 454 478 629 10 787 706 989 939 534 153 861 58 
525 789 353 198 556 169 691 74 828 42 775 113 566 904 384 391 295 233 853 937 150 784 911 711 559 140 867 215 668 32 640 894 980 719 828 878 723 657 960 454 527 220 688 926 19 371 510 419 999 895 17 904 372 773 356 245 465 803 666 81 987 358 858 680 592 549 782 91 834 169 19 977 13 940 849 339 745 895 268 580 778 903 727 90 739 856 416 551 784 864 399 371 721 680 503 804 190 353 926 344 
980 378 649 910 891 300 630 239 238 375 186 164 673 636 75 884 632 118 527 599 260 147 691 22 999 520 147 696 776 822 963 265 527 838 942 52 63 687 672 23 370 555 483 781 9 323 906 31 38 175 197 691 616 929 203 33 822 177 344 395 614 801 345 409 924 132 125 31 599 957 818 467 513 534 882 169 370 357 926 196 943 398 539 583 181 990 950 429 520 188 639 215 561 312 576 12 618 858 655 406 
77 331 240 654 982 246 613 594 525 648 578 46 439 971 333 635 60 309 309 428 70 817 409 247 554 914 34 698 858 903 462 756 925 117 761 501 901 520 798 457 128 676 245 562 718 589 67 584 847 916 778 16 780 327 177 464 687 569 332 415 429 425 160 738 205 103 786 790 802 606 561 584 261 825 558 883 651 273 405 965 69 923 292 901 499 985 121 616 935 99 927 273 849 585 481 922 143 3 677 640 
677 631 288 268 704 475 90 473 52 77 378 130 931 783 834 434 527 391 941 318 363 566 606 329 198 301 233 296 753 901 788 481 487 724 457 545 973 775 610 215 249 601 609 155 104 837 953 39 295 307 681 152 895 183 297 153 462 778 718 825 549 101 85 682 836 214 194 554 350 389 147 750 13 475 408 111 151 300 165 925 560 730 172 908 190 620 417 913 271 893 182 232 835 261 31 175 328 681 25 792 
808 858 904 867 902 622 638 721 398 754 369 749 584 352 268 510 768 277 92 916 261 345 411 384 296 978 59 735 434 658 913 680 946 434 255 411 308 253 632 700 957 117 550 395 436 284 661 107 160 623 731 374 77 655 667 244 319 158 430 593 987 363 485 583 795 26 190 78 837 980 838 610 368 469 246 140 252 824 932 244 398 974 505 746 312 207 969 350 278 757 787 654 5 712 867 975 915 739 937 599 
612 316 566 624 983 450 52 180 358 501 379 583 615 976 712 735 581 98 330 325 317 375 621 673 311 148 586 233 336 90 883 880 965 848 533 455 706 18 527 30 738 610 421 949 764 608 977 69 260 618 274 105 258 690 245 266 409 213 875 363 836 781 997 604 836 591 642 32 562 189 262 760 832 524 574 764 980 632 31 639 789 892 409 692 425 691 258 143 378 684 599 120 722 260 792 947 347 612 475 357 
363 532 870 578 549 178 627 167 729 215 703 752 46 942 603 964 848 563 309 481 530 976 895 350 257 126 99 0 89 174 314 9 561 696 453 791 710 379 139 424 790 12 570 518 701 971 288 593 675 917 542 43 639 733 359 776 873 150 278 517 658 632 219 942 136 511 395 153 2 466 458 59 323 44 204 659 584 944 662 492 744 591 83 102 451 785 464 625 234 136 883 881 942 301 428 830 695 311 384 620 
644 481 642 836 505 907 609 586 627 869 649 890 657 802 754 883 856 329 865 694 732 916 468 379 382 526 799 670 450 687 319 554 824 425 698 650 29 472 111 691 791 999 699 649 375 202 434 157 635 20 271 412 265 93 357 261 294 322 932 644 951 810 213 753 363 791 57 268 493 499 405 917 27 974 383 130 266 663 123 422 950 902 901 514 565 414 247 557 159 27 476 27 370 356 951 402 344 357 375 20 
867 455 225 258 837 525 182 49 899 714 502 913 885 290 536 355 822 748 507 129 677 327 643 4 983 963 615 910 682 808 555 371 115 919 548 593 186 87 363 473 950 854 353 570 252 568 579 29 84 899 677 724 178 633 868 952 130 822 676 678 498 587 500 833 296 609 711 946 741 453 64 423 415 186 554 562 623 892 982 467 362 9 161 647 774 814 229 376 812 680 96 490 199 182 64 697 796 232 500 113 
96 298 579 910 768 490 668 61 400 833 580 788 347 731 619 192 258 874 526 147 193 416 672 971 903 920 507 397 312 706 197 170 585 425 852 754 894 874 211 928 120 657 693 940 133 424 829 35 640 531 724 639 982 801 35 669 313 375 604 605 137 372 856 640 137 30 838 460 336 262 604 518 169 379 26 134 300 616 57 562 177 800 922 637 705 684 504 439 742 614 507 881 572 144 850 611 828 153 683 740 
108 484 73 98 156 781 57 579 91 810 270 946 288 98 475 796 441 310 962 556 669 682 762 266 316 684 852 870 238 41 950 762 477 7 955 183 846 747 895 144 8 846 738 889 288 53 610 527 649 404 362 684 78 836 453 978 11 763 577 380 380 835 898 395 925 822 913 79 958 683 89 132 770 729 200 245 311 252 788 213 176 766 289 536 73 742 767 637 640 833 371 726 632 866 614 87 613 694 846 370 
388 978 317 223 73 710 9 175 100 638 259 719 274 681 171 302 628 434 950 346 356 65 943 217 696 870 473 324 859 5 102 920 3 603 876 71 901 679 390 119 955 316 872 160 942 158 444 683 361 419 56 371 645 863 209 574 63 769 871 631 306 48 231 960 887 739 98 323 477 741 509 492 809 828 14 878 385 37 799 659 687 289 944 292 806 359 434 411 388 471 19 821 328 687 772 790 667 16 747 565 
911 380 986 62 243 667 531 27 488 305 194 349 820 797 199 713 87 989 362 57 782 454 109 184 146 355 841 906 480 945 660 884 213 337 903 102 992 453 859 258 824 139 863 326 986 525 46 589 195 249 472 268 244 66 337 956 684 311 38 909 685 959 17 942 256 84 545 903 119 276 565 858 810 179 840 83 157 386 254 505 960 729 266 531 80 225 906 857 814 16 339 70 139 326 364 477 379 799 47 65 
852 880 273 997 206 121 790 128 673 130 882 561 759 138 899 289 912 104 494 493 161 941 892 731 561 478 935 124 900 483 262 452 275 676 788 624 121 739 854 752 539 145 920 402 393 816 522 799 981 975 679 458 690 276 245 99 774 690 265 788 543 739 529 768 799 106 760 123 323 603 343 534 426 536 27 921 19 823 748 776 707 940 286 975 297 973 220 423 510 97 575 379 72 465 162 221 420 364 865 476 
245 630 85 362 47 991 756 532 819 87 128 415 657 464 157 758 836 142 113 436 523 523 680 832 380 302 35 349 755 537 257 735 455 660 626 568 802 910 991 250 889 982 334 32 203 173 866 417 206 849 641 882 389 975 864 672 631 947 386 732 817 514 519 151 265 22 63 70 465 502 268 669 999 835 237 519 607 309 80 682 896 228 133 497 280 984 269 796 737 32 302 711 992 690 688 768 654 433 317 76 
361 802 210 70 971 710 713 819 670 123 780 448 320 327 989 81 49 421 624 439 639 699 467 999 275 96 3 715 799 723 229 106 388 607 780 69 192 64 505 986 184 997 136 18 308 12 434 933 523 372 708 831 195 404 356 898 699 333 413 854 720 495 174 428 133 983 62 351 861 457 194 303 696 794 589 968 22 382 492 69 998 595 391 463 688 236 380 542 371 761 920 212 780 798 458 550 177 201 99 11 
935 527 440 136 269 591 374 119 985 883 344 397 393 874 259 591 697 696 931 206 701 2 237 97 139 123 358 7 797 800 654 971 786 51 556 378 270 748 22 416 26 643 306 955 299 571 188 49 879 776 332 194 432 213 225 138 316 870 167 222 292 337 7 35 171 28 675 224 734 641 202 125 652 486 583 831 848 148 967 693 17 580 565 248 357 974 69 327 306 870 670 90 475 920 108 373 848 591 15 394 
358 556 910 5 783 153 440 588 843 183 649 890 765 517 625 297 866 361 972 50 4 494 38 992 805 924 586 363 873 906 637 303 119 88 805 714 760 44 434 666 742 508 864 746 593 969 608 354 769 268 342 282 255 50 183 852 725 319 542 882 693 114 529 372 136 558 452 493 598 187 488 672 99 261 689 754 163 711 173 808 299 464 646 207 668 490 619 496 479 675 555 666 0 856 428 884 63 928 577 685 
400 279 485 273 266 860 501 755 22 87 369 734 65 372 387 214 499 509 95 902 528 616 119 526 38 131 843 821 92 428 601 274 452 855 442 841 478 891 992 779 820 964 63 774 238 42 711 534 918 919 184 859 671 918 86 209 937 324 26 901 510 519 866 657 783 132 504 779 68 910 811 880 883 221 464 440 370 909 563 232 61 486 405 677 970 571 478 71 255 175 839 471 610 576 40 949 245 79 689 523 
1 669 740 777 887 1000 874 244 508 898 40 565 617 678 21 766 448 459 877 692 170 57 226 606 532 555 506 535 85 397 927 119 618 908 367 483 379 497 466 101 486 373 553 488 238 312 123 702 887 511 164 150 467 805 160 119 340 818 662 375 342 269 434 197 593 605 64 75 96 555 118 809 716 712 960 1 146 425 489 573 880 305 824 800 117 987 516 529 169 299 982 141 778 594 723 750 984 186 146 37 
81 871 325 459 220 454 249 794 680 815 20 702 55 823 645 133 965 423 161 8 408 168 321 383 754 53 754 403 619 54 292 795 934 377 556 665 673 878 258 381 100 155 919 313 900 499 649 693 230 360 36 572 738 57 580 607 939 406 157 156 659 405 349 282 576 777 209 491 292 932 321 137 21 959 11 671 207 678 389 343 515 654 581 558 492 801 515 331 277 942 38 539 939 187 971 348 167 447 820 499 
323 97 882 369 786 679 771 667 200 578 785 208 796 989 235 101 436 732 218 616 808 230 782 233 637 174 576 429 430 26 377 30 812 56 774 317 96 292 587 176 578 859 593 195 93 395 912 99 328 454 526 287 622 503 532 329 727 492 376 676 445 226 131 72 155 1000 118 938 799 81 23 643 503 275 972 176 599 60 535 539 696 913 294 773 428 604 608 588 859 964 541 393 892 73 786 783 423 294 683 78 
494 21 70 429 141 387 943 598 551 728 700 210 971 39 983 585 513 763 266 383 348 812 638 551 340 102 497 357 273 79 417 751 821 74 343 909 631 178 267 798 114 254 738 150 617 883 997 877 113 123 24 88 908 738 887 340 824 957 156 526 944 508 288 879 509 336 144 440 952 109 870 162 359 513 983 47 946 931 317 738 787 525 218 975 949 292 913 327 676 198 577 352 339 488 243 594 331 823 947 890 
233 865 646 443 945 291 586 428 433 301 872 450 977 418 929 446 696 917 744 411 396 172 227 662 153 948 405 818 840 193 658 483 753 827 375 487 238 736 790 515 52 58 386 915 723 87 845 334 276 702 580 928 6 345 859 909 336 719 794 631 759 220 4 758 877 11 43 201 607 47 736 383 988 336 790 829 60 808 424 698 620 581 702 469 773 521 481 92 44 576 718 883 622 871 119 533 44 568 861 324 
636 271 506 660 716 971 620 474 912 715 614 931 997 210 614 952 557 888 592 397 660 975 444 8 610 821 171 257 783 150 164 709 560 303 568 977 583 409 340 405 211 954 199 625 837 369 254 163 419 21 347 900 763 316 635 941 142 948 511 770 956 315 825 752 309 45 680 128 626 409 646 466 11 509 723 797 572 634 600 203 731 311 626 51 297 461 854 444 800 585 601 654 219 395 314 798 393 919 683 238 
557 974 866 234 437 966 483 661 995 664 556 412 13 799 829 677 300 216 755 526 41 129 146 186 201 480 649 124 948 53 804 422 268 587 891 437 447 735 380 390 977 639 580 259 294 765 95 754 960 208 954 842 313 965 900 307 981 116 751 196 429 344 367 891 359 208 566 495 989 527 835 17 120 365 988 74 999 981 223 187 821 86 116 95 839 746 725 92 125 11 279 298 244 546 634 648 594 501 146 325 
526 991 1 729 981 810 331 317 289 110 457 85 150 802 276 405 833 664 587 54 157 633 324 661 824 569 955 696 137 85 433 917 903 669 367 487 519 304 909 548 12 692 923 422 335 50 79 459 432 242 581 681 992 712 51 830 233 137 245 912 779 484 83 143 843 518 924 48 581 864 957 582 969 501 802 737 345 625 428 582 83 902 609 26 170 597 310 828 324 592 996 174 282 720 231 680 659 798 494 990 
591 213 402 729 889 525 787 628 928 339 252 718 571 671 898 696 965 597 43 198 973 508 103 857 575 217 607 960 970 74 883 620 530 790 969 353 853 209 100 622 494 729 5 461 251 283 640 918 87 471 310 901 204 148 560 569 294 607 345 237 861 414 843 776 56 934 421 1 390 421 267 806 499 130 110 129 789 511 192 920 93 106 763 350 601 879 748 988 581 187 55 612 935 565 715 552 527 661 609 690 
582 12 414 32 990 493 531 543 457 664 244 949 808 746 634 237 321 367 797 545 815 283 959 51 822 715 421 226 496 655 519 392 798 981 680 626 137 188 822 612 848 438 700 668 717 675 545 346 727 586 456 937 691 349 378 312 209 625 644 866 34 496 876 593 347 692 668 43 856 506 817 318 15 758 294 101 447 140 113 537 396 298 604 706 449 692 932 966 906 917 241 586 414 217 21 219 721 695 767 651 
522 592 594 56 583 334 97 503 453 807 164 957 674 69 325 179 478 169 255 865 437 483 953 138 290 557 845 325 475 222 467 109 822 496 122 349 453 471 686 114 686 948 399 221 43 507 786 762 207 128 992 859 233 15 689 955 718 937 47 326 223 880 209 546 221 42 65 740 303 957 679 725 703 310 554 932 462 568 654 837 718 976 210 452 630 169 990 31 929 229 197 86 664 243 55 334 305 256 209 456 
681 308 478 436 41 93 469 837 197 308 950 583 837 491 408 465 754 600 868 702 6 8 838 353 816 723 891 110 445 796 844 745 452 942 323 118 34 78 939 620 785 19 636 880 884 922 709 267 748 785 481 857 851 777 738 134 939 924 682 987 201 373 233 938 623 477 520 66 749 58 820 48 34 12 236 705 57 950 897 855 694 985 843 256 629 635 235 101 692 70 336 627 221 936 897 327 169 870 815 402 
265 912 232 389 457 635 330 648 825 263 558 38 627 457 70 192 20 456 541 211 306 473 479 366 883 801 137 624 205 402 802 565 887 861 863 378 145 562 914 686 198 892 38 333 985 423 412 351 359 793 36 660 774 730 956 20 75 747 877 143 732 927 757 930 127 541 89 742 379 150 804 411 141 996 699 162 297 292 248 962 5 967 538 842 864 894 349 393 241 732 723 962 935 649 494 446 44 914 399 932 
804 972 668 741 817 315 863 693 326 178 405 263 389 620 762 669 811 607 624 218 237 779 395 696 484 461 917 83 146 367 179 289 890 232 698 334 440 938 949 617 856 773 301 849 963 4 81 24 613 772 722 786 660 861 687 861 33 306 748 12 134 649 411 957 593 915 7 944 291 798 939 241 546 673 896 114 92 468 929 308 525 625 431 437 676 461 352 836 883 549 10 772 375 488 574 743 457 517 260 334 
679 174 721 482 886 892 541 712 884 855 278 379 599 544 842 212 661 845 609 163 230 383 632 73 816 745 458 369 237 977 356 607 535 738 424 26 477 287 315 863 29 45 677 831 410 41 969 458 831 900 313 220 887 830 918 273 966 184 947 76 776 711 903 145 750 218 43 335 927 774 474 546 900 588 101 12 3 115 615 451 931 739 445 414 968 227 737 401 257 769 764 490 368 12 221 496 670 188 765 231 
487 747 146 708 547 190 146 141 34 332 61 165 63 641 657 370 410 12 776 16 195 931 721 897 95 521 486 57 263 233 654 381 191 509 846 652 880 317 443 481 609 457 832 871 137 81 450 542 456 762 734 355 326 627 403 721 856 149 664 279 260 405 935 722 785 701 490 432 795 196 848 878 984 641 691 645 849 61 131 53 477 614 718 906 316 472 480 753 178 980 445 718 772 864 696 271 791 538 673 332 
200 936 60 646 350 837 208 228 230 690 834 820 415 134 122 489 185 877 738 113 828 866 759 694 680 469 187 522 260 229 806 314 799 352 220 371 33 750 662 983 581 508 477 982 207 643 118 609 696 107 952 304 928 70 244 186 516 363 360 374 198 989 392 774 843 65 588 202 249 98 908 672 799 523 331 276 926 723 406 543 766 21 536 661 685 943 642 143 940 823 775 371 931 776 810 219 586 778 794 987 
2 223 986 630 325 639 528 107 85 514 915 974 50 380 421 98 315 995 472 724 628 400 725 441 896 11 780 866 79 526 624 941 330 182 185 753 769 676 930 794 210 334 691 381 535 789 436 358 983 197 708 46 396 323 198 679 685 142 87 475 499 253 455 570 325 40 492 857 834 254 973 723 634 214 880 832 147 954 777 794 686 170 48 275 916 351 903 992 742 695 340 566 976 524 969 170 744 86 239 505 
943 80 612 980 165 547 202 459 485 818 65 990 953 403 513 828 631 161 289 625 688 608 741 44 554 337 141 357 492 548 249 612 419 764 300 367 548 720 240 797 268 511 765 187 355 252 941 619 552 970 913 572 500 629 448 162 431 553 765 57 416 665 542 400 290 475 671 7 42 441 812 279 463 977 972 298 523 450 557 794 356 88 892 125 365 456 607 513 680 290 297 966 345 466 751 903 916 750 943 7 
900 899 684 550 702 903 57 190 812 416 311 416 227 622 953 711 589 84 408 67 937 879 455 491 569 251 644 480 373 124 652 155 354 381 743 55 263 347 586 895 50 206 967 332 364 11 368 941 553 948 484 486 669 191 467 463 322 631 972 461 988 421 175 627 164 770 569 523 761 985 488 860 824 635 615 413 376 247 988 331 51 188 193 520 401 382 632 407 748 648 118 326 899 58 835 180 625 659 782 432 
897 376 183 696 886 248 663 81 27 805 619 517 611 721 346 307 970 12 230 144 619 766 865 639 169 955 654 111 386 628 212 672 630 898 435 450 502 911 707 450 322 593 564 279 276 615 174 545 27 957 622 423 413 974 288 615 506 78 468 982 23 333 338 150 337 305 801 800 322 239 159 508 620 319 131 979 786 923 160 814 37 74 351 767 237 491 387 55 479 986 490 132 428 830 286 65 560 419 88 434 
89 507 476 663 565 889 440 573 771 923 383 377 799 527 885 771 44 104 156 268 645 279 544 611 53 988 420 293 757 65 641 9 715 552 356 916 810 705 809 41 282 141 205 390 582 554 84 397 204 799 85 455 716 271 266 988 838 177 740 523 299 317 614 802 126 621 865 593 853 892 940 284 368 600 246 230 357 954 160 351 122 902 542 470 361 685 585 483 717 814 949 392 440 283 728 480 159 402 341 529 
894 125 248 66 957 812 122 20 990 223 48 742 234 689 456 253 792 3 447 24 146 691 564 950 994 307 664 567 681 854 616 586 688 538 716 46 542 344 779 556 901 583 41 330 844 280 743 341 274 120 660 127 43 598 517 877 808 957 548 474 244 984 333 148 285 154 203 2 912 634 727 377 930 203 750 182 838 922 525 578 602 901 979 996 746 986 582 230 96 150 687 777 705 341 421 244 712 174 127 833 
511 37 968 26 566 172 949 842 117 64 33 551 334 909 850 265 524 301 509 281 503 45 661 805 585 932 144 903 86 260 783 810 824 910 227 423 326 774 25 806 938 384 671 561 120 25 78 384 157 201 995 453 68 663 715 98 509 23 251 615 674 151 866 164 42 956 735 170 189 568 570 225 985 261 387 837 921 555 180 220 88 563 880 884 69 180 268 88 255 506 270 432 59 543 963 987 258 641 861 187 
319 149 661 859 301 997 901 400 423 504 14 32 906 690 813 626 651 732 770 989 607 2 863 943 16 500 53 549 381 880 501 674 915 537 806 182 963 6 379 781 562 548 595 663 373 817 970 907 156 541 637 430 122 486 330 404 503 903 18 172 450 353 646 296 890 832 659 384 338 51 592 612 563 473 173 262 873 938 538 856 971 143 939 19 532 837 745 199 58 41 682 303 503 660 996 635 934 93 952 245 
772 881 302 264 145 646 819 52 175 832 784 580 328 885 965 952 663 106 405 226 262 154 12 222 635 701 972 138 535 345 264 255 313 458 204 330 217 48 59 394 439 447 887 390 979 384 221 494 35 41 838 318 532 277 868 693 559 815 43 470 343 164 406 441 581 391 74 372 205 464 465 710 636 69 122 236 203 305 403 653 168 771 93 645 476 729 95 128 928 801 568 108 668 370 859 27 784 610 307 408 
374 572 736 935 308 515 307 777 138 638 767 630 64 257 939 505 824 324 410 323 904 369 93 803 716 544 999 931 580 746 511 508 271 828 388 290 29 494 296 770 792 891 749 344 725 479 424 137 544 726 969 105 867 434 382 564 232 510 288 265 860 298 200 245 5 806 250 859 253 757 964 83 436 512 981 291 385 223 306 162 171 435 178 620 160 404 769 435 734 982 253 732 589 149 749 228 39 485 326 486 
153 292 1000 478 328 740 204 545 671 402 166 871 645 465 387 215 120 752 542 210 571 553 711 918 373 570 595 555 897 929 757 749 56 65 209 176 729 516 911 530 62 60 481 394 41 712 921 158 72 683 651 878 726 115 479 624 898 118 808 463 65 286 269 565 570 255 664 772 393 124 114 627 826 760 882 566 540 249 419 246 605 562 114 770 482 290 332 47 386 579 907 543 376 218 271 179 713 993 843 450 
821 19 682 229 411 581 324 579 302 351 167 539 205 285 373 322 191 135 412 549 776 733 812 435 820 873 52 223 891 670 192 107 879 204 398 594 171 589 519 737 333 413 848 224 545 73 106 43 324 397 619 94 971 949 640 557 34 661 905 945 787 906 475 753 578 292 931 193 103 680 316 871 602 14 152 139 323 600 165 901 156 714 965 435 245 611 903 765 548 645 53 680 419 765 574 913 310 468 355 280 
417 578 854 178 215 276 229 375 142 753 406 481 368 117 105 771 798 900 701 809 450 511 859 50 654 396 882 915 718 722 593 869 504 207 948 359 589 22 489 832 498 454 767 771 114 865 888 934 540 947 513 71 206 540 501 995 145 51 163 376 731 782 839 868 198 784 62 654 809 377 948 243 99 187 333 785 642 357 468 789 357 725 401 849 281 21 452 432 665 676 401 535 911 362 134 120 989 408 955 448 
805 410 973 463 271 121 927 219 15 110 415 614 325 269 312 700 364 892 310 713 341 816 726 781 253 517 447 532 825 847 982 550 83 253 201 547 353 599 336 848 574 640 321 480 423 570 13 728 878 12 39 328 567 727 633 692 887 772 176 45 670 934 5 509 284 184 961 696 194 232 177 578 973 510 661 314 114 27 482 958 326 906 742 503 360 781 182 226 552 315 804 349 943 358 886 929 215 317 760 823 
520 409 484 924 397 979 305 640 698 171 521 335 497 760 756 841 150 353 884 161 689 443 220 599 461 398 69 1 577 909 702 199 900 157 385 532 278 734 704 44 802 210 620 540 571 144 882 992 767 70 491 185 4 438 301 877 377 400 389 818 652 703 608 556 764 744 829 272 459 670 846 837 181 920 979 536 736 796 787 873 727 387 804 721 584 403 122 607 404 832 864 60 690 159 465 843 484 608 316 862 
302 57 818 517 402 213 126 111 748 383 883 467 124 653 366 413 980 602 737 181 75 979 325 659 961 897 26 905 527 615 103 288 983 31 670 147 416 921 30 264 581 101 213 354 887 42 796 673 845 102 884 56 42 876 570 271 110 152 441 319 815 97 124 982 972 557 129 418 421 151 690 657 693 764 60 672 614 555 895 699 792 869 854 112 694 54 704 916 9 522 204 606 650 448 564 191 94 746 994 37 
365 784 616 892 674 721 209 637 534 137 204 165 852 603 656 370 984 456 942 618 725 490 311 26 44 104 744 743 292 521 770 624 524 380 247 21 127 597 27 510 353 596 922 138 694 830 927 187 81 163 396 934 253 302 193 737 663 340 435 162 731 644 589 529 246 46 178 501 940 861 346 413 891 32 85 8 476 580 474 97 172 568 790 933 110 513 780 441 197 623 783 431 129 800 301 115 734 240 172 715 
654 649 343 937 280 9 173 876 489 235 107 579 600 95 160 242 234 981 127 900 391 438 392 408 634 573 301 940 829 751 829 182 435 398 563 420 447 915 497 776 932 604 926 359 312 434 607 202 175 196 793 897 804 959 522 222 480 850 887 677 428 356 542 138 105 974 522 16 589 846 579 17 36 224 636 765 716 546 372 268 126 193 519 324 636 392 739 419 833 614 966 737 757 100 582 701 175 399 633 883 
955 891 965 770 268 353 728 34 714 128 777 441 285 361 796 829 817 133 867 468 605 856 293 591 743 0 170 314 197 543 688 307 726 863 147 814 646 850 46 799 504 821 454 351 843 398 562 547 245 289 183 361 725 618 526 281 176 474 368 865 391 964 615 584 25 82 447 30 450 995 268 445 230 382 382 756 709 314 531 955 784 947 519 42 564 498 129 878 700 611 287 432 241 500 43 401 546 673 32 353 
786 898 807 981 97 944 265 968 533 524 124 265 257 11 395 478 453 750 12 316 734 932 204 19 122 703 465 40 621 715 506 678 184 492 607 621 993 474 99 231 731 462 249 870 486 841 607 528 943 691 611 163 680 267 751 79 999 597 25 22 132 167 572 532 6 244 19 694 600 951 138 332 248 114 252 688 866 468 604 934 833 969 676 287 270 980 115 868 762 121 879 279 583 242 143 526 614 278 664 690 
427 584 720 801 224 164 239 435 257 624 246 89 614 896 947 38 301 704 478 694 464 206 390 176 194 556 934 893 486 134 926 204 556 416 323 750 723 699 953 686 642 612 526 965 992 218 143 886 49 293 815 981 1000 148 547 972 40 128 284 621 855 395 577 689 210 726 18 744 432 640 627 95 440 676 268 965 839 147 728 414 777 151 957 275 923 619 164 694 596 51 776 86 61 653 505 372 376 454 332 335 
338 558 983 411 758 793 941 328 632 461 20 117 153 148 126 307 34 576 904 539 292 984 658 532 886 424 429 28 811 844 278 13 272 531 646 968 197 139 577 746 238 707 101 227 272 482 703 908 274 882 71 858 249 229 553 877 665 405 461 163 29 179 813 387 716 394 333 325 386 816 297 786 318 351 106 235 72 534 193 479 189 632 75 351 479 895 581 875 98 103 224 501 921 797 256 592 116 20 216 362 
698 209 504 149 637 671 835 805 973 667 220 143 847 666 938 668 684 827 10 905 103 291 459 975 636 971 223 392 417 713 14 21 641 684 699 443 747 917 419 85 546 861 945 740 213 887 272 279 554 241 483 63 186 372 868 198 40 1000 598 784 158 504 663 211 629 128 752 995 733 586 465 713 611 337 4 481 297 824 229 992 92 244 879 799 8 66 275 450 903 610 270 888 324 350 213 279 984 775 653 437 
